SourceFile,Timestamp,userTime (Ticks),systemTime (Ticks)
/proc/stat,1748992876345,2625137,309966
/proc/24937/stat,1748992876352,3191,166
/proc/stat,1748992877071,2625284,309978
/proc/24937/stat,1748992877076,3330,173
/proc/stat,1748992878069,2625490,309982
/proc/24937/stat,1748992878074,3533,173
/proc/stat,1748992879064,2625676,310007
/proc/24937/stat,1748992879070,3717,192
/proc/stat,1748992880064,2625874,310010
/proc/24937/stat,1748992880069,3908,193
/proc/stat,1748992881064,2625989,310015
/proc/24937/stat,1748992881069,4019,194
/proc/stat,1748992882089,2626108,310020
/proc/24937/stat,1748992882093,4133,194
/proc/stat,1748992883067,2626190,310044
/proc/24937/stat,1748992883072,4212,214
/proc/stat,1748992884063,2626305,310048
/proc/24937/stat,1748992884068,4324,214
/proc/stat,1748992885066,2626409,310051
/proc/24937/stat,1748992885071,4425,214
/proc/stat,1748992886065,2626576,310057
/proc/24937/stat,1748992886068,4589,214
/proc/stat,1748992887067,2626704,310061
/proc/24937/stat,1748992887072,4714,214
/proc/stat,1748992888065,2626807,310065
/proc/24937/stat,1748992888070,4814,214
/proc/stat,1748992889066,2626934,310068
/proc/24937/stat,1748992889070,4934,215
/proc/stat,1748992890063,2627057,310074
/proc/24937/stat,1748992890067,5050,219
/proc/stat,1748992891062,2627149,310097
/proc/24937/stat,1748992891066,5132,237
/proc/stat,1748992892065,2627252,310100
/proc/24937/stat,1748992892069,5233,237
/proc/stat,1748992893064,2627373,310104
/proc/24937/stat,1748992893067,5346,237
/proc/stat,1748992894063,2627493,310107
/proc/24937/stat,1748992894067,5460,238
/proc/stat,1748992895066,2627601,310112
/proc/24937/stat,1748992895070,5560,238
/proc/stat,1748992896077,2627722,310116
/proc/24937/stat,1748992896080,5675,238
/proc/stat,1748992897066,2627835,310120
/proc/24937/stat,1748992897069,5774,238
/proc/stat,1748992898065,2627954,310125
/proc/24937/stat,1748992898068,5892,238
/proc/stat,1748992899067,2628223,310131
/proc/24937/stat,1748992899070,6160,241
/proc/stat,1748992900063,2628451,310135
/proc/24937/stat,1748992900066,6381,243
/proc/stat,1748992901068,2628736,310169
/proc/24937/stat,1748992901071,6657,273
/proc/stat,1748992902068,2629132,310175
/proc/24937/stat,1748992902071,7049,273
/proc/stat,1748992903065,2629412,310179
/proc/24937/stat,1748992903068,7328,275
/proc/stat,1748992904065,2629612,310189
/proc/24937/stat,1748992904069,7526,280
/proc/stat,1748992905080,2629812,310203
/proc/24937/stat,1748992905083,7725,289
/proc/stat,1748992906069,2630020,310210
/proc/24937/stat,1748992906072,7928,290
/proc/stat,1748992907070,2630212,310230
/proc/24937/stat,1748992907073,8115,307
/proc/stat,1748992908072,2630433,310236
/proc/24937/stat,1748992908076,8322,307
/proc/stat,1748992909062,2630582,310243
/proc/24937/stat,1748992909065,8460,311
/proc/stat,1748992910063,2630689,310256
/proc/24937/stat,1748992910065,8566,321
/proc/stat,1748992911062,2630805,310259
/proc/24937/stat,1748992911064,8676,321
/proc/stat,1748992912065,2630908,310263
/proc/24937/stat,1748992912068,8777,321
/proc/stat,1748992913066,2631030,310266
/proc/24937/stat,1748992913069,8890,321
/proc/stat,1748992914064,2631144,310275
/proc/24937/stat,1748992914067,8999,325
/proc/stat,1748992915088,2631250,310292
/proc/24937/stat,1748992915090,9103,336
/proc/stat,1748992916063,2631351,310294
/proc/24937/stat,1748992916065,9200,336
/proc/stat,1748992917064,2631480,310297
/proc/24937/stat,1748992917066,9324,336
/proc/stat,1748992918065,2631586,310300
/proc/24937/stat,1748992918067,9425,336
/proc/stat,1748992919063,2631710,310304
/proc/24937/stat,1748992919066,9544,336
/proc/stat,1748992920063,2631818,310313
/proc/24937/stat,1748992920065,9649,342
/proc/stat,1748992921063,2631916,310324
/proc/24937/stat,1748992921066,9743,349
/proc/stat,1748992922063,2632032,310330
/proc/24937/stat,1748992922066,9856,349
/proc/stat,1748992923064,2632136,310336
/proc/24937/stat,1748992923066,9956,349
/proc/stat,1748992924064,2632257,310342
/proc/24937/stat,1748992924066,10071,349
/proc/stat,1748992925063,2632362,310353
/proc/24937/stat,1748992925067,10171,349
/proc/stat,1748992926064,2632482,310362
/proc/24937/stat,1748992926067,10284,350
/proc/stat,1748992927097,2632606,310368
/proc/24937/stat,1748992927099,10402,350
/proc/stat,1748992928064,2632706,310374
/proc/24937/stat,1748992928067,10499,350
/proc/stat,1748992929062,2632813,310378
/proc/24937/stat,1748992929064,10603,351
/proc/stat,1748992930065,2632916,310384
/proc/24937/stat,1748992930067,10704,352
/proc/stat,1748992931063,2633095,310409
/proc/24937/stat,1748992931066,10883,373
/proc/stat,1748992932065,2633294,310418
/proc/24937/stat,1748992932067,11081,377
/proc/stat,1748992933064,2633491,310429
/proc/24937/stat,1748992933066,11278,385
/proc/stat,1748992934065,2633702,310434
/proc/24937/stat,1748992934068,11483,385
/proc/stat,1748992935069,2633899,310447
/proc/24937/stat,1748992935071,11679,393
/proc/stat,1748992936083,2634114,310450
/proc/24937/stat,1748992936085,11889,393
/proc/stat,1748992937068,2634298,310470
/proc/24937/stat,1748992937071,12072,409
/proc/stat,1748992938063,2634487,310474
/proc/24937/stat,1748992938066,12258,409
/proc/stat,1748992939064,2634608,310478
/proc/24937/stat,1748992939067,12374,409
/proc/stat,1748992940064,2634713,310492
/proc/24937/stat,1748992940067,12475,419
/proc/stat,1748992941063,2634820,310502
/proc/24937/stat,1748992941065,12578,426
/proc/stat,1748992942064,2634922,310508
/proc/24937/stat,1748992942066,12679,426
/proc/stat,1748992943062,2635037,310511
/proc/24937/stat,1748992943065,12790,426
/proc/stat,1748992944064,2635154,310514
/proc/24937/stat,1748992944066,12903,426
/proc/stat,1748992945063,2635277,310519
/proc/24937/stat,1748992945065,13025,428
/proc/stat,1748992946064,2635366,310538
/proc/24937/stat,1748992946066,13110,442
/proc/stat,1748992947063,2635486,310542
/proc/24937/stat,1748992947065,13229,442
/proc/stat,1748992948065,2635588,310547
/proc/24937/stat,1748992948067,13329,442
/proc/stat,1748992949063,2635702,310551
/proc/24937/stat,1748992949065,13440,442
/proc/stat,1748992950062,2635818,310554
/proc/24937/stat,1748992950064,13552,443
/proc/stat,1748992951063,2635921,310557
/proc/24937/stat,1748992951065,13652,443
/proc/stat,1748992952062,2636030,310566
/proc/24937/stat,1748992952064,13760,448
/proc/stat,1748992953065,2636128,310575
/proc/24937/stat,1748992953067,13855,454
/proc/stat,1748992954063,2636243,310579
/proc/24937/stat,1748992954065,13968,454
/proc/stat,1748992955064,2636348,310583
/proc/24937/stat,1748992955067,14068,454
/proc/stat,1748992956064,2636467,310585
/proc/24937/stat,1748992956067,14182,454
/proc/stat,1748992957063,2636569,310589
/proc/24937/stat,1748992957065,14282,454
/proc/stat,1748992958066,2636674,310592
/proc/24937/stat,1748992958068,14383,454
/proc/stat,1748992959062,2636847,310596
/proc/24937/stat,1748992959064,14554,456
/proc/stat,1748992960069,2636970,310607
/proc/24937/stat,1748992960072,14674,461
/proc/stat,1748992961070,2637181,310630
/proc/24937/stat,1748992961073,14870,479
/proc/stat,1748992962063,2637380,310638
/proc/24937/stat,1748992962066,15069,483
/proc/stat,1748992963065,2637578,310652
/proc/24937/stat,1748992963068,15262,493
/proc/stat,1748992964064,2637777,310666
/proc/24937/stat,1748992964067,15458,504
/proc/stat,1748992965064,2637978,310674
/proc/24937/stat,1748992965066,15658,509
/proc/stat,1748992966065,2638183,310680
/proc/24937/stat,1748992966067,15863,510
/proc/stat,1748992967064,2638374,310698
/proc/24937/stat,1748992967066,16052,524
/proc/stat,1748992968061,2638540,310701
/proc/24937/stat,1748992968064,16217,524
/proc/stat,1748992969062,2638659,310704
/proc/24937/stat,1748992969065,16332,524
/proc/stat,1748992970062,2638768,310720
/proc/24937/stat,1748992970065,16433,535
/proc/stat,1748992971065,2638866,310729
/proc/24937/stat,1748992971067,16529,540
/proc/stat,1748992972063,2638981,310733
/proc/24937/stat,1748992972065,16641,540
/proc/stat,1748992973062,2639095,310736
/proc/24937/stat,1748992973064,16752,540
/proc/stat,1748992974061,2639208,310740
/proc/24937/stat,1748992974063,16864,541
/proc/stat,1748992975062,2639310,310743
/proc/24937/stat,1748992975064,16964,541
/proc/stat,1748992976062,2639422,310762
/proc/24937/stat,1748992976064,17072,557
/proc/stat,1748992977062,2639523,310766
/proc/24937/stat,1748992977064,17172,557
/proc/stat,1748992978062,2639646,310770
/proc/24937/stat,1748992978064,17291,557
/proc/stat,1748992979062,2639770,310774
/proc/24937/stat,1748992979064,17410,557
/proc/stat,1748992980062,2639875,310776
/proc/24937/stat,1748992980064,17510,557
/proc/stat,1748992981061,2639988,310780
/proc/24937/stat,1748992981063,17623,557
/proc/stat,1748992982068,2640098,310785
/proc/24937/stat,1748992982071,17732,557
/proc/stat,1748992983062,2640193,310808
/proc/24937/stat,1748992983064,17818,577
/proc/stat,1748992984062,2640294,310812
/proc/24937/stat,1748992984064,17918,577
/proc/stat,1748992985062,2640409,310816
/proc/24937/stat,1748992985064,18032,577
/proc/stat,1748992986063,2640512,310819
/proc/24937/stat,1748992986066,18133,577
/proc/stat,1748992987062,2640630,310823
/proc/24937/stat,1748992987064,18246,577
/proc/stat,1748992988063,2640733,310827
/proc/24937/stat,1748992988066,18346,578
/proc/stat,1748992989062,2640843,310829
/proc/24937/stat,1748992989065,18453,579
/proc/stat,1748992990073,2641003,310853
/proc/24937/stat,1748992990075,18613,599
/proc/stat,1748992991064,2641204,310858
/proc/24937/stat,1748992991067,18811,600
/proc/stat,1748992992063,2641407,310865
/proc/24937/stat,1748992992065,19011,603
/proc/stat,1748992993063,2641610,310871
/proc/24937/stat,1748992993066,19213,605
/proc/stat,1748992994063,2641805,310885
/proc/24937/stat,1748992994066,19406,616
/proc/stat,1748992995063,2642013,310889
/proc/24937/stat,1748992995066,19614,617
/proc/stat,1748992996063,2642206,310905
/proc/24937/stat,1748992996066,19805,628
/proc/stat,1748992997064,2642413,310912
/proc/24937/stat,1748992997067,20010,629
/proc/stat,1748992998063,2642541,310924
/proc/24937/stat,1748992998066,20136,638
/proc/stat,1748992999063,2642655,310931
/proc/24937/stat,1748992999065,20244,640
/proc/stat,1748993000065,2642769,310935
/proc/24937/stat,1748993000067,20356,641
/proc/stat,1748993001066,2642873,310939
/proc/24937/stat,1748993001069,20456,641
/proc/stat,1748993002065,2642988,310943
/proc/24937/stat,1748993002068,20568,641
/proc/stat,1748993003065,2643090,310960
/proc/24937/stat,1748993003067,20666,656
/proc/stat,1748993004065,2643192,310969
/proc/24937/stat,1748993004067,20762,660
/proc/stat,1748993005063,2643318,310973
/proc/24937/stat,1748993005065,20885,660
/proc/stat,1748993006061,2643439,310976
/proc/24937/stat,1748993006063,21003,660
/proc/stat,1748993007065,2643542,310978
/proc/24937/stat,1748993007067,21104,660
/proc/stat,1748993008063,2643657,310982
/proc/24937/stat,1748993008065,21215,661
/proc/stat,1748993009061,2643769,310987
/proc/24937/stat,1748993009064,21324,663
/proc/stat,1748993010063,2643856,311006
/proc/24937/stat,1748993010066,21410,678
/proc/stat,1748993011061,2643958,311008
/proc/24937/stat,1748993011063,21510,678
/proc/stat,1748993012062,2644074,311011
/proc/24937/stat,1748993012064,21623,678
/proc/stat,1748993013063,2644188,311014
/proc/24937/stat,1748993013065,21736,678
/proc/stat,1748993014065,2644291,311018
/proc/24937/stat,1748993014067,21836,678
/proc/stat,1748993015062,2644408,311020
/proc/24937/stat,1748993015064,21950,679
/proc/stat,1748993016064,2644510,311024
/proc/24937/stat,1748993016066,22051,679
/proc/stat,1748993017063,2644631,311026
/proc/24937/stat,1748993017066,22166,679
/proc/stat,1748993018061,2644731,311030
/proc/24937/stat,1748993018063,22265,679
/proc/stat,1748993019062,2644835,311033
/proc/24937/stat,1748993019064,22365,679
/proc/stat,1748993020062,2645005,311055
/proc/24937/stat,1748993020064,22539,699
/proc/stat,1748993021062,2645205,311058
/proc/24937/stat,1748993021064,22740,700
/proc/stat,1748993022063,2645404,311067
/proc/24937/stat,1748993022102,22946,706
/proc/stat,1748993023066,2645620,311076
/proc/24937/stat,1748993023069,23145,707
/proc/stat,1748993024063,2645816,311092
/proc/24937/stat,1748993024065,23333,721
/proc/stat,1748993025063,2646022,311095
/proc/24937/stat,1748993025065,23536,722
/proc/stat,1748993026063,2646215,311112
/proc/24937/stat,1748993026065,23728,736
/proc/stat,1748993027062,2646405,311116
/proc/24937/stat,1748993027064,23916,737
/proc/stat,1748993028063,2646521,311120
/proc/24937/stat,1748993028065,24031,737
/proc/stat,1748993029061,2646628,311129
/proc/24937/stat,1748993029063,24136,744
/proc/stat,1748993030061,2646730,311141
/proc/24937/stat,1748993030063,24237,753
/proc/stat,1748993031061,2646832,311144
/proc/24937/stat,1748993031063,24337,754
/proc/stat,1748993032061,2646942,311148
/proc/24937/stat,1748993032063,24448,755
/proc/stat,1748993033061,2647058,311152
/proc/24937/stat,1748993033063,24559,755
/proc/stat,1748993034065,2647183,311156
/proc/24937/stat,1748993034066,24682,756
/proc/stat,1748993035061,2647272,311172
/proc/24937/stat,1748993035063,24770,767
/proc/stat,1748993036061,2647391,311176
/proc/24937/stat,1748993036063,24888,768
/proc/stat,1748993037061,2647494,311180
/proc/24937/stat,1748993037063,24987,769
/proc/stat,1748993038062,2647614,311184
/proc/24937/stat,1748993038064,25105,769
/proc/stat,1748993039065,2647728,311188
/proc/24937/stat,1748993039067,25217,770
/proc/stat,1748993040061,2647830,311191
/proc/24937/stat,1748993040063,25316,771
/proc/stat,1748993041062,2647937,311202
/proc/24937/stat,1748993041064,25421,780
/proc/stat,1748993042062,2648028,311216
/proc/24937/stat,1748993042063,25509,792
/proc/stat,1748993043062,2648144,311221
/proc/24937/stat,1748993043064,25622,792
/proc/stat,1748993044061,2648246,311225
/proc/24937/stat,1748993044063,25722,792
/proc/stat,1748993045063,2648361,311230
/proc/24937/stat,1748993045064,25835,793
/proc/stat,1748993046064,2648465,311234
/proc/24937/stat,1748993046066,25935,793
/proc/stat,1748993047063,2648582,311240
/proc/24937/stat,1748993047065,26050,793
/proc/stat,1748993048061,2648690,311246
/proc/24937/stat,1748993048063,26150,793
/proc/stat,1748993049061,2648795,311255
/proc/24937/stat,1748993049063,26251,793
/proc/stat,1748993050062,2648965,311286
/proc/24937/stat,1748993050065,26418,814
/proc/stat,1748993051064,2649168,311300
/proc/24937/stat,1748993051066,26618,816
/proc/stat,1748993052065,2649369,311318
/proc/24937/stat,1748993052067,26816,822
/proc/stat,1748993053062,2649572,311322
/proc/24937/stat,1748993053064,27018,824
/proc/stat,1748993054063,2649763,311340
/proc/24937/stat,1748993054065,27204,840
/proc/stat,1748993055064,2649971,311344
/proc/24937/stat,1748993055066,27411,840
/proc/stat,1748993056063,2650157,311366
/proc/24937/stat,1748993056066,27597,860
/proc/stat,1748993057063,2650357,311370
/proc/24937/stat,1748993057065,27793,860
/proc/stat,1748993058062,2650475,311373
/proc/24937/stat,1748993058064,27908,860
/proc/stat,1748993059062,2650571,311392
/proc/24937/stat,1748993059064,28003,876
/proc/stat,1748993060061,2650684,311396
/proc/24937/stat,1748993060063,28114,877
/proc/stat,1748993061061,2650786,311397
/proc/24937/stat,1748993061063,28215,877
/proc/stat,1748993062061,2650897,311401
/proc/24937/stat,1748993062063,28325,877
/proc/stat,1748993063061,2651011,311404
/proc/24937/stat,1748993063063,28437,877
/proc/stat,1748993064061,2651133,311409
/proc/24937/stat,1748993064063,28558,880
/proc/stat,1748993065061,2651226,311421
/proc/24937/stat,1748993065063,28649,888
/proc/stat,1748993066061,2651346,311424
/proc/24937/stat,1748993066063,28767,888
/proc/stat,1748993067065,2651451,311428
/proc/24937/stat,1748993067068,28868,888
/proc/stat,1748993068062,2651574,311431
/proc/24937/stat,1748993068065,28986,888
/proc/stat,1748993069061,2651689,311434
/proc/24937/stat,1748993069063,29098,888
/proc/stat,1748993070061,2651791,311436
/proc/24937/stat,1748993070063,29198,888
/proc/stat,1748993071062,2651897,311449
/proc/24937/stat,1748993071064,29302,898
/proc/stat,1748993072061,2651993,311460
/proc/24937/stat,1748993072063,29395,905
/proc/stat,1748993073061,2652108,311463
/proc/24937/stat,1748993073064,29508,906
/proc/stat,1748993074061,2652210,311467
/proc/24937/stat,1748993074063,29608,906
/proc/stat,1748993075061,2652326,311471
/proc/24937/stat,1748993075063,29723,906
/proc/stat,1748993076061,2652428,311473
/proc/24937/stat,1748993076063,29823,906
/proc/stat,1748993077061,2652548,311476
/proc/24937/stat,1748993077063,29938,906
/proc/stat,1748993078061,2652650,311480
/proc/24937/stat,1748993078063,30038,906
/proc/stat,1748993079068,2652759,311487
/proc/24937/stat,1748993079070,30145,910
/proc/stat,1748993080062,2652952,311506
/proc/24937/stat,1748993080064,30341,925
/proc/stat,1748993081062,2653155,311511
/proc/24937/stat,1748993081065,30543,927
/proc/stat,1748993082062,2653351,311524
/proc/24937/stat,1748993082065,30738,937
/proc/stat,1748993083063,2653562,311526
/proc/24937/stat,1748993083065,30945,937
/proc/stat,1748993084062,2653753,311543
/proc/24937/stat,1748993084064,31135,951
/proc/stat,1748993085062,2653960,311547
/proc/24937/stat,1748993085064,31341,951
/proc/stat,1748993086062,2654151,311563
/proc/24937/stat,1748993086064,31531,964
/proc/stat,1748993087062,2654332,311566
/proc/24937/stat,1748993087064,31711,964
/proc/stat,1748993088063,2654447,311569
/proc/24937/stat,1748993088065,31823,964
/proc/stat,1748993089061,2654535,311586
/proc/24937/stat,1748993089063,31910,977
/proc/stat,1748993090061,2654644,311594
/proc/24937/stat,1748993090063,32015,983
/proc/stat,1748993091061,2654756,311597
/proc/24937/stat,1748993091063,32127,983
/proc/stat,1748993092063,2654858,311600
/proc/24937/stat,1748993092065,32227,983
/proc/stat,1748993093063,2654972,311604
/proc/24937/stat,1748993093065,32339,983
/proc/stat,1748993094062,2655093,311612
/proc/24937/stat,1748993094064,32457,988
/proc/stat,1748993095061,2655186,311625
/proc/24937/stat,1748993095063,32549,996
/proc/stat,1748993096061,2655307,311627
/proc/24937/stat,1748993096063,32668,997
/proc/stat,1748993097061,2655408,311630
/proc/24937/stat,1748993097063,32768,997
/proc/stat,1748993098062,2655523,311635
/proc/24937/stat,1748993098064,32880,997
/proc/stat,1748993099061,2655638,311637
/proc/24937/stat,1748993099064,32992,997
/proc/stat,1748993100061,2655740,311641
/proc/24937/stat,1748993100062,33092,997
/proc/stat,1748993101062,2655842,311658
/proc/24937/stat,1748993101064,33192,1010
/proc/stat,1748993102061,2655942,311662
/proc/24937/stat,1748993102063,33291,1012
/proc/stat,1748993103061,2656058,311665
/proc/24937/stat,1748993103063,33404,1012
/proc/stat,1748993104062,2656163,311668
/proc/24937/stat,1748993104064,33504,1012
/proc/stat,1748993105061,2656277,311672
/proc/24937/stat,1748993105063,33618,1013
/proc/stat,1748993106061,2656378,311674
/proc/24937/stat,1748993106063,33718,1013
/proc/stat,1748993107062,2656499,311677
/proc/24937/stat,1748993107063,33835,1013
/proc/stat,1748993108061,2656601,311680
/proc/24937/stat,1748993108063,33934,1014
/proc/stat,1748993109064,2656733,311703
/proc/24937/stat,1748993109066,34066,1033
/proc/stat,1748993110063,2656932,311711
/proc/24937/stat,1748993110066,34265,1037
/proc/stat,1748993111063,2657133,311718
/proc/24937/stat,1748993111065,34463,1042
/proc/stat,1748993112063,2657331,311731
/proc/24937/stat,1748993112065,34660,1052
/proc/stat,1748993113063,2657536,311735
/proc/24937/stat,1748993113065,34865,1053
/proc/stat,1748993114065,2657738,311746
/proc/24937/stat,1748993114068,35063,1059
/proc/stat,1748993115062,2657943,311752
/proc/24937/stat,1748993115064,35266,1062
/proc/stat,1748993116062,2658138,311764
/proc/24937/stat,1748993116064,35461,1071
/proc/stat,1748993117061,2658295,311768
/proc/24937/stat,1748993117063,35615,1071
/proc/stat,1748993118061,2658407,311772
/proc/24937/stat,1748993118063,35726,1072
/proc/stat,1748993119062,2658515,311782
/proc/24937/stat,1748993119064,35831,1078
/proc/stat,1748993120061,2658606,311797
/proc/24937/stat,1748993120063,35920,1089
/proc/stat,1748993121062,2658722,311798
/proc/24937/stat,1748993121063,36033,1089
/proc/stat,1748993122062,2658836,311802
/proc/24937/stat,1748993122064,36146,1089
/proc/stat,1748993123064,2658938,311807
/proc/24937/stat,1748993123066,36247,1089
/proc/stat,1748993124061,2659064,311811
/proc/24937/stat,1748993124063,36370,1090
/proc/stat,1748993125065,2659186,311817
/proc/24937/stat,1748993125067,36487,1094
/proc/stat,1748993126062,2659282,311829
/proc/24937/stat,1748993126064,36578,1102
/proc/stat,1748993127064,2659398,311833
/proc/24937/stat,1748993127067,36690,1102
/proc/stat,1748993128062,2659501,311836
/proc/24937/stat,1748993128065,36790,1102
/proc/stat,1748993129064,2659616,311840
/proc/24937/stat,1748993129067,36902,1102
/proc/stat,1748993130066,2659724,311843
/proc/24937/stat,1748993130068,37002,1102
/proc/stat,1748993131067,2659843,311847
/proc/24937/stat,1748993131069,37116,1102
/proc/stat,1748993132065,2659959,311852
/proc/24937/stat,1748993132067,37229,1103
/proc/stat,1748993133061,2660060,311855
/proc/24937/stat,1748993133063,37328,1103
/proc/stat,1748993134062,2660177,311858
/proc/24937/stat,1748993134064,37443,1103
/proc/stat,1748993135061,2660279,311861
/proc/24937/stat,1748993135063,37543,1103
/proc/stat,1748993136062,2660398,311864
/proc/24937/stat,1748993136063,37658,1103
/proc/stat,1748993137061,2660500,311868
/proc/24937/stat,1748993137063,37758,1103
/proc/stat,1748993138061,2660604,311870
/proc/24937/stat,1748993138063,37858,1103
/proc/stat,1748993139063,2660774,311896
/proc/24937/stat,1748993139065,38025,1126
/proc/stat,1748993140063,2660964,311910
/proc/24937/stat,1748993140065,38216,1138
/proc/stat,1748993141064,2661160,311922
/proc/24937/stat,1748993141066,38412,1145
/proc/stat,1748993142062,2661365,311927
/proc/24937/stat,1748993142064,38614,1146
/proc/stat,1748993143066,2661562,311940
/proc/24937/stat,1748993143069,38808,1157
/proc/stat,1748993144062,2661768,311943
/proc/24937/stat,1748993144065,39013,1157
/proc/stat,1748993145063,2661957,311963
/proc/24937/stat,1748993145065,39202,1174
/proc/stat,1748993146064,2662164,311967
/proc/24937/stat,1748993146066,39410,1175
/proc/stat,1748993147061,2662278,311971
/proc/24937/stat,1748993147063,39521,1177
/proc/stat,1748993148061,2662366,311988
/proc/24937/stat,1748993148063,39607,1191
/proc/stat,1748993149061,2662480,311992
/proc/24937/stat,1748993149063,39718,1191
/proc/stat,1748993150061,2662596,311993
/proc/24937/stat,1748993150064,39831,1191
/proc/stat,1748993151061,2662712,311995
/proc/24937/stat,1748993151063,39943,1192
/proc/stat,1748993152061,2662814,311997
/proc/24937/stat,1748993152063,40044,1192
/proc/stat,1748993153061,2662914,312015
/proc/24937/stat,1748993153063,40142,1206
/proc/stat,1748993154066,2663024,312017
/proc/24937/stat,1748993154068,40251,1207
/proc/stat,1748993155061,2663142,312022
/proc/24937/stat,1748993155063,40366,1208
/proc/stat,1748993156060,2663262,312026
/proc/24937/stat,1748993156062,40485,1208
/proc/stat,1748993157063,2663369,312030
/proc/24937/stat,1748993157065,40590,1208
/proc/stat,1748993158060,2663481,312034
/proc/24937/stat,1748993158062,40700,1208
/proc/stat,1748993159060,2663586,312048
/proc/24937/stat,1748993159062,40805,1219
/proc/stat,1748993160062,2663681,312060
/proc/24937/stat,1748993160064,40897,1226
/proc/stat,1748993161061,2663800,312062
/proc/24937/stat,1748993161063,41015,1226
/proc/stat,1748993162061,2663902,312066
/proc/24937/stat,1748993162063,41115,1226
/proc/stat,1748993163061,2664022,312070
/proc/24937/stat,1748993163064,41231,1227
/proc/stat,1748993164062,2664123,312074
/proc/24937/stat,1748993164064,41332,1227
/proc/stat,1748993165062,2664244,312077
/proc/24937/stat,1748993165063,41449,1227
/proc/stat,1748993166060,2664344,312081
/proc/24937/stat,1748993166062,41549,1227
/proc/stat,1748993167060,2664449,312084
/proc/24937/stat,1748993167062,41650,1227
/proc/stat,1748993168063,2664568,312094
/proc/24937/stat,1748993168065,41766,1234
/proc/stat,1748993169062,2664759,312119
/proc/24937/stat,1748993169064,41957,1255
/proc/stat,1748993170062,2664959,312126
/proc/24937/stat,1748993170064,42155,1261
/proc/stat,1748993171064,2665156,312138
/proc/24937/stat,1748993171066,42352,1269
/proc/stat,1748993172062,2665353,312148
/proc/24937/stat,1748993172064,42545,1277
/proc/stat,1748993173062,2665562,312152
/proc/24937/stat,1748993173064,42750,1277
/proc/stat,1748993174062,2665758,312166
/proc/24937/stat,1748993174064,42942,1290
/proc/stat,1748993175062,2665963,312171
/proc/24937/stat,1748993175064,43148,1290
/proc/stat,1748993176061,2666132,312175
/proc/24937/stat,1748993176063,43315,1290
/proc/stat,1748993177060,2666240,312189
/proc/24937/stat,1748993177062,43421,1300
/proc/stat,1748993178061,2666350,312196
/proc/24937/stat,1748993178063,43528,1305
/proc/stat,1748993179062,2666454,312199
/proc/24937/stat,1748993179064,43628,1305
/proc/stat,1748993180061,2666567,312203
/proc/24937/stat,1748993180063,43741,1305
/proc/stat,1748993181061,2666681,312207
/proc/24937/stat,1748993181062,43853,1306
/proc/stat,1748993182061,2666788,312220
/proc/24937/stat,1748993182063,43956,1315
/proc/stat,1748993183061,2666883,312230
/proc/24937/stat,1748993183063,44049,1322
/proc/stat,1748993184061,2667010,312234
/proc/24937/stat,1748993184063,44174,1322
/proc/stat,1748993185065,2667123,312237
/proc/24937/stat,1748993185068,44282,1322
/proc/stat,1748993186069,2667238,312240
/proc/24937/stat,1748993186071,44395,1322
/proc/stat,1748993187061,2667352,312243
/proc/24937/stat,1748993187062,44506,1322
/proc/stat,1748993188065,2667463,312247
/proc/24937/stat,1748993188068,44613,1322
/proc/stat,1748993189061,2667552,312267
/proc/24937/stat,1748993189063,44701,1340
/proc/stat,1748993190060,2667655,312270
/proc/24937/stat,1748993190062,44801,1340
/proc/stat,1748993191061,2667772,312274
/proc/24937/stat,1748993191062,44915,1340
/proc/stat,1748993192066,2667885,312277
/proc/24937/stat,1748993192068,45026,1340
/proc/stat,1748993193061,2667988,312281
/proc/24937/stat,1748993193062,45129,1340
/proc/stat,1748993194061,2668105,312284
/proc/24937/stat,1748993194063,45243,1340
/proc/stat,1748993195068,2668212,312288
/proc/24937/stat,1748993195070,45344,1340
/proc/stat,1748993196063,2668316,312293
/proc/24937/stat,1748993196065,45444,1340
/proc/stat,1748993197060,2668418,312295
/proc/24937/stat,1748993197062,45544,1340
/proc/stat,1748993198074,2668617,312308
/proc/24937/stat,1748993198085,45743,1349
/proc/stat,1748993199062,2668816,312324
/proc/24937/stat,1748993199065,45942,1361
/proc/stat,1748993200061,2669013,312334
/proc/24937/stat,1748993200063,46140,1367
/proc/stat,1748993201062,2669217,312342
/proc/24937/stat,1748993201064,46341,1371
/proc/stat,1748993202062,2669414,312352
/proc/24937/stat,1748993202064,46537,1379
/proc/stat,1748993203061,2669617,312359
/proc/24937/stat,1748993203063,46737,1382
/proc/stat,1748993204063,2669812,312375
/proc/24937/stat,1748993204065,46931,1394
/proc/stat,1748993205062,2670058,312383
/proc/24937/stat,1748993205064,47136,1394
/proc/stat,1748993206062,2670215,312388
/proc/24937/stat,1748993206063,47291,1395
/proc/stat,1748993207061,2670322,312406
/proc/24937/stat,1748993207062,47394,1407
/proc/stat,1748993208060,2670433,312416
/proc/24937/stat,1748993208061,47503,1410
/proc/stat,1748993209060,2670537,312426
/proc/24937/stat,1748993209062,47603,1410
/proc/stat,1748993210060,2670656,312435
/proc/24937/stat,1748993210062,47715,1410
/proc/stat,1748993211061,2670778,312442
/proc/24937/stat,1748993211062,47828,1410
/proc/stat,1748993212061,2670889,312462
/proc/24937/stat,1748993212063,47934,1417
/proc/stat,1748993213061,2670992,312474
/proc/24937/stat,1748993213063,48028,1423
/proc/stat,1748993214061,2671124,312483
/proc/24937/stat,1748993214063,48153,1423
/proc/stat,1748993215065,2671236,312492
/proc/24937/stat,1748993215068,48257,1423
/proc/stat,1748993216062,2671359,312503
/proc/24937/stat,1748993216065,48372,1423
/proc/stat,1748993217060,2671474,312516
/proc/24937/stat,1748993217062,48486,1424
/proc/stat,1748993218068,2671598,312527
/proc/24937/stat,1748993218071,48601,1424
/proc/stat,1748993219062,2671683,312554
/proc/24937/stat,1748993219064,48684,1443
/proc/stat,1748993220061,2671798,312557
/proc/24937/stat,1748993220063,48784,1443
/proc/stat,1748993221060,2671917,312562
/proc/24937/stat,1748993221062,48901,1443
/proc/stat,1748993222067,2672033,312566
/proc/24937/stat,1748993222069,49012,1445
/proc/stat,1748993223060,2672138,312569
/proc/24937/stat,1748993223062,49117,1445
/proc/stat,1748993224060,2672255,312573
/proc/24937/stat,1748993224062,49234,1446
/proc/stat,1748993225060,2672356,312577
/proc/24937/stat,1748993225062,49334,1446
/proc/stat,1748993226060,2672458,312580
/proc/24937/stat,1748993226062,49435,1446
/proc/stat,1748993227060,2672561,312583
/proc/24937/stat,1748993227062,49535,1446
/proc/stat,1748993228064,2672765,312597
/proc/24937/stat,1748993228066,49738,1455
/proc/stat,1748993229062,2672936,312619
/proc/24937/stat,1748993229064,49908,1474
/proc/stat,1748993230062,2673136,312626
/proc/24937/stat,1748993230063,50107,1478
/proc/stat,1748993231062,2673336,312638
/proc/24937/stat,1748993231064,50303,1486
/proc/stat,1748993232062,2673530,312653
/proc/24937/stat,1748993232063,50497,1497
/proc/stat,1748993233062,2673737,312657
/proc/24937/stat,1748993233063,50702,1497
/proc/stat,1748993234062,2673933,312672
/proc/24937/stat,1748993234063,50897,1509
/proc/stat,1748993235062,2674141,312674
/proc/24937/stat,1748993235063,51102,1509
/proc/stat,1748993236063,2674304,312691
/proc/24937/stat,1748993236064,51263,1523
/proc/stat,1748993237060,2674418,312696
/proc/24937/stat,1748993237061,51376,1526
/proc/stat,1748993238061,2674532,312700
/proc/24937/stat,1748993238063,51488,1526
/proc/stat,1748993239061,2674633,312704
/proc/24937/stat,1748993239062,51588,1526
/proc/stat,1748993240061,2674747,312708
/proc/24937/stat,1748993240062,51700,1527
/proc/stat,1748993241060,2674846,312726
/proc/24937/stat,1748993241062,51798,1541
/proc/stat,1748993242065,2674960,312730
/proc/24937/stat,1748993242067,51911,1542
/proc/stat,1748993243060,2675071,312734
/proc/24937/stat,1748993243062,52010,1542
/proc/stat,1748993244060,2675196,312738
/proc/24937/stat,1748993244062,52134,1542
/proc/stat,1748993245080,2675306,312742
/proc/24937/stat,1748993245082,52242,1542
/proc/stat,1748993246060,2675420,312745
/proc/24937/stat,1748993246062,52353,1542
/proc/stat,1748993247060,2675528,312754
/proc/24937/stat,1748993247062,52459,1548
/proc/stat,1748993248061,2675624,312764
/proc/24937/stat,1748993248062,52553,1554
/proc/stat,1748993249062,2675738,312767
/proc/24937/stat,1748993249063,52665,1554
/proc/stat,1748993250060,2675840,312770
/proc/24937/stat,1748993250062,52765,1554
/proc/stat,1748993251060,2675956,312773
/proc/24937/stat,1748993251062,52879,1554
/proc/stat,1748993252060,2676057,312777
/proc/24937/stat,1748993252062,52980,1554
/proc/stat,1748993253064,2676176,312780
/proc/24937/stat,1748993253066,53094,1554
/proc/stat,1748993254061,2676292,312784
/proc/24937/stat,1748993254063,53207,1554
/proc/stat,1748993255064,2676397,312787
/proc/24937/stat,1748993255066,53308,1554
/proc/stat,1748993256061,2676500,312790
/proc/24937/stat,1748993256062,53408,1554
/proc/stat,1748993257064,2676610,312795
/proc/24937/stat,1748993257065,53514,1554
/proc/stat,1748993258066,2676808,312802
/proc/24937/stat,1748993258068,53704,1557
/proc/stat,1748993259068,2677011,312824
/proc/24937/stat,1748993259070,53903,1574
/proc/stat,1748993260067,2677232,312829
/proc/24937/stat,1748993260069,54105,1575
/proc/stat,1748993261062,2677428,312840
/proc/24937/stat,1748993261063,54301,1582
/proc/stat,1748993262061,2677626,312851
/proc/24937/stat,1748993262063,54498,1590
/proc/stat,1748993263063,2677827,312858
/proc/24937/stat,1748993263065,54701,1593
/proc/stat,1748993264061,2678036,312876
/proc/24937/stat,1748993264063,54889,1610
/proc/stat,1748993265061,2678243,312880
/proc/24937/stat,1748993265063,55094,1611
/proc/stat,1748993266060,2678404,312885
/proc/24937/stat,1748993266061,55254,1611
/proc/stat,1748993267060,2678508,312902
/proc/24937/stat,1748993267061,55357,1624
/proc/stat,1748993268060,2678620,312906
/proc/24937/stat,1748993268061,55468,1624
/proc/stat,1748993269060,2678738,312909
/proc/24937/stat,1748993269062,55581,1624
/proc/stat,1748993270060,2678839,312912
/proc/24937/stat,1748993270062,55681,1624
/proc/stat,1748993271061,2678955,312915
/proc/24937/stat,1748993271062,55793,1625
/proc/stat,1748993272060,2679059,312928
/proc/24937/stat,1748993272062,55895,1635
/proc/stat,1748993273061,2679158,312934
/proc/24937/stat,1748993273062,55993,1637
/proc/stat,1748993274060,2679284,312937
/proc/24937/stat,1748993274061,56118,1637
/proc/stat,1748993275060,2679405,312940
/proc/24937/stat,1748993275061,56237,1637
/proc/stat,1748993276061,2679508,312944
/proc/24937/stat,1748993276063,56337,1637
/proc/stat,1748993277060,2679620,312947
/proc/24937/stat,1748993277062,56450,1637
/proc/stat,1748993278061,2679732,312952
/proc/24937/stat,1748993278063,56560,1639
/proc/stat,1748993279061,2679836,312965
/proc/24937/stat,1748993279062,56649,1649
/proc/stat,1748993280062,2679937,312969
/proc/24937/stat,1748993280064,56750,1649
/proc/stat,1748993281060,2680054,312971
/proc/24937/stat,1748993281061,56864,1649
/proc/stat,1748993282060,2680170,312974
/proc/24937/stat,1748993282061,56977,1649
/proc/stat,1748993283060,2680272,312978
/proc/24937/stat,1748993283061,57078,1649
/proc/stat,1748993284060,2680386,312982
/proc/24937/stat,1748993284061,57191,1650
/proc/stat,1748993285062,2680489,312986
/proc/24937/stat,1748993285063,57292,1650
/proc/stat,1748993286060,2680590,312988
/proc/24937/stat,1748993286061,57392,1650
/proc/stat,1748993287059,2680705,312990
/proc/24937/stat,1748993287061,57506,1650
/proc/stat,1748993288072,2680906,313005
/proc/24937/stat,1748993288074,57708,1660
/proc/stat,1748993289061,2681103,313018
/proc/24937/stat,1748993289063,57905,1670
/proc/stat,1748993290064,2681305,313023
/proc/24937/stat,1748993290065,58108,1672
/proc/stat,1748993291061,2681503,313034
/proc/24937/stat,1748993291063,58304,1680
/proc/stat,1748993292061,2681702,313042
/proc/24937/stat,1748993292062,58501,1686
/proc/stat,1748993293063,2681901,313053
/proc/24937/stat,1748993293064,58698,1693
/proc/stat,1748993294061,2682106,313060
/proc/24937/stat,1748993294064,58900,1697
/proc/stat,1748993295061,2682307,313071
/proc/24937/stat,1748993295062,59099,1704
/proc/stat,1748993296060,2682468,313075
/proc/24937/stat,1748993296061,59262,1704
/proc/stat,1748993297060,2682576,313084
/proc/24937/stat,1748993297061,59368,1710
/proc/stat,1748993298060,2682668,313097
/proc/24937/stat,1748993298062,59458,1720
/proc/stat,1748993299060,2682780,313102
/proc/24937/stat,1748993299061,59568,1721
/proc/stat,1748993300060,2682892,313106
/proc/24937/stat,1748993300061,59679,1721
/proc/stat,1748993301060,2683004,313109
/proc/24937/stat,1748993301062,59791,1721
/proc/stat,1748993302061,2683108,313112
/proc/24937/stat,1748993302063,59891,1721
/proc/stat,1748993303060,2683226,313128
/proc/24937/stat,1748993303062,60002,1734
/proc/stat,1748993304060,2683327,313132
/proc/24937/stat,1748993304061,60101,1735
/proc/stat,1748993305060,2683447,313135
/proc/24937/stat,1748993305061,60219,1735
/proc/stat,1748993306060,2683567,313138
/proc/24937/stat,1748993306062,60337,1735
/proc/stat,1748993307060,2683670,313142
/proc/24937/stat,1748993307062,60438,1735
/proc/stat,1748993308060,2683784,313146
/proc/24937/stat,1748993308061,60550,1735
/proc/stat,1748993309060,2683898,313150
/proc/24937/stat,1748993309061,60660,1738
/proc/stat,1748993310060,2683983,313170
/proc/24937/stat,1748993310061,60744,1754
/proc/stat,1748993311060,2684087,313172
/proc/24937/stat,1748993311062,60845,1754
/proc/stat,1748993312060,2684203,313176
/proc/24937/stat,1748993312062,60958,1754
/proc/stat,1748993313065,2684322,313178
/proc/24937/stat,1748993313066,61073,1754
/proc/stat,1748993314060,2684423,313181
/proc/24937/stat,1748993314062,61173,1754
/proc/stat,1748993315061,2684541,313185
/proc/24937/stat,1748993315062,61288,1754
/proc/stat,1748993316060,2684643,313189
/proc/24937/stat,1748993316061,61388,1754
/proc/stat,1748993317060,2684745,313193
/proc/24937/stat,1748993317062,61488,1754
/proc/stat,1748993318072,2684895,313216
/proc/24937/stat,1748993318074,61635,1775
/proc/stat,1748993319061,2685094,313221
/proc/24937/stat,1748993319063,61833,1776
/proc/stat,1748993320061,2685297,313225
/proc/24937/stat,1748993320062,62035,1776
/proc/stat,1748993321063,2685490,313239
/proc/24937/stat,1748993321064,62232,1785
/proc/stat,1748993322062,2685681,313256
/proc/24937/stat,1748993322063,62423,1799
/proc/stat,1748993323062,2685887,313260
/proc/24937/stat,1748993323063,62628,1799
/proc/stat,1748993324062,2686080,313275
/proc/24937/stat,1748993324063,62819,1810
/proc/stat,1748993325062,2686313,313280
/proc/24937/stat,1748993325064,63025,1811
/proc/stat,1748993326061,2686448,313282
/proc/24937/stat,1748993326062,63159,1811
/proc/stat,1748993327060,2686562,313287
/proc/24937/stat,1748993327062,63269,1813
/proc/stat,1748993328060,2686652,313302
/proc/24937/stat,1748993328061,63357,1825
/proc/stat,1748993329060,2686764,313306
/proc/24937/stat,1748993329061,63468,1825
/proc/stat,1748993330061,2686956,313312
/proc/24937/stat,1748993330063,63579,1825
/proc/stat,1748993331061,2687070,313315
/proc/24937/stat,1748993331063,63690,1825
/proc/stat,1748993332060,2687172,313318
/proc/24937/stat,1748993332062,63790,1825
/proc/stat,1748993333060,2687284,313334
/proc/24937/stat,1748993333062,63899,1840
/proc/stat,1748993334060,2687385,313338
/proc/24937/stat,1748993334062,64000,1840
/proc/stat,1748993335060,2687506,313340
/proc/24937/stat,1748993335061,64118,1840
/proc/stat,1748993336060,2687621,313343
/proc/24937/stat,1748993336062,64230,1840
/proc/stat,1748993337060,2687723,313347
/proc/24937/stat,1748993337062,64330,1840
/proc/stat,1748993338060,2687836,313350
/proc/24937/stat,1748993338062,64440,1841
/proc/stat,1748993339060,2687949,313355
/proc/24937/stat,1748993339062,64552,1843
/proc/stat,1748993340060,2688038,313372
/proc/24937/stat,1748993340061,64637,1858
/proc/stat,1748993341061,2688139,313375
/proc/24937/stat,1748993341062,64737,1858
/proc/stat,1748993342060,2688254,313379
/proc/24937/stat,1748993342061,64850,1859
/proc/stat,1748993343060,2688356,313383
/proc/24937/stat,1748993343062,64951,1859
/proc/stat,1748993344061,2688473,313388
/proc/24937/stat,1748993344063,65064,1859
/proc/stat,1748993345063,2688574,313392
/proc/24937/stat,1748993345064,65164,1859
/proc/stat,1748993346060,2688692,313396
/proc/24937/stat,1748993346062,65283,1859
/proc/stat,1748993347060,2688873,313401
/proc/24937/stat,1748993347062,65383,1859
/proc/stat,1748993348061,2689042,313424
/proc/24937/stat,1748993348063,65552,1879
/proc/stat,1748993349061,2689238,313432
/proc/24937/stat,1748993349063,65748,1884
/proc/stat,1748993350061,2689438,313442
/proc/24937/stat,1748993350063,65947,1890
/proc/stat,1748993351062,2689639,313452
/proc/24937/stat,1748993351063,66147,1896
/proc/stat,1748993352061,2689832,313468
/proc/24937/stat,1748993352063,66338,1909
/proc/stat,1748993353062,2690040,313471
/proc/24937/stat,1748993353064,66544,1910
/proc/stat,1748993354061,2690244,313479
/proc/24937/stat,1748993354063,66745,1915
/proc/stat,1748993355062,2690441,313490
/proc/24937/stat,1748993355064,66941,1923
/proc/stat,1748993356060,2690567,313494
/proc/24937/stat,1748993356062,67066,1923
/proc/stat,1748993357060,2690681,313496
/proc/24937/stat,1748993357061,67177,1923
/proc/stat,1748993358060,2690793,313503
/proc/24937/stat,1748993358061,67287,1927
/proc/stat,1748993359060,2690881,313520
/proc/24937/stat,1748993359061,67373,1941
/proc/stat,1748993360060,2690995,313522
/proc/24937/stat,1748993360061,67484,1941
/proc/stat,1748993361060,2691096,313526
/proc/24937/stat,1748993361061,67585,1941
/proc/stat,1748993362060,2691211,313529
/proc/24937/stat,1748993362061,67697,1941
/proc/stat,1748993363060,2691336,313534
/proc/24937/stat,1748993363061,67819,1943
/proc/stat,1748993364060,2691438,313537
/proc/24937/stat,1748993364064,67919,1943
/proc/stat,1748993365060,2691543,313556
/proc/24937/stat,1748993365062,68022,1959
/proc/stat,1748993366061,2691651,313560
/proc/24937/stat,1748993366063,68122,1959
/proc/stat,1748993367061,2691765,313563
/proc/24937/stat,1748993367062,68235,1959
/proc/stat,1748993368059,2691879,313565
/proc/24937/stat,1748993368061,68347,1959
/proc/stat,1748993369065,2691984,313568
/proc/24937/stat,1748993369066,68448,1959
/proc/stat,1748993370060,2692097,313572
/proc/24937/stat,1748993370062,68561,1959
/proc/stat,1748993371060,2692200,313575
/proc/24937/stat,1748993371061,68661,1959
/proc/stat,1748993372060,2692316,313578
/proc/24937/stat,1748993372063,68775,1959
/proc/stat,1748993373064,2692434,313584
/proc/24937/stat,1748993373065,68890,1959
/proc/stat,1748993374060,2692536,313587
/proc/24937/stat,1748993374061,68990,1959
/proc/stat,1748993375060,2692638,313591
/proc/24937/stat,1748993375061,69090,1959
/proc/stat,1748993376059,2692740,313596
/proc/24937/stat,1748993376060,69190,1959
/proc/stat,1748993377061,2692924,313602
/proc/24937/stat,1748993377063,69371,1960
/proc/stat,1748993378061,2693096,313628
/proc/24937/stat,1748993378063,69548,1983
/proc/stat,1748993379061,2693287,313642
/proc/24937/stat,1748993379063,69738,1994
/proc/stat,1748993380061,2693482,313656
/proc/24937/stat,1748993380063,69933,2004
/proc/stat,1748993381062,2693688,313663
/proc/24937/stat,1748993381064,70137,2006
/proc/stat,1748993382061,2693880,313680
/proc/24937/stat,1748993382063,70328,2018
/proc/stat,1748993383064,2694089,313685
/proc/24937/stat,1748993383066,70537,2019
/proc/stat,1748993384061,2694279,313706
/proc/24937/stat,1748993384062,70724,2035
/proc/stat,1748993385064,2694477,313710
/proc/24937/stat,1748993385065,70920,2036
/proc/stat,1748993386065,2694596,313714
/proc/24937/stat,1748993386066,71033,2036
/proc/stat,1748993387067,2694693,313737
/proc/24937/stat,1748993387068,71126,2055
/proc/stat,1748993388074,2694813,313744
/proc/24937/stat,1748993388075,71235,2058
/proc/stat,1748993389060,2694913,313747
/proc/24937/stat,1748993389061,71335,2058
/proc/stat,1748993390059,2695025,313751
/proc/24937/stat,1748993390061,71446,2058
/proc/stat,1748993391059,2695139,313754
/proc/24937/stat,1748993391061,71557,2059
/proc/stat,1748993392059,2695240,313759
/proc/24937/stat,1748993392061,71658,2059
/proc/stat,1748993393059,2695354,313774
/proc/24937/stat,1748993393061,71769,2071
/proc/stat,1748993394060,2695453,313782
/proc/24937/stat,1748993394062,71867,2073
/proc/stat,1748993395059,2695573,313784
/proc/24937/stat,1748993395067,71986,2073
/proc/stat,1748993396059,2695694,313789
/proc/24937/stat,1748993396061,72103,2074
/proc/stat,1748993397059,2695795,313794
/proc/24937/stat,1748993397061,72204,2074
/proc/stat,1748993398059,2695915,313798
/proc/24937/stat,1748993398064,72323,2074
/proc/stat,1748993399060,2696018,313801
/proc/24937/stat,1748993399061,72423,2074
/proc/stat,1748993400059,2696122,313818
/proc/24937/stat,1748993400061,72526,2085
/proc/stat,1748993401060,2696221,313823
/proc/24937/stat,1748993401061,72622,2089
/proc/stat,1748993402060,2696336,313827
/proc/24937/stat,1748993402062,72736,2089
/proc/stat,1748993403059,2696438,313831
/proc/24937/stat,1748993403061,72836,2089
/proc/stat,1748993404059,2696552,313836
/proc/24937/stat,1748993404060,72950,2089
/proc/stat,1748993405060,2696654,313838
/proc/24937/stat,1748993405061,73051,2089
/proc/stat,1748993406060,2696756,313843
/proc/24937/stat,1748993406062,73151,2089
/proc/stat,1748993407060,2696859,313848
/proc/24937/stat,1748993407061,73252,2089
/proc/stat,1748993408062,2697049,313875
/proc/24937/stat,1748993408064,73441,2113
/proc/stat,1748993409061,2697248,313883
/proc/24937/stat,1748993409062,73639,2116
/proc/stat,1748993410062,2697442,313896
/proc/24937/stat,1748993410063,73834,2126
/proc/stat,1748993411062,2697650,313901
/proc/24937/stat,1748993411063,74041,2127
/proc/stat,1748993412062,2697837,313921
/proc/24937/stat,1748993412063,74226,2144
/proc/stat,1748993413064,2698046,313924
/proc/24937/stat,1748993413065,74432,2145
/proc/stat,1748993414062,2698243,313942
/proc/24937/stat,1748993414064,74625,2157
/proc/stat,1748993415060,2698428,313946
/proc/24937/stat,1748993415061,74807,2157
/proc/stat,1748993416060,2698545,313950
/proc/24937/stat,1748993416061,74923,2157
/proc/stat,1748993417060,2698646,313966
/proc/24937/stat,1748993417061,75022,2170
/proc/stat,1748993418060,2698760,313971
/proc/24937/stat,1748993418061,75132,2171
/proc/stat,1748993419060,2698866,313974
/proc/24937/stat,1748993419062,75232,2171
/proc/stat,1748993420059,2698980,313978
/proc/24937/stat,1748993420061,75344,2171
/proc/stat,1748993421059,2699094,313982
/proc/24937/stat,1748993421061,75456,2171
/proc/stat,1748993422067,2699220,313988
/proc/24937/stat,1748993422069,75580,2172
/proc/stat,1748993423059,2699307,314005
/proc/24937/stat,1748993423061,75665,2186
/proc/stat,1748993424060,2699427,314010
/proc/24937/stat,1748993424061,75784,2187
/proc/stat,1748993425071,2699531,314015
/proc/24937/stat,1748993425072,75885,2187
/proc/stat,1748993426061,2699643,314020
/proc/24937/stat,1748993426062,75995,2187
/proc/stat,1748993427063,2699758,314023
/proc/24937/stat,1748993427064,76107,2187
/proc/stat,1748993428059,2699859,314026
/proc/24937/stat,1748993428061,76207,2187
/proc/stat,1748993429060,2699964,314041
/proc/24937/stat,1748993429061,76310,2198
/proc/stat,1748993430060,2700060,314052
/proc/24937/stat,1748993430061,76403,2205
/proc/stat,1748993431059,2700175,314058
/proc/24937/stat,1748993431061,76516,2206
/proc/stat,1748993432059,2700277,314061
/proc/24937/stat,1748993432061,76617,2206
/proc/stat,1748993433060,2700392,314064
/proc/24937/stat,1748993433061,76730,2206
/proc/stat,1748993434060,2700493,314068
/proc/24937/stat,1748993434061,76831,2206
/proc/stat,1748993435060,2700596,314071
/proc/24937/stat,1748993435061,76931,2206
/proc/stat,1748993436059,2700761,314076
/proc/24937/stat,1748993436060,77095,2206
/proc/stat,1748993437071,2700884,314091
/proc/24937/stat,1748993437073,77216,2217
/proc/stat,1748993438061,2701082,314108
/proc/24937/stat,1748993438062,77414,2227
/proc/stat,1748993439062,2701286,314119
/proc/24937/stat,1748993439063,77616,2230
/proc/stat,1748993440061,2701488,314134
/proc/24937/stat,1748993440062,77815,2235
/proc/stat,1748993441061,2701684,314153
/proc/24937/stat,1748993441062,78008,2246
/proc/stat,1748993442061,2701888,314167
/proc/24937/stat,1748993442063,78208,2250
/proc/stat,1748993443061,2702086,314189
/proc/24937/stat,1748993443063,78401,2263
/proc/stat,1748993444061,2702296,314201
/proc/24937/stat,1748993444062,78607,2264
/proc/stat,1748993445059,2702460,314212
/proc/24937/stat,1748993445061,78765,2264
/proc/stat,1748993446060,2702566,314232
/proc/24937/stat,1748993446061,78867,2273
/proc/stat,1748993447061,2702663,314254
/proc/24937/stat,1748993447062,78956,2285
/proc/stat,1748993448059,2702778,314264
/proc/24937/stat,1748993448061,79067,2285
/proc/stat,1748993449059,2702894,314271
/proc/24937/stat,1748993449060,79178,2285
/proc/stat,1748993450060,2703014,314280
/proc/24937/stat,1748993450061,79290,2285
/proc/stat,1748993451059,2703122,314289
/proc/24937/stat,1748993451060,79390,2285
/proc/stat,1748993452059,2703239,314311
/proc/24937/stat,1748993452061,79500,2298
/proc/stat,1748993453059,2703346,314320
/proc/24937/stat,1748993453061,79598,2301
/proc/stat,1748993454059,2703470,314329
/proc/24937/stat,1748993454061,79716,2301
/proc/stat,1748993455059,2703586,314339
/proc/24937/stat,1748993455061,79826,2303
/proc/stat,1748993456063,2703692,314352
/proc/24937/stat,1748993456065,79927,2303
/proc/stat,1748993457060,2703806,314365
/proc/24937/stat,1748993457061,80037,2305
/proc/stat,1748993458060,2703909,314377
/proc/24937/stat,1748993458061,80137,2305
/proc/stat,1748993459060,2704008,314406
/proc/24937/stat,1748993459061,80232,2324
/proc/stat,1748993460059,2704110,314412
/proc/24937/stat,1748993460061,80332,2324
/proc/stat,1748993461059,2704224,314417
/proc/24937/stat,1748993461060,80444,2325
/proc/stat,1748993462059,2704326,314422
/proc/24937/stat,1748993462061,80544,2325
/proc/stat,1748993463059,2704442,314426
/proc/24937/stat,1748993463061,80658,2326
/proc/stat,1748993464059,2704544,314430
/proc/24937/stat,1748993464061,80758,2326
/proc/stat,1748993465060,2704692,314434
/proc/24937/stat,1748993465061,80905,2327
/proc/stat,1748993466061,2704795,314438
/proc/24937/stat,1748993466062,81005,2327
/proc/stat,1748993467061,2704948,314462
/proc/24937/stat,1748993467062,81161,2346
/proc/stat,1748993468061,2705147,314468
/proc/24937/stat,1748993468063,81359,2348
/proc/stat,1748993469061,2705350,314474
/proc/24937/stat,1748993469062,81560,2351
/proc/stat,1748993470061,2705557,314480
/proc/24937/stat,1748993470062,81764,2354
/proc/stat,1748993471061,2705750,314496
/proc/24937/stat,1748993471062,81955,2368
/proc/stat,1748993472061,2705956,314501
/proc/24937/stat,1748993472062,82160,2368
/proc/stat,1748993473061,2706148,314518
/proc/24937/stat,1748993473062,82352,2383
/proc/stat,1748993474061,2706353,314522
/proc/24937/stat,1748993474063,82555,2383
/proc/stat,1748993475059,2706481,314525
/proc/24937/stat,1748993475061,82682,2383
/proc/stat,1748993476059,2706578,314544
/proc/24937/stat,1748993476061,82778,2398
/proc/stat,1748993477059,2706689,314550
/proc/24937/stat,1748993477061,82887,2400
/proc/stat,1748993478060,2706792,314553
/proc/24937/stat,1748993478062,82988,2400
/proc/stat,1748993479059,2706907,314556
/proc/24937/stat,1748993479061,83099,2400
/proc/stat,1748993480059,2707020,314560
/proc/24937/stat,1748993480061,83211,2400
/proc/stat,1748993481060,2707122,314563
/proc/24937/stat,1748993481061,83311,2400
/proc/stat,1748993482060,2707246,314568
/proc/24937/stat,1748993482061,83434,2400
/proc/stat,1748993483060,2707350,314587
/proc/24937/stat,1748993483061,83536,2416
/proc/stat,1748993484059,2707446,314596
/proc/24937/stat,1748993484060,83631,2420
/proc/stat,1748993485059,2707561,314598
/proc/24937/stat,1748993485060,83743,2420
/proc/stat,1748993486059,2707664,314601
/proc/24937/stat,1748993486061,83844,2420
/proc/stat,1748993487073,2707780,314605
/proc/24937/stat,1748993487074,83957,2420
/proc/stat,1748993488059,2707898,314607
/proc/24937/stat,1748993488061,84068,2421
/proc/stat,1748993489060,2708001,314610
/proc/24937/stat,1748993489061,84169,2421
/proc/stat,1748993490059,2708117,314612
/proc/24937/stat,1748993490060,84282,2421
/proc/stat,1748993491060,2708219,314616
/proc/24937/stat,1748993491062,84383,2421
/proc/stat,1748993492059,2708334,314620
/proc/24937/stat,1748993492060,84496,2421
/proc/stat,1748993493059,2708442,314630
/proc/24937/stat,1748993493061,84603,2428
/proc/stat,1748993494059,2708535,314642
/proc/24937/stat,1748993494061,84694,2438
/proc/stat,1748993495058,2708637,314646
/proc/24937/stat,1748993495059,84794,2438
/proc/stat,1748993496060,2708738,314650
/proc/24937/stat,1748993496061,84894,2438
/proc/stat,1748993497061,2708919,314675
/proc/24937/stat,1748993497062,85075,2461
/proc/stat,1748993498061,2709119,314681
/proc/24937/stat,1748993498062,85275,2463
/proc/stat,1748993499060,2709316,314692
/proc/24937/stat,1748993499062,85473,2470
/proc/stat,1748993500061,2709523,314695
/proc/24937/stat,1748993500062,85676,2471
/proc/stat,1748993501061,2709714,314711
/proc/24937/stat,1748993501062,85868,2483
/proc/stat,1748993502061,2709920,314715
/proc/24937/stat,1748993502062,86073,2483
/proc/stat,1748993503063,2710112,314735
/proc/24937/stat,1748993503064,86263,2499
/proc/stat,1748993504060,2710306,314739
/proc/24937/stat,1748993504061,86453,2499
/proc/stat,1748993505059,2710424,314742
/proc/24937/stat,1748993505060,86569,2499
/proc/stat,1748993506061,2710521,314762
/proc/24937/stat,1748993506063,86665,2514
/proc/stat,1748993507059,2710635,314764
/proc/24937/stat,1748993507060,86775,2515
/proc/stat,1748993508062,2710740,314767
/proc/24937/stat,1748993508063,86876,2515
/proc/stat,1748993509061,2710855,314770
/proc/24937/stat,1748993509062,86987,2515
/proc/stat,1748993510068,2710969,314773
/proc/24937/stat,1748993510069,87100,2515
/proc/stat,1748993511063,2711094,314778
/proc/24937/stat,1748993511064,87221,2517
/proc/stat,1748993512059,2711179,314798
/proc/24937/stat,1748993512061,87305,2533
/proc/stat,1748993513062,2711301,314802
/proc/24937/stat,1748993513063,87424,2533
/proc/stat,1748993514084,2711412,314805
/proc/24937/stat,1748993514085,87526,2533
/proc/stat,1748993515067,2711530,314810
/proc/24937/stat,1748993515069,87636,2533
/proc/stat,1748993516066,2711648,314814
/proc/24937/stat,1748993516068,87747,2534
/proc/stat,1748993517061,2711750,314818
/proc/24937/stat,1748993517062,87847,2534
/proc/stat,1748993518059,2711858,314828
/proc/24937/stat,1748993518061,87953,2541
/proc/stat,1748993519059,2711950,314841
/proc/24937/stat,1748993519060,88043,2552
/proc/stat,1748993520061,2712067,314844
/proc/24937/stat,1748993520062,88156,2552
/proc/stat,1748993521058,2712168,314847
/proc/24937/stat,1748993521060,88256,2552
/proc/stat,1748993522058,2712284,314852
/proc/24937/stat,1748993522060,88369,2553
/proc/stat,1748993523058,2712385,314857
/proc/24937/stat,1748993523065,88469,2553
/proc/stat,1748993524066,2712522,314860
/proc/24937/stat,1748993524068,88603,2554
/proc/stat,1748993525058,2712629,314864
/proc/24937/stat,1748993525059,88709,2554
/proc/stat,1748993526062,2712752,314878
/proc/24937/stat,1748993526064,88832,2563
/proc/stat,1748993527063,2712952,314893
/proc/24937/stat,1748993527064,89033,2574
/proc/stat,1748993528063,2713153,314900
/proc/24937/stat,1748993528065,89233,2578
/proc/stat,1748993529060,2713352,314913
/proc/24937/stat,1748993529062,89431,2586
/proc/stat,1748993530060,2713546,314927
/proc/24937/stat,1748993530061,89624,2597
/proc/stat,1748993531060,2713749,314934
/proc/24937/stat,1748993531061,89826,2601
/proc/stat,1748993532061,2713950,314945
/proc/24937/stat,1748993532062,90025,2609
/proc/stat,1748993533060,2714151,314953
/proc/24937/stat,1748993533062,90224,2613
/proc/stat,1748993534059,2714308,314957
/proc/24937/stat,1748993534060,90379,2613
/proc/stat,1748993535059,2714426,314962
/proc/24937/stat,1748993535060,90495,2613
/proc/stat,1748993536059,2714524,314981
/proc/24937/stat,1748993536060,90590,2629
/proc/stat,1748993537058,2714636,314987
/proc/24937/stat,1748993537060,90701,2631
/proc/stat,1748993538058,2714739,314990
/proc/24937/stat,1748993538059,90801,2631
/proc/stat,1748993539059,2714852,314992
/proc/24937/stat,1748993539060,90913,2631
/proc/stat,1748993540060,2714966,314996
/proc/24937/stat,1748993540061,91024,2631
/proc/stat,1748993541059,2715069,314998
/proc/24937/stat,1748993541060,91124,2631
/proc/stat,1748993542059,2715180,315015
/proc/24937/stat,1748993542060,91233,2646
/proc/stat,1748993543067,2715301,315020
/proc/24937/stat,1748993543068,91350,2646
/proc/stat,1748993544059,2715402,315024
/proc/24937/stat,1748993544061,91452,2646
/proc/stat,1748993545059,2715523,315026
/proc/24937/stat,1748993545060,91570,2646
/proc/stat,1748993546059,2715625,315030
/proc/24937/stat,1748993546060,91670,2646
/proc/stat,1748993547059,2715740,315034
/proc/24937/stat,1748993547060,91783,2646
/proc/stat,1748993548059,2715854,315040
/proc/24937/stat,1748993548060,91894,2650
/proc/stat,1748993549059,2715946,315055
/proc/24937/stat,1748993549060,91982,2662
/proc/stat,1748993550064,2716050,315058
/proc/24937/stat,1748993550066,92083,2662
/proc/stat,1748993551059,2716164,315062
/proc/24937/stat,1748993551061,92196,2662
/proc/stat,1748993552059,2716265,315066
/proc/24937/stat,1748993552060,92296,2662
/proc/stat,1748993553060,2716380,315070
/proc/24937/stat,1748993553062,92411,2662
/proc/stat,1748993554062,2716483,315074
/proc/24937/stat,1748993554063,92511,2662
/proc/stat,1748993555060,2716584,315077
/proc/24937/stat,1748993555061,92611,2662
/proc/stat,1748993556060,2716735,315100
/proc/24937/stat,1748993556062,92762,2683
/proc/stat,1748993557060,2716934,315106
/proc/24937/stat,1748993557061,92961,2685
/proc/stat,1748993558060,2717136,315110
/proc/24937/stat,1748993558061,93163,2686
/proc/stat,1748993559060,2717334,315124
/proc/24937/stat,1748993559062,93361,2695
/proc/stat,1748993560060,2717524,315143
/proc/24937/stat,1748993560061,93550,2711
/proc/stat,1748993561060,2717729,315147
/proc/24937/stat,1748993561061,93756,2711
/proc/stat,1748993562063,2717921,315167
/proc/24937/stat,1748993562064,93947,2725
/proc/stat,1748993563061,2718126,315171
/proc/24937/stat,1748993563063,94151,2726
/proc/stat,1748993564059,2718250,315175
/proc/24937/stat,1748993564061,94275,2726
/proc/stat,1748993565059,2718360,315180
/proc/24937/stat,1748993565060,94383,2729
/proc/stat,1748993566064,2718458,315198
/proc/24937/stat,1748993566065,94478,2741
/proc/stat,1748993567059,2718565,315201
/proc/24937/stat,1748993567060,94582,2741
/proc/stat,1748993568059,2718677,315205
/proc/24937/stat,1748993568061,94693,2742
/proc/stat,1748993569059,2718792,315207
/proc/24937/stat,1748993569060,94805,2742
/proc/stat,1748993570059,2718895,315210
/proc/24937/stat,1748993570060,94905,2742
/proc/stat,1748993571059,2719008,315226
/proc/24937/stat,1748993571060,95017,2753
/proc/stat,1748993572060,2719128,315229
/proc/24937/stat,1748993572061,95136,2753
/proc/stat,1748993573059,2719230,315233
/proc/24937/stat,1748993573060,95236,2753
/proc/stat,1748993574059,2719344,315236
/proc/24937/stat,1748993574061,95348,2753
/proc/stat,1748993575064,2719446,315238
/proc/24937/stat,1748993575065,95449,2753
/proc/stat,1748993576059,2719561,315241
/proc/24937/stat,1748993576060,95560,2753
/proc/stat,1748993577062,2719672,315250
/proc/24937/stat,1748993577063,95669,2759
/proc/stat,1748993578059,2719760,315266
/proc/24937/stat,1748993578060,95755,2772
/proc/stat,1748993579067,2719875,315271
/proc/24937/stat,1748993579069,95870,2773
/proc/stat,1748993580059,2719977,315274
/proc/24937/stat,1748993580060,95969,2773
/proc/stat,1748993581059,2720092,315278
/proc/24937/stat,1748993581060,96083,2773
/proc/stat,1748993582058,2720195,315280
/proc/24937/stat,1748993582060,96184,2773
/proc/stat,1748993583059,2720296,315284
/proc/24937/stat,1748993583061,96284,2773
/proc/stat,1748993584058,2720428,315287
/proc/24937/stat,1748993584060,96414,2773
/proc/stat,1748993585059,2720530,315291
/proc/24937/stat,1748993585061,96515,2773
/proc/stat,1748993586061,2720721,315314
/proc/24937/stat,1748993586062,96708,2792
/proc/stat,1748993587061,2720919,315321
/proc/24937/stat,1748993587062,96906,2796
/proc/stat,1748993588061,2721118,315332
/proc/24937/stat,1748993588063,97103,2804
/proc/stat,1748993589060,2721321,315338
/proc/24937/stat,1748993589061,97306,2807
/proc/stat,1748993590061,2721516,315352
/proc/24937/stat,1748993590062,97500,2816
/proc/stat,1748993591061,2721722,315355
/proc/24937/stat,1748993591062,97705,2816
/proc/stat,1748993592060,2721915,315374
/proc/24937/stat,1748993592062,97897,2831
/proc/stat,1748993593059,2722092,315378
/proc/24937/stat,1748993593060,98072,2831
/proc/stat,1748993594059,2722210,315381
/proc/24937/stat,1748993594060,98188,2831
/proc/stat,1748993595059,2722307,315401
/proc/24937/stat,1748993595060,98283,2847
/proc/stat,1748993596059,2722417,315408
/proc/24937/stat,1748993596060,98391,2851
/proc/stat,1748993597059,2722518,315412
/proc/24937/stat,1748993597060,98491,2851
/proc/stat,1748993598059,2722631,315415
/proc/24937/stat,1748993598060,98603,2851
/proc/stat,1748993599059,2722747,315418
/proc/24937/stat,1748993599060,98715,2851
/proc/stat,1748993600063,2722854,315423
/proc/24937/stat,1748993600065,98820,2852
/proc/stat,1748993601059,2722957,315442
/proc/24937/stat,1748993601060,98922,2868
/proc/stat,1748993602059,2723077,315446
/proc/24937/stat,1748993602060,99040,2868
/proc/stat,1748993603059,2723179,315448
/proc/24937/stat,1748993603061,99141,2868
/proc/stat,1748993604060,2723292,315452
/proc/24937/stat,1748993604061,99252,2869
/proc/stat,1748993605063,2723402,315454
/proc/24937/stat,1748993605065,99359,2869
/proc/stat,1748993606059,2723508,315459
/proc/24937/stat,1748993606060,99464,2869
/proc/stat,1748993607059,2723617,315470
/proc/24937/stat,1748993607060,99572,2876
/proc/stat,1748993608059,2723710,315484
/proc/24937/stat,1748993608060,99662,2886
/proc/stat,1748993609062,2723826,315487
/proc/24937/stat,1748993609063,99776,2886
/proc/stat,1748993610059,2723928,315489
/proc/24937/stat,1748993610061,99876,2886
/proc/stat,1748993611059,2724045,315492
/proc/24937/stat,1748993611060,99990,2886
/proc/stat,1748993612059,2724146,315497
/proc/24937/stat,1748993612060,100090,2886
/proc/stat,1748993613059,2724249,315500
/proc/24937/stat,1748993613060,100190,2886
/proc/stat,1748993614059,2724352,315503
/proc/24937/stat,1748993614061,100291,2886
/proc/stat,1748993615061,2724552,315508
/proc/24937/stat,1748993615063,100480,2889
/proc/stat,1748993616063,2724740,315530
/proc/24937/stat,1748993616065,100671,2907
/proc/stat,1748993617060,2724939,315537
/proc/24937/stat,1748993617061,100871,2909
/proc/stat,1748993618061,2725139,315549
/proc/24937/stat,1748993618063,101070,2918
/proc/stat,1748993619063,2725339,315557
/proc/24937/stat,1748993619064,101271,2920
/proc/stat,1748993620060,2725536,315568
/proc/24937/stat,1748993620062,101466,2929
/proc/stat,1748993621061,2725740,315572
/proc/24937/stat,1748993621062,101671,2930
/proc/stat,1748993622082,2725939,315588
/proc/24937/stat,1748993622084,101869,2942
/proc/stat,1748993623059,2726112,315591
/proc/24937/stat,1748993623061,102040,2942
/proc/stat,1748993624060,2726218,315601
/proc/24937/stat,1748993624061,102145,2949
/proc/stat,1748993625071,2726311,315616
/proc/24937/stat,1748993625073,102235,2960
/proc/stat,1748993626061,2726416,315626
/proc/24937/stat,1748993626063,102338,2967
/proc/stat,1748993627078,2726532,315629
/proc/24937/stat,1748993627079,102452,2967
/proc/stat,1748993628061,2726631,315632
/proc/24937/stat,1748993628062,102550,2967
/proc/stat,1748993629061,2726747,315635
/proc/24937/stat,1748993629062,102662,2967
/proc/stat,1748993630080,2726856,315640
/proc/24937/stat,1748993630082,102772,2967
/proc/stat,1748993631061,2726972,315644
/proc/24937/stat,1748993631063,102885,2967
/proc/stat,1748993632060,2727085,315655
/proc/24937/stat,1748993632062,102997,2975
/proc/stat,1748993633061,2727182,315664
/proc/24937/stat,1748993633062,103092,2979
/proc/stat,1748993634064,2727300,315667
/proc/24937/stat,1748993634065,103205,2979
/proc/stat,1748993635061,2727402,315670
/proc/24937/stat,1748993635062,103304,2979
/proc/stat,1748993636062,2727517,315672
/proc/24937/stat,1748993636063,103417,2979
/proc/stat,1748993637088,2727646,315676
/proc/24937/stat,1748993637090,103534,2979
/proc/stat,1748993638063,2727749,315679
/proc/24937/stat,1748993638064,103631,2979
/proc/stat,1748993639059,2727866,315681
/proc/24937/stat,1748993639060,103744,2979
/proc/stat,1748993640061,2727967,315685
/proc/24937/stat,1748993640062,103845,2979
/proc/stat,1748993641061,2728084,315688
/proc/24937/stat,1748993641062,103959,2979
/proc/stat,1748993642061,2728187,315690
/proc/24937/stat,1748993642062,104059,2979
/proc/stat,1748993643064,2728307,315693
/proc/24937/stat,1748993643065,104174,2979
/proc/stat,1748993644063,2728414,315696
/proc/24937/stat,1748993644064,104274,2979
/proc/stat,1748993645061,2728521,315716
