SourceFile,Timestamp,userTime (Ticks),systemTime (Ticks)
/proc/stat,1749210295101,129435,25822
/proc/11904/stat,1749210295102,182,16
/proc/stat,1749210296039,129681,25833
/proc/11904/stat,1749210296039,419,24
/proc/stat,1749210297029,129976,25841
/proc/11904/stat,1749210297030,710,30
/proc/stat,1749210298018,130263,25845
/proc/11904/stat,1749210298019,995,33
/proc/stat,1749210299039,130502,25852
/proc/11904/stat,1749210299040,1228,38
/proc/stat,1749210300026,130685,25858
/proc/11904/stat,1749210300026,1408,42
/proc/stat,1749210301018,130853,25864
/proc/11904/stat,1749210301018,1577,47
/proc/stat,1749210302017,131025,25868
/proc/11904/stat,1749210302017,1747,49
/proc/stat,1749210303017,131197,25874
/proc/11904/stat,1749210303018,1918,53
/proc/stat,1749210304017,131370,25880
/proc/11904/stat,1749210304017,2086,57
/proc/stat,1749210305017,131538,25886
/proc/11904/stat,1749210305017,2253,62
/proc/stat,1749210306017,131703,25893
/proc/11904/stat,1749210306017,2418,69
/proc/stat,1749210307018,131883,25902
/proc/11904/stat,1749210307018,2596,76
/proc/stat,1749210308017,132070,25907
/proc/11904/stat,1749210308017,2782,80
/proc/stat,1749210309020,132234,25912
/proc/11904/stat,1749210309021,2949,83
/proc/stat,1749210310024,132408,25918
/proc/11904/stat,1749210310024,3118,88
/proc/stat,1749210311022,132586,25922
/proc/11904/stat,1749210311023,3296,92
/proc/stat,1749210312025,132759,25928
/proc/11904/stat,1749210312025,3471,96
/proc/stat,1749210313017,132931,25932
/proc/11904/stat,1749210313017,3643,99
/proc/stat,1749210314017,133102,25939
/proc/11904/stat,1749210314017,3812,104
/proc/stat,1749210315017,133270,25944
/proc/11904/stat,1749210315017,3981,108
/proc/stat,1749210316022,133450,25950
/proc/11904/stat,1749210316023,4160,113
/proc/stat,1749210317017,133622,25953
/proc/11904/stat,1749210317017,4330,115
