SourceFile,Timestamp,userTime (Ticks),systemTime (Ticks)
/proc/stat,1748993696301,2734611,316169
/proc/25912/stat,1748993696307,4343,218
/proc/stat,1748993697067,2734841,316180
/proc/25912/stat,1748993697072,4567,225
/proc/stat,1748993698066,2735139,316190
/proc/25912/stat,1748993698070,4859,232
/proc/stat,1748993699063,2735441,316196
/proc/25912/stat,1748993699067,5157,236
/proc/stat,1748993700066,2735758,316202
/proc/25912/stat,1748993700072,5467,238
/proc/stat,1748993701063,2736071,316212
/proc/25912/stat,1748993701068,5774,243
/proc/stat,1748993702063,2736339,316234
/proc/25912/stat,1748993702067,6036,262
/proc/stat,1748993703062,2736573,316240
/proc/25912/stat,1748993703066,6268,262
/proc/stat,1748993704066,2736781,316247
/proc/25912/stat,1748993704071,6473,265
/proc/stat,1748993705061,2737079,316253
/proc/25912/stat,1748993705065,6766,269
/proc/stat,1748993706061,2737277,316258
/proc/25912/stat,1748993706064,6962,271
/proc/stat,1748993707066,2737412,316273
/proc/25912/stat,1748993707070,7095,283
/proc/stat,1748993708071,2737579,316284
/proc/25912/stat,1748993708075,7256,288
/proc/stat,1748993709060,2737736,316290
/proc/25912/stat,1748993709064,7411,291
/proc/stat,1748993710062,2737900,316296
/proc/25912/stat,1748993710066,7566,294
/proc/stat,1748993711059,2738064,316304
/proc/25912/stat,1748993711063,7720,297
/proc/stat,1748993712059,2738217,316322
/proc/25912/stat,1748993712063,7871,311
/proc/stat,1748993713059,2738373,316330
/proc/25912/stat,1748993713062,8021,315
/proc/stat,1748993714067,2738516,316337
/proc/25912/stat,1748993714071,8160,319
/proc/stat,1748993715063,2738658,316342
/proc/25912/stat,1748993715067,8295,319
/proc/stat,1748993716062,2738794,316354
/proc/25912/stat,1748993716066,8426,326
/proc/stat,1748993717060,2738958,316364
/proc/25912/stat,1748993717064,8579,334
/proc/stat,1748993718058,2739118,316370
/proc/25912/stat,1748993718062,8735,336
/proc/stat,1748993719061,2739275,316374
/proc/25912/stat,1748993719064,8889,338
/proc/stat,1748993720077,2739448,316377
/proc/25912/stat,1748993720081,9056,339
/proc/stat,1748993721063,2739600,316391
/proc/25912/stat,1748993721066,9197,351
/proc/stat,1748993722063,2739736,316397
/proc/25912/stat,1748993722068,9331,352
/proc/stat,1748993723062,2739876,316402
/proc/25912/stat,1748993723067,9469,354
/proc/stat,1748993724062,2740029,316408
/proc/25912/stat,1748993724067,9618,355
/proc/stat,1748993725062,2740185,316415
/proc/25912/stat,1748993725067,9770,359
/proc/stat,1748993726064,2740348,316428
/proc/25912/stat,1748993726069,9928,368
/proc/stat,1748993727062,2740508,316434
/proc/25912/stat,1748993727066,10083,370
/proc/stat,1748993728064,2740671,316439
/proc/25912/stat,1748993728068,10239,373
/proc/stat,1748993729059,2740857,316444
/proc/25912/stat,1748993729062,10407,373
/proc/stat,1748993730065,2740983,316457
/proc/25912/stat,1748993730069,10534,380
/proc/stat,1748993731064,2741122,316464
/proc/25912/stat,1748993731068,10667,385
/proc/stat,1748993732061,2741279,316472
/proc/25912/stat,1748993732066,10824,387
/proc/stat,1748993733062,2741438,316478
/proc/25912/stat,1748993733067,10978,390
/proc/stat,1748993734061,2741593,316486
/proc/25912/stat,1748993734064,11130,394
/proc/stat,1748993735061,2741744,316501
/proc/25912/stat,1748993735065,11283,407
/proc/stat,1748993736059,2741905,316506
/proc/25912/stat,1748993736062,11438,408
/proc/stat,1748993737059,2742060,316509
/proc/25912/stat,1748993737062,11589,409
/proc/stat,1748993738063,2742212,316515
/proc/25912/stat,1748993738066,11739,411
/proc/stat,1748993739061,2742307,316529
/proc/25912/stat,1748993739063,11830,420
/proc/stat,1748993740061,2742473,316536
/proc/25912/stat,1748993740064,11990,424
/proc/stat,1748993741061,2742640,316541
/proc/25912/stat,1748993741063,12146,424
/proc/stat,1748993742059,2742795,316546
/proc/25912/stat,1748993742062,12297,426
/proc/stat,1748993743063,2742955,316552
/proc/25912/stat,1748993743066,12455,427
/proc/stat,1748993744060,2743102,316572
/proc/25912/stat,1748993744063,12599,443
/proc/stat,1748993745062,2743260,316578
/proc/25912/stat,1748993745066,12754,446
/proc/stat,1748993746067,2743407,316582
/proc/25912/stat,1748993746071,12895,447
/proc/stat,1748993747062,2743549,316586
/proc/25912/stat,1748993747065,13033,447
/proc/stat,1748993748060,2743672,316601
/proc/25912/stat,1748993748063,13156,458
/proc/stat,1748993749058,2743826,316611
/proc/25912/stat,1748993749061,13308,467
/proc/stat,1748993750062,2743985,316619
/proc/25912/stat,1748993750065,13463,468
/proc/stat,1748993751065,2744142,316624
/proc/25912/stat,1748993751068,13619,469
/proc/stat,1748993752062,2744328,316628
/proc/25912/stat,1748993752065,13801,470
/proc/stat,1748993753064,2744530,316643
/proc/25912/stat,1748993753068,14002,484
/proc/stat,1748993754073,2744741,316652
/proc/25912/stat,1748993754075,14212,488
/proc/stat,1748993755062,2744877,316657
/proc/25912/stat,1748993755065,14346,488
/proc/stat,1748993756061,2745092,316664
/proc/25912/stat,1748993756063,14557,490
/proc/stat,1748993757061,2745247,316671
/proc/25912/stat,1748993757063,14710,495
/proc/stat,1748993758060,2745404,316684
/proc/25912/stat,1748993758063,14865,504
/proc/stat,1748993759062,2745563,316690
/proc/25912/stat,1748993759064,15019,505
/proc/stat,1748993760060,2745719,316695
/proc/25912/stat,1748993760062,15173,507
/proc/stat,1748993761059,2745877,316698
/proc/25912/stat,1748993761061,15328,508
/proc/stat,1748993762063,2746021,316717
/proc/25912/stat,1748993762066,15472,523
/proc/stat,1748993763061,2746152,316722
/proc/25912/stat,1748993763064,15602,525
/proc/stat,1748993764061,2746286,316728
/proc/25912/stat,1748993764063,15735,526
/proc/stat,1748993765060,2746442,316733
/proc/25912/stat,1748993765062,15888,528
/proc/stat,1748993766059,2746594,316743
/proc/25912/stat,1748993766062,16038,534
/proc/stat,1748993767058,2746747,316759
/proc/25912/stat,1748993767062,16192,545
/proc/stat,1748993768059,2746905,316764
/proc/25912/stat,1748993768061,16347,547
/proc/stat,1748993769058,2747063,316768
/proc/25912/stat,1748993769060,16500,549
/proc/stat,1748993770058,2747220,316772
/proc/25912/stat,1748993770060,16654,551
/proc/stat,1748993771072,2747360,316786
/proc/25912/stat,1748993771074,16791,561
/proc/stat,1748993772059,2747511,316794
/proc/25912/stat,1748993772062,16943,564
/proc/stat,1748993773060,2747662,316799
/proc/25912/stat,1748993773062,17093,566
/proc/stat,1748993774061,2747819,316805
/proc/25912/stat,1748993774063,17248,567
/proc/stat,1748993775060,2747972,316816
/proc/25912/stat,1748993775063,17398,573
/proc/stat,1748993776060,2748131,316831
/proc/25912/stat,1748993776063,17553,585
/proc/stat,1748993777058,2748289,316835
/proc/25912/stat,1748993777061,17707,586
/proc/stat,1748993778059,2748448,316840
/proc/25912/stat,1748993778061,17862,587
/proc/stat,1748993779060,2748608,316847
/proc/25912/stat,1748993779063,18019,589
/proc/stat,1748993780064,2748719,316862
/proc/25912/stat,1748993780081,18126,601
/proc/stat,1748993781062,2748874,316872
/proc/25912/stat,1748993781064,18269,607
/proc/stat,1748993782060,2749034,316875
/proc/25912/stat,1748993782062,18424,608
/proc/stat,1748993783059,2749186,316880
/proc/25912/stat,1748993783061,18575,609
/proc/stat,1748993784061,2749341,316886
/proc/25912/stat,1748993784063,18724,611
/proc/stat,1748993785059,2749505,316900
/proc/25912/stat,1748993785061,18887,623
/proc/stat,1748993786059,2749662,316905
/proc/25912/stat,1748993786061,19041,625
/proc/stat,1748993787060,2749816,316910
/proc/25912/stat,1748993787062,19194,627
/proc/stat,1748993788062,2749968,316914
/proc/25912/stat,1748993788065,19345,627
/proc/stat,1748993789060,2750083,316926
/proc/25912/stat,1748993789063,19458,636
/proc/stat,1748993790060,2750248,316934
/proc/25912/stat,1748993790063,19620,640
/proc/stat,1748993791062,2750408,316939
/proc/25912/stat,1748993791065,19774,641
/proc/stat,1748993792059,2750567,316943
/proc/25912/stat,1748993792062,19929,642
/proc/stat,1748993793060,2750722,316951
/proc/25912/stat,1748993793062,20082,646
/proc/stat,1748993794059,2750868,316974
/proc/25912/stat,1748993794061,20227,665
/proc/stat,1748993795059,2751023,316978
/proc/25912/stat,1748993795061,20381,666
/proc/stat,1748993796059,2751179,316982
/proc/25912/stat,1748993796061,20534,669
/proc/stat,1748993797062,2751331,316987
/proc/25912/stat,1748993797065,20683,669
/proc/stat,1748993798058,2751431,317001
/proc/25912/stat,1748993798060,20781,680
/proc/stat,1748993799060,2751596,317008
/proc/25912/stat,1748993799063,20944,684
/proc/stat,1748993800061,2751754,317014
/proc/25912/stat,1748993800064,21098,686
/proc/stat,1748993801059,2751912,317018
/proc/25912/stat,1748993801061,21253,687
/proc/stat,1748993802059,2752067,317024
/proc/25912/stat,1748993802062,21406,690
/proc/stat,1748993803058,2752223,317041
/proc/25912/stat,1748993803060,21556,703
/proc/stat,1748993804059,2752402,317046
/proc/25912/stat,1748993804061,21735,704
/proc/stat,1748993805059,2752628,317052
/proc/25912/stat,1748993805062,21956,706
/proc/stat,1748993806062,2752776,317057
/proc/25912/stat,1748993806065,22101,707
/proc/stat,1748993807061,2752916,317070
/proc/25912/stat,1748993807063,22239,717
/proc/stat,1748993808060,2753071,317076
/proc/25912/stat,1748993808063,22396,721
/proc/stat,1748993809060,2753237,317082
/proc/25912/stat,1748993809062,22559,722
/proc/stat,1748993810059,2753395,317086
/proc/25912/stat,1748993810061,22712,724
/proc/stat,1748993811059,2753550,317089
/proc/25912/stat,1748993811061,22864,727
/proc/stat,1748993812058,2753701,317106
/proc/25912/stat,1748993812060,23012,741
/proc/stat,1748993813058,2753855,317113
/proc/25912/stat,1748993813061,23165,743
/proc/stat,1748993814061,2754011,317119
/proc/25912/stat,1748993814064,23318,745
/proc/stat,1748993815059,2754118,317122
/proc/25912/stat,1748993815061,23423,745
