SourceFile,Timestamp,userTime (Ticks),systemTime (Ticks)
/proc/stat,1749307016269,2009751,208094
/proc/34301/stat,1749307016271,345,24
/proc/stat,1749307017032,2010027,208108
/proc/34301/stat,1749307017033,545,30
/proc/stat,1749307018028,2010156,208121
/proc/34301/stat,1749307018029,643,38
/proc/stat,1749307019024,2010267,208128
/proc/34301/stat,1749307019025,751,43
/proc/stat,1749307020023,2010378,208135
/proc/34301/stat,1749307020024,858,48
/proc/stat,1749307021024,2010506,208140
/proc/34301/stat,1749307021025,984,52
/proc/stat,1749307022030,2010628,208144
/proc/34301/stat,1749307022030,1102,55
/proc/stat,1749307023024,2010740,208153
/proc/34301/stat,1749307023024,1210,60
/proc/stat,1749307024037,2010926,208158
/proc/34301/stat,1749307024038,1390,61
/proc/stat,1749307025024,2011045,208173
/proc/34301/stat,1749307025024,1500,75
/proc/stat,1749307026024,2011151,208179
/proc/34301/stat,1749307026024,1608,78
/proc/stat,1749307027024,2011258,208190
/proc/34301/stat,1749307027024,1714,87
/proc/stat,1749307028023,2011367,208195
/proc/34301/stat,1749307028024,1821,90
/proc/stat,1749307029023,2011484,208200
/proc/34301/stat,1749307029024,1937,94
/proc/stat,1749307030023,2011602,208208
/proc/34301/stat,1749307030024,2052,99
/proc/stat,1749307031023,2011728,208211
/proc/34301/stat,1749307031024,2174,99
/proc/stat,1749307032025,2011838,208221
/proc/34301/stat,1749307032026,2281,107
/proc/stat,1749307033023,2011942,208226
/proc/34301/stat,1749307033024,2381,112
/proc/stat,1749307034024,2012052,208235
/proc/34301/stat,1749307034025,2488,119
/proc/stat,1749307035024,2012161,208242
/proc/34301/stat,1749307035024,2596,123
/proc/stat,1749307036023,2012274,208246
/proc/34301/stat,1749307036024,2709,124
/proc/stat,1749307037024,2012396,208252
/proc/34301/stat,1749307037025,2829,127
/proc/stat,1749307038022,2012516,208262
/proc/34301/stat,1749307038023,2936,132
/proc/stat,1749307039075,2012658,208263
/proc/34301/stat,1749307039076,3074,132
/proc/stat,1749307040023,2012750,208278
/proc/34301/stat,1749307040024,3167,146
/proc/stat,1749307041028,2012857,208283
/proc/34301/stat,1749307041029,3270,150
/proc/stat,1749307042028,2012961,208296
/proc/34301/stat,1749307042028,3373,160
/proc/stat,1749307043023,2013068,208301
/proc/34301/stat,1749307043024,3480,162
/proc/stat,1749307044032,2013192,208302
/proc/34301/stat,1749307044033,3601,162
/proc/stat,1749307045043,2013310,208308
/proc/34301/stat,1749307045044,3717,167
/proc/stat,1749307046023,2013421,208313
/proc/34301/stat,1749307046023,3826,171
/proc/stat,1749307047026,2013541,208314
/proc/34301/stat,1749307047027,3942,171
/proc/stat,1749307048023,2013646,208326
/proc/34301/stat,1749307048023,4042,181
/proc/stat,1749307049023,2013750,208332
/proc/34301/stat,1749307049024,4148,185
/proc/stat,1749307050028,2013859,208341
/proc/34301/stat,1749307050028,4254,192
/proc/stat,1749307051023,2013970,208348
/proc/34301/stat,1749307051023,4362,198
/proc/stat,1749307052024,2014088,208353
/proc/34301/stat,1749307052025,4479,201
/proc/stat,1749307053024,2014207,208359
/proc/34301/stat,1749307053024,4595,206
/proc/stat,1749307054023,2014318,208362
/proc/34301/stat,1749307054024,4704,209
/proc/stat,1749307055024,2014429,208366
/proc/34301/stat,1749307055024,4814,212
/proc/stat,1749307056023,2014530,208383
/proc/34301/stat,1749307056023,4912,227
/proc/stat,1749307057030,2014639,208392
/proc/34301/stat,1749307057030,5018,234
/proc/stat,1749307058023,2014745,208399
/proc/34301/stat,1749307058024,5123,240
/proc/stat,1749307059023,2014861,208402
/proc/34301/stat,1749307059023,5236,241
/proc/stat,1749307060023,2014983,208406
/proc/34301/stat,1749307060024,5356,244
/proc/stat,1749307061024,2015094,208414
/proc/34301/stat,1749307061025,5465,250
/proc/stat,1749307062023,2015214,208418
/proc/34301/stat,1749307062024,5584,253
/proc/stat,1749307063023,2015318,208432
/proc/34301/stat,1749307063023,5685,265
/proc/stat,1749307064023,2015421,208438
/proc/34301/stat,1749307064024,5786,271
/proc/stat,1749307065024,2015525,208450
/proc/34301/stat,1749307065024,5890,280
/proc/stat,1749307066023,2015636,208456
/proc/34301/stat,1749307066024,5997,286
/proc/stat,1749307067043,2015757,208459
/proc/34301/stat,1749307067044,6118,286
/proc/stat,1749307068023,2015873,208465
/proc/34301/stat,1749307068023,6233,290
/proc/stat,1749307069023,2015983,208473
/proc/34301/stat,1749307069024,6340,296
/proc/stat,1749307070023,2016097,208475
/proc/34301/stat,1749307070024,6453,296
/proc/stat,1749307071023,2016195,208490
/proc/34301/stat,1749307071023,6550,309
/proc/stat,1749307072027,2016300,208498
/proc/34301/stat,1749307072027,6655,315
/proc/stat,1749307073028,2016406,208506
/proc/34301/stat,1749307073029,6761,322
/proc/stat,1749307074023,2016512,208513
/proc/34301/stat,1749307074023,6866,327
/proc/stat,1749307075024,2016627,208516
/proc/34301/stat,1749307075025,6981,329
/proc/stat,1749307076023,2016748,208518
/proc/34301/stat,1749307076023,7101,329
/proc/stat,1749307077023,2016863,208526
/proc/34301/stat,1749307077023,7216,335
/proc/stat,1749307078023,2016972,208527
/proc/34301/stat,1749307078023,7323,335
/proc/stat,1749307079024,2017072,208541
/proc/34301/stat,1749307079024,7422,348
/proc/stat,1749307080023,2017181,208547
/proc/34301/stat,1749307080023,7530,353
/proc/stat,1749307081023,2017290,208554
/proc/34301/stat,1749307081023,7636,359
/proc/stat,1749307082023,2017403,208557
/proc/34301/stat,1749307082023,7748,360
/proc/stat,1749307083023,2017522,208562
/proc/34301/stat,1749307083023,7865,364
/proc/stat,1749307084022,2017638,208570
/proc/34301/stat,1749307084023,7980,369
/proc/stat,1749307085022,2017753,208571
/proc/34301/stat,1749307085023,8093,370
/proc/stat,1749307086024,2017881,208580
/proc/34301/stat,1749307086024,8219,377
/proc/stat,1749307087022,2017984,208589
/proc/34301/stat,1749307087023,8320,383
/proc/stat,1749307088023,2018091,208599
/proc/34301/stat,1749307088023,8424,391
/proc/stat,1749307089022,2018198,208606
/proc/34301/stat,1749307089023,8531,397
/proc/stat,1749307090024,2018316,208608
/proc/34301/stat,1749307090024,8649,398
/proc/stat,1749307091022,2018437,208614
/proc/34301/stat,1749307091023,8766,402
/proc/stat,1749307092022,2018541,208625
/proc/34301/stat,1749307092023,8869,412
/proc/stat,1749307093032,2018658,208628
/proc/34301/stat,1749307093033,8984,412
/proc/stat,1749307094023,2018763,208639
/proc/34301/stat,1749307094024,9085,423
/proc/stat,1749307095023,2018871,208645
/proc/34301/stat,1749307095023,9191,427
/proc/stat,1749307096023,2018980,208653
/proc/34301/stat,1749307096024,9297,434
/proc/stat,1749307097023,2019089,208660
/proc/34301/stat,1749307097023,9405,440
/proc/stat,1749307098023,2019204,208665
/proc/34301/stat,1749307098023,9519,442
/proc/stat,1749307099024,2019322,208673
/proc/34301/stat,1749307099024,9634,448
/proc/stat,1749307100024,2019443,208676
/proc/34301/stat,1749307100024,9753,449
/proc/stat,1749307101044,2019580,208677
/proc/34301/stat,1749307101045,9886,449
/proc/stat,1749307102023,2019682,208694
/proc/34301/stat,1749307102023,9983,463
/proc/stat,1749307103023,2019792,208701
/proc/34301/stat,1749307103023,10090,469
/proc/stat,1749307104023,2019896,208714
/proc/34301/stat,1749307104023,10192,479
/proc/stat,1749307105024,2020009,208717
/proc/34301/stat,1749307105024,10306,480
/proc/stat,1749307106023,2020130,208722
/proc/34301/stat,1749307106023,10425,483
/proc/stat,1749307107028,2020246,208729
/proc/34301/stat,1749307107029,10539,490
/proc/stat,1749307108022,2020358,208731
/proc/34301/stat,1749307108023,10651,490
/proc/stat,1749307109023,2020460,208742
/proc/34301/stat,1749307109023,10751,499
/proc/stat,1749307110023,2020562,208747
/proc/34301/stat,1749307110023,10854,502
/proc/stat,1749307111024,2020669,208756
/proc/34301/stat,1749307111025,10960,510
/proc/stat,1749307112024,2020778,208765
/proc/34301/stat,1749307112024,11066,517
/proc/stat,1749307113024,2020891,208767
/proc/34301/stat,1749307113025,11178,517
/proc/stat,1749307114030,2021018,208770
/proc/34301/stat,1749307114030,11301,519
/proc/stat,1749307115022,2021130,208780
/proc/34301/stat,1749307115023,11409,526
/proc/stat,1749307116023,2021244,208782
/proc/34301/stat,1749307116023,11523,526
/proc/stat,1749307117024,2021346,208797
/proc/34301/stat,1749307117024,11622,539
/proc/stat,1749307118024,2021451,208802
/proc/34301/stat,1749307118025,11728,544
/proc/stat,1749307119023,2021559,208810
/proc/34301/stat,1749307119023,11835,550
/proc/stat,1749307120023,2021663,208818
/proc/34301/stat,1749307120023,11939,555
/proc/stat,1749307121022,2021784,208821
/proc/34301/stat,1749307121022,12060,557
/proc/stat,1749307122023,2021903,208825
/proc/34301/stat,1749307122024,12178,560
/proc/stat,1749307123023,2022015,208831
/proc/34301/stat,1749307123023,12287,564
/proc/stat,1749307124023,2022128,208832
/proc/34301/stat,1749307124023,12399,564
/proc/stat,1749307125032,2022229,208848
/proc/34301/stat,1749307125033,12500,577
/proc/stat,1749307126022,2022338,208853
/proc/34301/stat,1749307126023,12608,580
/proc/stat,1749307127023,2022446,208860
/proc/34301/stat,1749307127023,12715,586
/proc/stat,1749307128029,2022561,208864
/proc/34301/stat,1749307128030,12828,587
/proc/stat,1749307129039,2022678,208871
/proc/34301/stat,1749307129039,12945,593
/proc/stat,1749307130023,2022786,208880
/proc/34301/stat,1749307130023,13050,600
/proc/stat,1749307131022,2022908,208882
/proc/34301/stat,1749307131023,13173,600
/proc/stat,1749307132023,2023011,208892
/proc/34301/stat,1749307132024,13272,610
/proc/stat,1749307133022,2023110,208900
/proc/34301/stat,1749307133023,13371,617
/proc/stat,1749307134023,2023213,208914
/proc/34301/stat,1749307134024,13473,628
/proc/stat,1749307135023,2023319,208922
/proc/34301/stat,1749307135023,13579,635
/proc/stat,1749307136029,2023434,208924
/proc/34301/stat,1749307136029,13694,635
/proc/stat,1749307137023,2023558,208929
/proc/34301/stat,1749307137023,13816,638
/proc/stat,1749307138022,2023666,208938
/proc/34301/stat,1749307138023,13921,645
/proc/stat,1749307139022,2023781,208940
/proc/34301/stat,1749307139023,14035,645
/proc/stat,1749307140024,2023882,208953
/proc/34301/stat,1749307140024,14136,656
/proc/stat,1749307141023,2023987,208961
/proc/34301/stat,1749307141024,14240,660
/proc/stat,1749307142024,2024093,208970
/proc/34301/stat,1749307142025,14346,668
/proc/stat,1749307143023,2024203,208977
/proc/34301/stat,1749307143024,14454,673
/proc/stat,1749307144024,2024318,208981
/proc/34301/stat,1749307144024,14568,675
/proc/stat,1749307145024,2024443,208985
/proc/34301/stat,1749307145024,14692,678
/proc/stat,1749307146023,2024550,208993
/proc/34301/stat,1749307146023,14799,684
/proc/stat,1749307147022,2024659,208994
/proc/34301/stat,1749307147022,14906,684
/proc/stat,1749307148022,2024758,209008
/proc/34301/stat,1749307148023,15007,695
/proc/stat,1749307149022,2024866,209014
/proc/34301/stat,1749307149022,15115,700
/proc/stat,1749307150023,2024976,209020
/proc/34301/stat,1749307150023,15221,705
/proc/stat,1749307151023,2025086,209028
/proc/34301/stat,1749307151023,15331,710
/proc/stat,1749307152022,2025204,209032
/proc/34301/stat,1749307152023,15448,713
/proc/stat,1749307153025,2025319,209040
/proc/34301/stat,1749307153025,15562,720
/proc/stat,1749307154022,2025433,209042
/proc/34301/stat,1749307154023,15675,720
/proc/stat,1749307155024,2025564,209052
/proc/34301/stat,1749307155024,15803,728
/proc/stat,1749307156024,2025667,209058
/proc/34301/stat,1749307156024,15904,733
/proc/stat,1749307157022,2025768,209070
/proc/34301/stat,1749307157023,16007,743
/proc/stat,1749307158023,2025876,209079
/proc/34301/stat,1749307158023,16113,749
/proc/stat,1749307159038,2025998,209082
/proc/34301/stat,1749307159039,16233,751
/proc/stat,1749307160023,2026114,209087
/proc/34301/stat,1749307160023,16349,754
/proc/stat,1749307161023,2026221,209097
/proc/34301/stat,1749307161024,16454,762
/proc/stat,1749307162023,2026337,209099
/proc/34301/stat,1749307162024,16569,762
/proc/stat,1749307163024,2026438,209118
/proc/34301/stat,1749307163024,16666,780
/proc/stat,1749307164023,2026542,209125
/proc/34301/stat,1749307164023,16768,785
/proc/stat,1749307165026,2026653,209134
/proc/34301/stat,1749307165026,16875,792
/proc/stat,1749307166022,2026760,209140
/proc/34301/stat,1749307166023,16983,797
/proc/stat,1749307167022,2026872,209146
/proc/34301/stat,1749307167023,17096,800
/proc/stat,1749307168023,2027001,209148
/proc/34301/stat,1749307168023,17223,800
/proc/stat,1749307169023,2027111,209154
/proc/34301/stat,1749307169023,17332,804
/proc/stat,1749307170022,2027219,209156
/proc/34301/stat,1749307170023,17439,804
/proc/stat,1749307171024,2027319,209170
/proc/34301/stat,1749307171024,17539,817
/proc/stat,1749307172023,2027422,209180
/proc/34301/stat,1749307172023,17644,824
/proc/stat,1749307173022,2027527,209189
/proc/34301/stat,1749307173023,17748,832
/proc/stat,1749307174022,2027642,209190
/proc/34301/stat,1749307174023,17861,832
/proc/stat,1749307175023,2027764,209193
/proc/34301/stat,1749307175023,17979,834
/proc/stat,1749307176024,2027882,209198
/proc/34301/stat,1749307176025,18096,838
/proc/stat,1749307177022,2027996,209201
/proc/34301/stat,1749307177023,18209,839
/proc/stat,1749307178025,2028129,209210
/proc/34301/stat,1749307178026,18341,845
/proc/stat,1749307179022,2028228,209217
/proc/34301/stat,1749307179022,18441,851
/proc/stat,1749307180028,2028340,209224
/proc/34301/stat,1749307180029,18550,857
/proc/stat,1749307181023,2028445,209232
/proc/34301/stat,1749307181023,18656,863
/proc/stat,1749307182023,2028556,209234
/proc/34301/stat,1749307182023,18767,863
/proc/stat,1749307183023,2028678,209239
/proc/34301/stat,1749307183023,18887,866
/proc/stat,1749307184022,2028793,209246
/proc/34301/stat,1749307184023,19002,871
/proc/stat,1749307185023,2028909,209247
/proc/34301/stat,1749307185023,19116,871
/proc/stat,1749307186023,2029013,209258
/proc/34301/stat,1749307186023,19218,881
/proc/stat,1749307187024,2029121,209263
/proc/34301/stat,1749307187024,19321,885
/proc/stat,1749307188023,2029232,209270
/proc/34301/stat,1749307188023,19429,890
/proc/stat,1749307189023,2029346,209275
/proc/34301/stat,1749307189023,19538,895
/proc/stat,1749307190022,2029460,209278
/proc/34301/stat,1749307190023,19651,897
/proc/stat,1749307191023,2029585,209282
/proc/34301/stat,1749307191023,19777,899
/proc/stat,1749307192022,2029696,209287
/proc/34301/stat,1749307192022,19887,903
/proc/stat,1749307193022,2029805,209288
/proc/34301/stat,1749307193022,19994,903
/proc/stat,1749307194023,2029904,209303
/proc/34301/stat,1749307194023,20092,916
/proc/stat,1749307195022,2030014,209308
/proc/34301/stat,1749307195023,20200,919
/proc/stat,1749307196022,2030122,209318
/proc/34301/stat,1749307196022,20308,927
/proc/stat,1749307197022,2030226,209324
/proc/34301/stat,1749307197022,20412,933
/proc/stat,1749307198023,2030345,209327
/proc/34301/stat,1749307198023,20530,934
/proc/stat,1749307199022,2030460,209337
/proc/34301/stat,1749307199022,20642,943
/proc/stat,1749307200023,2030584,209337
/proc/34301/stat,1749307200023,20762,943
/proc/stat,1749307201022,2030686,209352
/proc/34301/stat,1749307201023,20862,956
/proc/stat,1749307202022,2030785,209358
/proc/34301/stat,1749307202023,20964,960
/proc/stat,1749307203022,2030892,209367
/proc/34301/stat,1749307203023,21069,969
/proc/stat,1749307204023,2031002,209373
/proc/34301/stat,1749307204023,21178,973
/proc/stat,1749307205044,2031122,209376
/proc/34301/stat,1749307205045,21299,973
/proc/stat,1749307206023,2031236,209382
/proc/34301/stat,1749307206024,21412,977
/proc/stat,1749307207026,2031346,209390
/proc/34301/stat,1749307207026,21520,983
/proc/stat,1749307208024,2031462,209392
/proc/34301/stat,1749307208025,21634,983
/proc/stat,1749307209033,2031563,209406
/proc/34301/stat,1749307209033,21733,994
/proc/stat,1749307210029,2031668,209411
/proc/34301/stat,1749307210029,21836,999
/proc/stat,1749307211022,2031775,209419
/proc/34301/stat,1749307211023,21944,1004
/proc/stat,1749307212022,2031884,209424
/proc/34301/stat,1749307212023,22055,1007
/proc/stat,1749307213023,2031997,209430
/proc/34301/stat,1749307213023,22167,1011
/proc/stat,1749307214023,2032116,209433
/proc/34301/stat,1749307214023,22287,1011
/proc/stat,1749307215022,2032231,209442
/proc/34301/stat,1749307215022,22400,1019
/proc/stat,1749307216022,2032339,209443
/proc/34301/stat,1749307216022,22508,1019
