Timestamp,Domain,Power (Watts),DRAM Power (Watts), Energy (micro joules), DRAM Energy (micro joules)
1749307016177,package-0,8.179362,4.688831,115133654964,27530827775
1749307018006,package-0,5.842087,2.534112,115144320952,27535484989
1749307020006,package-0,6.296188,2.801079,115156546812,27540864736
1749307022006,package-0,5.965805,2.614312,115168526762,27546105995
1749307024006,package-0,6.191512,2.848382,115180904049,27551835534
1749307026007,package-0,5.863632,2.545526,115192734524,27556957225
1749307028006,package-0,5.963424,2.596063,115204639645,27562107053
1749307030006,package-0,6.131881,2.701958,115216668301,27567403792
1749307032007,package-0,5.854539,2.523187,115228076048,27572203890
1749307034006,package-0,5.898606,2.553277,115239791716,27577277058
1749307036006,package-0,6.029587,2.641412,115251844969,27582531012
1749307038006,package-0,5.941819,2.524834,115263776213,27587708366
1749307040006,package-0,5.83104,2.476068,115275391356,27592679545
1749307042006,package-0,5.898117,2.526483,115287003875,27597668241
1749307044007,package-0,5.981918,2.604425,115299006103,27602873184
1749307046006,package-0,5.741563,2.384882,115310623383,27607799502
1749307048006,package-0,5.893295,2.519098,115322311463,27612804860
1749307050006,package-0,5.90062,2.546014,115334126191,27617930762
1749307052006,package-0,5.96495,2.60357,115346058045,27623114953
1749307054007,package-0,5.488511,2.185114,115357481417,27627856335
1749307056006,package-0,5.829941,2.492608,115369184756,27632875121
1749307058006,package-0,6.038192,2.611688,115381066073,27638002122
1749307060006,package-0,5.89946,2.553826,115392984805,27643170016
1749307062006,package-0,5.439867,2.176874,115404428746,27647977377
1749307064006,package-0,5.803757,2.50091,115416054753,27652953195
1749307066007,package-0,5.987899,2.55346,115427928563,27658035213
1749307068006,package-0,5.772324,2.468439,115439742742,27663165449
1749307070006,package-0,5.649094,2.372065,115451167395,27667920930
1749307072006,package-0,5.835679,2.529718,115462849983,27672936786
1749307074006,package-0,5.92424,2.54046,115474620033,27677963690
1749307076006,package-0,5.905625,2.574822,115486575447,27683165336
1749307078006,package-0,5.952011,2.610406,115497984475,27687920085
1749307080007,package-0,5.936387,2.510308,115509775217,27692941068
1749307082006,package-0,5.959945,2.577996,115521757119,27698109878
1749307084006,package-0,5.98436,2.566217,115533650339,27703241579
1749307086006,package-0,5.849228,2.479486,115545339884,27708213307
1749307088006,package-0,5.866623,2.511224,115556988230,27713196449
1749307090006,package-0,6.050766,2.661126,115569054301,27718444970
1749307092006,package-0,5.760117,2.378412,115580628246,27723315319
1749307094006,package-0,5.850205,2.495721,115592231915,27728258849
1749307096006,package-0,5.816819,2.495782,115603871106,27733252122
1749307098006,package-0,5.892807,2.563226,115615650251,27738333713
1749307100006,package-0,5.599046,2.302606,115627283583,27743251059
1749307102006,package-0,5.891342,2.539239,115639078291,27748361581
1749307104006,package-0,6.031357,2.601739,115650841811,27753412837
1749307106006,package-0,5.895615,2.559442,115662711959,27758572431
1749307108006,package-0,5.441759,2.17779,115674140946,27763312165
1749307110006,package-0,5.798386,2.487481,115685760301,27768258380
1749307112006,package-0,5.944321,2.526971,115697584306,27773307745
1749307114006,package-0,5.903183,2.574213,115709482042,27778488213
1749307116006,package-0,5.695786,2.406061,115720963152,27783291362
1749307118006,package-0,5.883896,2.534173,115732704028,27788320829
1749307120006,package-0,5.95372,2.578668,115744463764,27793356827
1749307122006,package-0,5.890427,2.527826,115756309986,27798472842
1749307124006,package-0,5.896836,2.559442,115767641073,27803188528
1749307125009,package-0,5.838852,2.47674,115773488653,27805674911
1749307127006,package-0,5.960434,2.543573,115785205420,27810696016
1749307129007,package-0,5.84636,2.528619,115796887702,27815724384
1749307131006,package-0,5.488816,2.205317,115808474647,27820588630
1749307133006,package-0,5.816147,2.493341,115820097847,27825534113
1749307135006,package-0,5.94487,2.526605,115831910622,27830571453
1749307137007,package-0,5.788194,2.47149,115843750070,27835709807
1749307139006,package-0,5.580857,2.30749,115855164347,27840437151
1749307141006,package-0,5.855819,2.514154,115866997202,27845454533
1749307143007,package-0,5.890671,2.519036,115878734538,27850472769
1749307145006,package-0,5.851486,2.503839,115890718150,27855696023
1749307147006,package-0,5.89238,2.547051,115902107281,27860415920
1749307149006,package-0,5.789719,2.471246,115913792493,27865407790
1749307151006,package-0,5.981796,2.579523,115925668927,27870527223
1749307153006,package-0,6.020004,2.58941,115937607678,27875689624
1749307155006,package-0,5.806748,2.456903,115949228498,27880632482
1749307157006,package-0,5.856186,2.498651,115960821425,27885582055
1749307159006,package-0,6.021591,2.640557,115972785262,27890751780
1749307161006,package-0,5.77031,2.382196,115984307022,27895599180
1749307163006,package-0,5.803269,2.46258,115995663621,27900363023
1749307165006,package-0,5.849473,2.499322,116007359026,27905381015
1749307167006,package-0,6.132736,2.704339,116019381517,27910603719
1749307169006,package-0,5.497483,2.16247,116030697772,27915257272
1749307171006,package-0,5.851669,2.507135,116042460437,27920325801
1749307173006,package-0,6.037582,2.600274,116054278095,27925398359
1749307175006,package-0,5.877976,2.536859,116066147633,27930522186
1749307177006,package-0,5.787217,2.457636,116077944722,27935568255
1749307179006,package-0,5.768357,2.464349,116089555532,27940508550
1749307181006,package-0,5.971787,2.540765,116101384359,27945568290
1749307183006,package-0,5.872482,2.547845,116113273244,27950750467
1749307185006,package-0,5.64177,2.357904,116124767050,27955537381
1749307187007,package-0,5.866684,2.524224,116136535392,27960582595
1749307189006,package-0,5.933274,2.53277,116148352989,27965645937
1749307191006,package-0,6.400558,2.487909,116161188161,27970851246
1749307193006,package-0,5.84929,2.520502,116172495017,27975514381
1749307195006,package-0,5.84581,2.518609,116184263114,27980564111
1749307197006,package-0,5.941452,2.552544,116196037315,27985598644
1749307199006,package-0,6.09288,2.638726,116208055717,27990822630
1749307201006,package-0,5.812851,2.460259,116219400597,27995418443
1749307203006,package-0,5.857956,2.519586,116231061151,28000421421
1749307205008,package-0,6.030136,2.631341,116243085351,28005602011
1749307207007,package-0,5.864731,2.447687,116254765802,28010531015
1749307209006,package-0,5.771408,2.418146,116266076869,28015248654
1749307211006,package-0,5.866867,2.510553,116277861202,28020332015
1749307213006,package-0,6.064804,2.640558,116289847988,28025519624
1749307215006,package-0,5.50261,2.185969,116301224301,28030261128
