SourceFile,Timestamp,userTime (Ticks),systemTime (Ticks)
/proc/stat,1748991947289,2525854,303905
/proc/23842/stat,1748991947295,2460,126
/proc/stat,1748991948064,2525948,303910
/proc/23842/stat,1748991948069,2542,127
/proc/stat,1748991949061,2526054,303918
/proc/23842/stat,1748991949065,2644,132
/proc/stat,1748991950063,2526167,303922
/proc/23842/stat,1748991950068,2755,133
/proc/stat,1748991951065,2526281,303930
/proc/23842/stat,1748991951070,2862,139
/proc/stat,1748991952059,2526382,303945
/proc/23842/stat,1748991952064,2959,149
/proc/stat,1748991953062,2526496,303950
/proc/23842/stat,1748991953065,3066,149
/proc/stat,1748991954061,2526604,303954
/proc/23842/stat,1748991954065,3174,149
/proc/stat,1748991955061,2526706,303968
/proc/23842/stat,1748991955065,3271,160
/proc/stat,1748991956062,2526816,303973
/proc/23842/stat,1748991956067,3381,160
/proc/stat,1748991957059,2526930,303976
/proc/23842/stat,1748991957062,3489,160
/proc/stat,1748991958060,2527041,303980
/proc/23842/stat,1748991958065,3598,160
/proc/stat,1748991959062,2527146,303995
/proc/23842/stat,1748991959066,3698,172
/proc/stat,1748991960059,2527258,303998
/proc/23842/stat,1748991960063,3807,172
/proc/stat,1748991961061,2527406,304001
/proc/23842/stat,1748991961065,3944,172
/proc/stat,1748991962064,2527527,304006
/proc/23842/stat,1748991962068,4059,172
/proc/stat,1748991963059,2527643,304009
/proc/23842/stat,1748991963063,4169,173
/proc/stat,1748991964061,2527751,304019
/proc/23842/stat,1748991964064,4272,179
/proc/stat,1748991965061,2527847,304032
/proc/23842/stat,1748991965064,4365,186
/proc/stat,1748991966062,2527958,304036
/proc/23842/stat,1748991966065,4474,186
/proc/stat,1748991967062,2528078,304040
/proc/23842/stat,1748991967065,4584,186
/proc/stat,1748991968061,2528190,304043
/proc/23842/stat,1748991968065,4684,186
/proc/stat,1748991969061,2528302,304047
/proc/23842/stat,1748991969065,4793,186
/proc/stat,1748991970059,2528418,304050
/proc/23842/stat,1748991970062,4904,186
/proc/stat,1748991971061,2528521,304054
/proc/23842/stat,1748991971065,5004,186
/proc/stat,1748991972059,2528648,304059
/proc/23842/stat,1748991972062,5116,186
/proc/stat,1748991973068,2528840,304066
/proc/23842/stat,1748991973072,5305,188
/proc/stat,1748991974062,2529062,304070
/proc/23842/stat,1748991974069,5521,191
/proc/stat,1748991975101,2529298,304091
/proc/23842/stat,1748991975105,5750,208
/proc/stat,1748991976074,2529568,304122
/proc/23842/stat,1748991976078,6015,235
/proc/stat,1748991977060,2529743,304128
/proc/23842/stat,1748991977064,6183,236
/proc/stat,1748991978071,2529851,304137
/proc/23842/stat,1748991978074,6286,239
/proc/stat,1748991979064,2529964,304140
/proc/23842/stat,1748991979067,6389,239
/proc/stat,1748991980060,2530079,304152
/proc/23842/stat,1748991980062,6487,246
/proc/stat,1748991981061,2530186,304156
/proc/23842/stat,1748991981064,6590,246
/proc/stat,1748991982062,2530289,304166
/proc/23842/stat,1748991982064,6692,252
/proc/stat,1748991983061,2530396,304170
/proc/23842/stat,1748991983067,6796,252
/proc/stat,1748991984063,2530513,304173
/proc/23842/stat,1748991984065,6904,252
/proc/stat,1748991985060,2530614,304184
/proc/23842/stat,1748991985063,7001,259
/proc/stat,1748991986062,2530725,304189
/proc/23842/stat,1748991986065,7109,259
/proc/stat,1748991987059,2530837,304192
/proc/23842/stat,1748991987062,7217,260
/proc/stat,1748991988059,2530938,304203
/proc/23842/stat,1748991988062,7316,267
/proc/stat,1748991989060,2531048,304208
/proc/23842/stat,1748991989063,7423,268
/proc/stat,1748991990060,2531159,304213
/proc/23842/stat,1748991990062,7528,269
/proc/stat,1748991991061,2531268,304218
/proc/23842/stat,1748991991064,7636,269
/proc/stat,1748991992059,2531366,304233
/proc/23842/stat,1748991992062,7732,281
/proc/stat,1748991993059,2531476,304238
/proc/23842/stat,1748991993061,7841,281
/proc/stat,1748991994059,2531587,304242
/proc/23842/stat,1748991994062,7949,281
/proc/stat,1748991995060,2531691,304246
/proc/23842/stat,1748991995063,8049,281
/proc/stat,1748991996060,2531807,304250
/proc/23842/stat,1748991996062,8162,281
/proc/stat,1748991997061,2531905,304268
/proc/23842/stat,1748991997064,8256,294
/proc/stat,1748991998061,2532019,304272
/proc/23842/stat,1748991998063,8364,294
/proc/stat,1748991999058,2532122,304275
/proc/23842/stat,1748991999061,8464,294
/proc/stat,1748992000059,2532233,304278
/proc/23842/stat,1748992000061,8573,294
/proc/stat,1748992001063,2532346,304283
/proc/23842/stat,1748992001066,8683,295
/proc/stat,1748992002062,2532460,304288
/proc/23842/stat,1748992002065,8793,295
/proc/stat,1748992003061,2532563,304294
/proc/23842/stat,1748992003063,8893,295
/proc/stat,1748992004061,2532666,304307
/proc/23842/stat,1748992004063,8993,305
/proc/stat,1748992005059,2532768,304312
/proc/23842/stat,1748992005061,9093,305
/proc/stat,1748992006059,2532880,304316
/proc/23842/stat,1748992006062,9204,305
/proc/stat,1748992007061,2532996,304320
/proc/23842/stat,1748992007063,9318,305
/proc/stat,1748992008059,2533098,304326
/proc/23842/stat,1748992008061,9419,305
/proc/stat,1748992009063,2533213,304332
/proc/23842/stat,1748992009065,9530,308
/proc/stat,1748992010059,2533324,304349
/proc/23842/stat,1748992010061,9638,321
/proc/stat,1748992011059,2533428,304352
/proc/23842/stat,1748992011061,9740,321
/proc/stat,1748992012058,2533538,304356
/proc/23842/stat,1748992012061,9845,321
/proc/stat,1748992013059,2533643,304362
/proc/23842/stat,1748992013062,9948,324
/proc/stat,1748992014058,2533748,304365
/proc/23842/stat,1748992014061,10051,324
/proc/stat,1748992015059,2533857,304369
/proc/23842/stat,1748992015061,10156,325
/proc/stat,1748992016058,2533963,304378
/proc/23842/stat,1748992016060,10259,331
/proc/stat,1748992017058,2534082,304382
/proc/23842/stat,1748992017061,10372,331
/proc/stat,1748992018060,2534188,304392
/proc/23842/stat,1748992018062,10474,337
/proc/stat,1748992019063,2534294,304401
/proc/23842/stat,1748992019065,10576,342
/proc/stat,1748992020062,2534410,304407
/proc/23842/stat,1748992020064,10690,344
/proc/stat,1748992021058,2534521,304412
/proc/23842/stat,1748992021060,10798,344
/proc/stat,1748992022058,2534609,304429
/proc/23842/stat,1748992022061,10882,360
/proc/stat,1748992023058,2534722,304433
/proc/23842/stat,1748992023060,10992,360
/proc/stat,1748992024059,2534832,304437
/proc/23842/stat,1748992024062,11101,360
/proc/stat,1748992025060,2534943,304442
/proc/23842/stat,1748992025063,11211,360
/proc/stat,1748992026060,2535050,304451
/proc/23842/stat,1748992026063,11315,366
/proc/stat,1748992027062,2535157,304464
/proc/23842/stat,1748992027065,11417,374
/proc/stat,1748992028058,2535259,304468
/proc/23842/stat,1748992028060,11517,374
/proc/stat,1748992029059,2535378,304473
/proc/23842/stat,1748992029061,11630,375
/proc/stat,1748992030058,2535491,304477
/proc/23842/stat,1748992030061,11740,375
/proc/stat,1748992031061,2535594,304495
/proc/23842/stat,1748992031077,11842,386
/proc/stat,1748992032062,2535704,304504
/proc/23842/stat,1748992032065,11937,392
/proc/stat,1748992033059,2535820,304508
/proc/23842/stat,1748992033061,12045,392
/proc/stat,1748992034059,2535930,304513
/proc/23842/stat,1748992034067,12154,392
/proc/stat,1748992035058,2536036,304518
/proc/23842/stat,1748992035061,12254,392
/proc/stat,1748992036058,2536149,304520
/proc/23842/stat,1748992036060,12365,392
/proc/stat,1748992037063,2536263,304525
/proc/23842/stat,1748992037065,12477,392
/proc/stat,1748992038058,2536366,304528
/proc/23842/stat,1748992038060,12576,392
/proc/stat,1748992039058,2536479,304532
/proc/23842/stat,1748992039061,12687,392
/proc/stat,1748992040059,2536582,304535
/proc/23842/stat,1748992040061,12788,392
/proc/stat,1748992041060,2536698,304545
/proc/23842/stat,1748992041062,12900,397
/proc/stat,1748992042062,2536802,304551
/proc/23842/stat,1748992042065,12998,399
/proc/stat,1748992043058,2536902,304578
/proc/23842/stat,1748992043061,13098,421
/proc/stat,1748992044059,2537002,304587
/proc/23842/stat,1748992044061,13195,427
/proc/stat,1748992045060,2537109,304591
/proc/23842/stat,1748992045062,13297,427
/proc/stat,1748992046058,2537214,304596
/proc/23842/stat,1748992046060,13401,427
/proc/stat,1748992047058,2537318,304602
/proc/23842/stat,1748992047060,13503,430
/proc/stat,1748992048058,2537426,304606
/proc/23842/stat,1748992048060,13608,430
/proc/stat,1748992049059,2537530,304610
/proc/23842/stat,1748992049062,13711,431
/proc/stat,1748992050059,2537641,304619
/proc/23842/stat,1748992050062,13819,436
/proc/stat,1748992051061,2537749,304625
/proc/23842/stat,1748992051063,13925,436
/proc/stat,1748992052059,2537851,304636
/proc/23842/stat,1748992052061,14025,443
/proc/stat,1748992053058,2537956,304647
/proc/23842/stat,1748992053061,14128,449
/proc/stat,1748992054058,2538068,304653
/proc/23842/stat,1748992054060,14236,449
/proc/stat,1748992055058,2538186,304657
/proc/23842/stat,1748992055060,14352,450
/proc/stat,1748992056058,2538278,304672
/proc/23842/stat,1748992056061,14441,461
/proc/stat,1748992057058,2538391,304676
/proc/23842/stat,1748992057061,14551,461
/proc/stat,1748992058058,2538502,304680
/proc/23842/stat,1748992058060,14659,461
/proc/stat,1748992059058,2538614,304684
/proc/23842/stat,1748992059061,14769,461
/proc/stat,1748992060058,2538726,304688
/proc/23842/stat,1748992060061,14879,461
/proc/stat,1748992061059,2538822,304700
/proc/23842/stat,1748992061062,14970,471
/proc/stat,1748992062059,2538934,304704
/proc/23842/stat,1748992062061,15080,471
/proc/stat,1748992063059,2539049,304708
/proc/23842/stat,1748992063061,15194,472
/proc/stat,1748992064088,2539172,304712
/proc/23842/stat,1748992064091,15308,472
/proc/stat,1748992065060,2539274,304717
/proc/23842/stat,1748992065062,15405,472
/proc/stat,1748992066058,2539384,304724
/proc/23842/stat,1748992066061,15514,475
/proc/stat,1748992067084,2539485,304736
/proc/23842/stat,1748992067087,15609,483
/proc/stat,1748992068060,2539595,304741
/proc/23842/stat,1748992068063,15715,483
/proc/stat,1748992069058,2539710,304745
/proc/23842/stat,1748992069061,15826,483
/proc/stat,1748992070061,2539815,304748
/proc/23842/stat,1748992070064,15926,483
/proc/stat,1748992071060,2539929,304751
/proc/23842/stat,1748992071063,16036,483
/proc/stat,1748992072062,2540034,304756
/proc/23842/stat,1748992072064,16137,483
/proc/stat,1748992073062,2540148,304761
/proc/23842/stat,1748992073064,16247,484
/proc/stat,1748992074062,2540263,304764
/proc/23842/stat,1748992074065,16358,484
/proc/stat,1748992075062,2540368,304768
/proc/23842/stat,1748992075064,16459,484
/proc/stat,1748992076058,2540472,304771
/proc/23842/stat,1748992076060,16559,484
/proc/stat,1748992077060,2540583,304792
/proc/23842/stat,1748992077062,16666,500
/proc/stat,1748992078058,2540687,304796
/proc/23842/stat,1748992078062,16768,501
/proc/stat,1748992079060,2540789,304806
/proc/23842/stat,1748992079062,16868,504
/proc/stat,1748992080060,2540897,304808
/proc/23842/stat,1748992080062,16973,504
/proc/stat,1748992081060,2541000,304818
/proc/23842/stat,1748992081063,17073,509
/proc/stat,1748992082059,2541109,304821
/proc/23842/stat,1748992082061,17179,509
/proc/stat,1748992083060,2541207,304832
/proc/23842/stat,1748992083064,17274,517
/proc/stat,1748992084058,2541318,304837
/proc/23842/stat,1748992084060,17382,517
/proc/stat,1748992085060,2541423,304843
/proc/23842/stat,1748992085062,17487,517
/proc/stat,1748992086059,2541524,304853
/proc/23842/stat,1748992086062,17585,524
/proc/stat,1748992087058,2541635,304857
/proc/23842/stat,1748992087061,17694,524
/proc/stat,1748992088060,2541743,304861
/proc/23842/stat,1748992088064,17800,525
/proc/stat,1748992089060,2541844,304873
/proc/23842/stat,1748992089063,17900,530
/proc/stat,1748992090059,2541952,304879
/proc/23842/stat,1748992090062,18005,533
/proc/stat,1748992091059,2542063,304880
/proc/23842/stat,1748992091062,18111,533
/proc/stat,1748992092059,2542171,304885
/proc/23842/stat,1748992092062,18218,533
/proc/stat,1748992093059,2542278,304895
/proc/23842/stat,1748992093062,18319,540
/proc/stat,1748992094062,2542386,304904
/proc/23842/stat,1748992094065,18423,545
/proc/stat,1748992095058,2542497,304908
/proc/23842/stat,1748992095061,18531,545
/proc/stat,1748992096077,2542614,304914
/proc/23842/stat,1748992096080,18638,545
/proc/stat,1748992097059,2542722,304919
/proc/23842/stat,1748992097061,18743,545
/proc/stat,1748992098061,2542825,304931
/proc/23842/stat,1748992098063,18845,553
/proc/stat,1748992099058,2542934,304938
/proc/23842/stat,1748992099061,18949,556
/proc/stat,1748992100059,2543036,304941
/proc/23842/stat,1748992100061,19050,556
/proc/stat,1748992101059,2543145,304946
/proc/23842/stat,1748992101061,19158,557
/proc/stat,1748992102060,2543255,304951
/proc/23842/stat,1748992102062,19266,557
/proc/stat,1748992103058,2543368,304954
/proc/23842/stat,1748992103060,19376,557
/proc/stat,1748992104059,2543470,304958
/proc/23842/stat,1748992104061,19477,557
/proc/stat,1748992105058,2543574,304971
/proc/23842/stat,1748992105060,19578,565
/proc/stat,1748992106060,2543672,304980
/proc/23842/stat,1748992106062,19674,569
/proc/stat,1748992107059,2543785,304985
/proc/23842/stat,1748992107061,19785,570
/proc/stat,1748992108057,2543899,304989
/proc/23842/stat,1748992108060,19896,570
/proc/stat,1748992109057,2544002,304990
/proc/23842/stat,1748992109059,19997,570
/proc/stat,1748992110059,2544105,304993
/proc/23842/stat,1748992110060,20097,570
/proc/stat,1748992111063,2544210,305015
/proc/23842/stat,1748992111065,20201,587
/proc/stat,1748992112058,2544314,305019
/proc/23842/stat,1748992112060,20302,587
/proc/stat,1748992113061,2544416,305030
/proc/23842/stat,1748992113063,20401,592
/proc/stat,1748992114058,2544525,305032
/proc/23842/stat,1748992114060,20507,593
/proc/stat,1748992115059,2544624,305043
/proc/23842/stat,1748992115061,20604,598
/proc/stat,1748992116059,2544732,305047
/proc/23842/stat,1748992116062,20710,598
/proc/stat,1748992117060,2544833,305056
/proc/23842/stat,1748992117062,20806,605
/proc/stat,1748992118059,2544944,305060
/proc/23842/stat,1748992118062,20915,605
/proc/stat,1748992119060,2545050,305065
/proc/23842/stat,1748992119062,21019,605
/proc/stat,1748992120057,2545156,305075
/proc/23842/stat,1748992120060,21123,610
/proc/stat,1748992121058,2545263,305077
/proc/23842/stat,1748992121060,21227,610
/proc/stat,1748992122059,2545371,305080
/proc/23842/stat,1748992122061,21333,610
/proc/stat,1748992123058,2545474,305088
/proc/23842/stat,1748992123061,21433,614
/proc/stat,1748992124059,2545578,305095
/proc/23842/stat,1748992124061,21536,618
/proc/stat,1748992125059,2545687,305099
/proc/23842/stat,1748992125061,21643,618
/proc/stat,1748992126060,2545798,305103
/proc/23842/stat,1748992126062,21750,619
/proc/stat,1748992127059,2545900,305114
/proc/23842/stat,1748992127061,21850,626
/proc/stat,1748992128066,2546008,305122
/proc/23842/stat,1748992128068,21955,630
/proc/stat,1748992129058,2546121,305124
/proc/23842/stat,1748992129059,22062,630
/proc/stat,1748992130057,2546224,305128
/proc/23842/stat,1748992130059,22163,630
/proc/stat,1748992131057,2546338,305131
/proc/23842/stat,1748992131059,22275,630
/proc/stat,1748992132057,2546437,305146
/proc/23842/stat,1748992132059,22373,642
/proc/stat,1748992133057,2546544,305151
/proc/23842/stat,1748992133058,22480,644
/proc/stat,1748992134057,2546648,305154
/proc/23842/stat,1748992134059,22580,644
/proc/stat,1748992135058,2546761,305156
/proc/23842/stat,1748992135059,22689,644
/proc/stat,1748992136057,2546874,305158
/proc/23842/stat,1748992136059,22799,644
/proc/stat,1748992137061,2546982,305163
/proc/23842/stat,1748992137064,22905,644
/proc/stat,1748992138060,2547091,305167
/proc/23842/stat,1748992138063,23009,644
/proc/stat,1748992139058,2547206,305172
/proc/23842/stat,1748992139060,23117,645
/proc/stat,1748992140057,2547317,305176
/proc/23842/stat,1748992140059,23228,645
/proc/stat,1748992141057,2547405,305193
/proc/23842/stat,1748992141059,23314,659
/proc/stat,1748992142057,2547518,305197
/proc/23842/stat,1748992142059,23426,659
/proc/stat,1748992143056,2547619,305200
/proc/23842/stat,1748992143058,23526,659
/proc/stat,1748992144057,2547720,305204
/proc/23842/stat,1748992144059,23626,659
/proc/stat,1748992145057,2547828,305222
/proc/23842/stat,1748992145059,23733,675
/proc/stat,1748992146057,2547932,305225
/proc/23842/stat,1748992146058,23835,676
/proc/stat,1748992147057,2548036,305232
/proc/23842/stat,1748992147059,23937,678
/proc/stat,1748992148057,2548140,305236
/proc/23842/stat,1748992148058,24041,678
/proc/stat,1748992149057,2548242,305246
/proc/23842/stat,1748992149059,24142,684
/proc/stat,1748992150057,2548346,305250
/proc/23842/stat,1748992150059,24245,685
/proc/stat,1748992151057,2548452,305259
/proc/23842/stat,1748992151059,24348,690
/proc/stat,1748992152057,2548556,305263
/proc/23842/stat,1748992152059,24452,690
/proc/stat,1748992153057,2548666,305266
/proc/23842/stat,1748992153059,24561,690
/proc/stat,1748992154059,2548769,305275
/proc/23842/stat,1748992154060,24660,696
/proc/stat,1748992155058,2548876,305278
/proc/23842/stat,1748992155059,24765,696
/proc/stat,1748992156057,2548986,305281
/proc/23842/stat,1748992156059,24871,696
/proc/stat,1748992157058,2549086,305294
/proc/23842/stat,1748992157059,24969,704
/proc/stat,1748992158057,2549195,305298
/proc/23842/stat,1748992158059,25076,704
/proc/stat,1748992159058,2549305,305302
/proc/23842/stat,1748992159060,25183,704
/proc/stat,1748992160064,2549426,305308
/proc/23842/stat,1748992160066,25299,704
/proc/stat,1748992161058,2549519,305320
/proc/23842/stat,1748992161060,25390,713
/proc/stat,1748992162058,2549629,305324
/proc/23842/stat,1748992162059,25498,713
/proc/stat,1748992163058,2549739,305328
/proc/23842/stat,1748992163060,25606,714
/proc/stat,1748992164058,2549854,305331
/proc/23842/stat,1748992164060,25718,714
/proc/stat,1748992165057,2549965,305336
/proc/23842/stat,1748992165059,25827,714
/proc/stat,1748992166057,2550055,305352
/proc/23842/stat,1748992166059,25915,726
/proc/stat,1748992167057,2550164,305356
/proc/23842/stat,1748992167059,26023,726
/proc/stat,1748992168057,2550275,305359
/proc/23842/stat,1748992168059,26132,726
/proc/stat,1748992169057,2550383,305362
/proc/23842/stat,1748992169059,26232,726
/proc/stat,1748992170058,2550494,305366
/proc/23842/stat,1748992170059,26341,726
/proc/stat,1748992171057,2550607,305369
/proc/23842/stat,1748992171058,26452,726
/proc/stat,1748992172057,2550719,305372
/proc/23842/stat,1748992172058,26562,726
/proc/stat,1748992173057,2550810,305386
/proc/23842/stat,1748992173058,26650,738
/proc/stat,1748992174058,2550922,305389
/proc/23842/stat,1748992174059,26761,738
/proc/stat,1748992175057,2551027,305392
/proc/23842/stat,1748992175059,26861,738
/proc/stat,1748992176057,2551143,305395
/proc/23842/stat,1748992176058,26973,739
/proc/stat,1748992177058,2551246,305400
/proc/23842/stat,1748992177060,27073,739
/proc/stat,1748992178061,2551365,305406
/proc/23842/stat,1748992178063,27183,741
/proc/stat,1748992179066,2551465,305428
/proc/23842/stat,1748992179068,27282,757
/proc/stat,1748992180059,2551569,305432
/proc/23842/stat,1748992180061,27384,757
/proc/stat,1748992181059,2551673,305440
/proc/23842/stat,1748992181061,27486,760
/proc/stat,1748992182058,2551776,305445
/proc/23842/stat,1748992182060,27588,762
/proc/stat,1748992183058,2551880,305453
/proc/23842/stat,1748992183059,27688,767
/proc/stat,1748992184058,2551988,305456
/proc/23842/stat,1748992184059,27794,767
/proc/stat,1748992185057,2552089,305466
/proc/23842/stat,1748992185059,27892,774
/proc/stat,1748992186058,2552199,305469
/proc/23842/stat,1748992186060,28000,774
/proc/stat,1748992187059,2552306,305472
/proc/23842/stat,1748992187060,28105,774
/proc/stat,1748992188057,2552406,305482
/proc/23842/stat,1748992188059,28203,780
/proc/stat,1748992189059,2552513,305485
/proc/23842/stat,1748992189061,28308,781
/proc/stat,1748992190059,2552627,305489
/proc/23842/stat,1748992190061,28420,781
/proc/stat,1748992191060,2552720,305504
/proc/23842/stat,1748992191062,28509,792
/proc/stat,1748992192058,2552832,305508
/proc/23842/stat,1748992192060,28619,793
/proc/stat,1748992193058,2552940,305513
/proc/23842/stat,1748992193060,28726,793
/proc/stat,1748992194059,2553050,305517
/proc/23842/stat,1748992194061,28834,793
/proc/stat,1748992195061,2553142,305532
/proc/23842/stat,1748992195063,28923,804
/proc/stat,1748992196060,2553250,305536
/proc/23842/stat,1748992196062,29031,804
/proc/stat,1748992197062,2553364,305540
/proc/23842/stat,1748992197064,29140,804
/proc/stat,1748992198061,2553480,305544
/proc/23842/stat,1748992198064,29252,804
/proc/stat,1748992199059,2553593,305547
/proc/23842/stat,1748992199061,29362,804
/proc/stat,1748992200061,2553684,305563
/proc/23842/stat,1748992200063,29451,816
/proc/stat,1748992201062,2553798,305567
/proc/23842/stat,1748992201064,29559,816
/proc/stat,1748992202066,2553916,305571
/proc/23842/stat,1748992202068,29668,816
/proc/stat,1748992203061,2554028,305576
/proc/23842/stat,1748992203063,29776,816
/proc/stat,1748992204060,2554130,305581
/proc/23842/stat,1748992204062,29876,816
/proc/stat,1748992205060,2554243,305586
/proc/23842/stat,1748992205062,29986,817
/proc/stat,1748992206058,2554355,305590
/proc/23842/stat,1748992206060,30096,817
/proc/stat,1748992207059,2554444,305606
/proc/23842/stat,1748992207062,30184,830
/proc/stat,1748992208057,2554556,305609
/proc/23842/stat,1748992208059,30294,830
/proc/stat,1748992209057,2554658,305613
/proc/23842/stat,1748992209059,30394,830
/proc/stat,1748992210058,2554772,305617
/proc/23842/stat,1748992210059,30506,830
/proc/stat,1748992211057,2554873,305622
/proc/23842/stat,1748992211059,30607,830
/proc/stat,1748992212094,2554982,305640
/proc/23842/stat,1748992212096,30713,845
/proc/stat,1748992213057,2555081,305646
/proc/23842/stat,1748992213059,30810,848
/proc/stat,1748992214058,2555183,305654
/proc/23842/stat,1748992214060,30909,851
/proc/stat,1748992215057,2555290,305658
/proc/23842/stat,1748992215059,31015,852
/proc/stat,1748992216057,2555388,305668
/proc/23842/stat,1748992216059,31110,860
/proc/stat,1748992217057,2555496,305673
/proc/23842/stat,1748992217059,31214,861
/proc/stat,1748992218058,2555603,305676
/proc/23842/stat,1748992218060,31320,861
/proc/stat,1748992219057,2555703,305687
/proc/23842/stat,1748992219059,31418,867
/proc/stat,1748992220057,2555813,305690
/proc/23842/stat,1748992220059,31526,867
/proc/stat,1748992221060,2555920,305696
/proc/23842/stat,1748992221063,31628,870
/proc/stat,1748992222057,2556025,305703
/proc/23842/stat,1748992222059,31731,872
/proc/stat,1748992223058,2556139,305707
/proc/23842/stat,1748992223060,31842,872
/proc/stat,1748992224057,2556246,305710
/proc/23842/stat,1748992224059,31948,872
/proc/stat,1748992225057,2556350,305721
/proc/23842/stat,1748992225060,32048,880
/proc/stat,1748992226057,2556458,305725
/proc/23842/stat,1748992226059,32154,880
/proc/stat,1748992227057,2556566,305728
/proc/23842/stat,1748992227059,32261,880
/proc/stat,1748992228056,2556675,305732
/proc/23842/stat,1748992228058,32368,881
/proc/stat,1748992229057,2556776,305745
/proc/23842/stat,1748992229059,32467,890
/proc/stat,1748992230057,2556878,305749
/proc/23842/stat,1748992230059,32567,890
/proc/stat,1748992231057,2556989,305752
/proc/23842/stat,1748992231059,32675,891
/proc/stat,1748992232056,2557104,305755
/proc/23842/stat,1748992232058,32788,891
/proc/stat,1748992233057,2557210,305763
/proc/23842/stat,1748992233059,32894,895
/proc/stat,1748992234056,2557304,305776
/proc/23842/stat,1748992234058,32984,905
/proc/stat,1748992235056,2557414,305780
/proc/23842/stat,1748992235058,33091,906
/proc/stat,1748992236056,2557524,305783
/proc/23842/stat,1748992236058,33199,907
/proc/stat,1748992237056,2557634,305787
/proc/23842/stat,1748992237058,33307,907
/proc/stat,1748992238056,2557736,305792
/proc/23842/stat,1748992238058,33407,907
/proc/stat,1748992239057,2557846,305797
/proc/23842/stat,1748992239059,33517,907
/proc/stat,1748992240057,2557956,305803
/proc/23842/stat,1748992240059,33623,909
/proc/stat,1748992241056,2558047,305817
/proc/23842/stat,1748992241058,33714,919
/proc/stat,1748992242056,2558160,305820
/proc/23842/stat,1748992242058,33823,919
/proc/stat,1748992243060,2558266,305826
/proc/23842/stat,1748992243063,33928,920
/proc/stat,1748992244056,2558375,305829
/proc/23842/stat,1748992244058,34031,920
/proc/stat,1748992245056,2558476,305832
/proc/23842/stat,1748992245058,34130,920
/proc/stat,1748992246058,2558581,305852
/proc/23842/stat,1748992246060,34232,937
/proc/stat,1748992247056,2558685,305856
/proc/23842/stat,1748992247058,34332,938
/proc/stat,1748992248058,2558787,305864
/proc/23842/stat,1748992248060,34432,943
/proc/stat,1748992249056,2558891,305868
/proc/23842/stat,1748992249058,34536,943
/proc/stat,1748992250057,2558990,305875
/proc/23842/stat,1748992250059,34632,949
/proc/stat,1748992251056,2559096,305878
/proc/23842/stat,1748992251058,34736,951
/proc/stat,1748992252056,2559202,305882
/proc/23842/stat,1748992252058,34840,953
/proc/stat,1748992253057,2559306,305889
/proc/23842/stat,1748992253059,34940,959
/proc/stat,1748992254057,2559415,305892
/proc/23842/stat,1748992254059,35047,959
/proc/stat,1748992255057,2559518,305898
/proc/23842/stat,1748992255058,35148,963
/proc/stat,1748992256056,2559618,305907
/proc/23842/stat,1748992256058,35247,969
/proc/stat,1748992257060,2559730,305911
/proc/23842/stat,1748992257062,35356,970
/proc/stat,1748992258057,2559838,305914
/proc/23842/stat,1748992258059,35462,971
/proc/stat,1748992259057,2559938,305927
/proc/23842/stat,1748992259059,35560,981
/proc/stat,1748992260057,2560046,305930
/proc/23842/stat,1748992260058,35666,981
/proc/stat,1748992261056,2560155,305932
/proc/23842/stat,1748992261058,35773,982
/proc/stat,1748992262057,2560264,305936
/proc/23842/stat,1748992262059,35879,984
/proc/stat,1748992263056,2560355,305948
/proc/23842/stat,1748992263058,35970,993
/proc/stat,1748992264056,2560466,305950
/proc/23842/stat,1748992264058,36078,994
/proc/stat,1748992265056,2560577,305952
/proc/23842/stat,1748992265058,36186,994
/proc/stat,1748992266072,2560695,305955
/proc/23842/stat,1748992266074,36298,996
/proc/stat,1748992267058,2560806,305958
/proc/23842/stat,1748992267060,36406,996
/proc/stat,1748992268056,2560896,305972
/proc/23842/stat,1748992268058,36494,1008
/proc/stat,1748992269056,2561004,305976
/proc/23842/stat,1748992269058,36600,1010
/proc/stat,1748992270056,2561109,305980
/proc/23842/stat,1748992270058,36702,1016
/proc/stat,1748992271056,2561198,305983
/proc/23842/stat,1748992271058,36790,1028
/proc/stat,1748992272056,2561297,305987
/proc/23842/stat,1748992272058,36887,1040
/proc/stat,1748992273056,2561398,305992
/proc/23842/stat,1748992273058,36985,1052
/proc/stat,1748992274056,2561497,305996
/proc/23842/stat,1748992274059,37084,1064
/proc/stat,1748992275080,2561578,306013
/proc/23842/stat,1748992275083,37162,1088
/proc/stat,1748992276057,2561679,306016
/proc/23842/stat,1748992276059,37259,1099
/proc/stat,1748992277056,2561767,306019
/proc/23842/stat,1748992277059,37345,1113
/proc/stat,1748992278056,2561871,306023
/proc/23842/stat,1748992278059,37447,1124
/proc/stat,1748992279056,2561962,306029
/proc/23842/stat,1748992279058,37536,1134
/proc/stat,1748992280056,2562053,306034
/proc/23842/stat,1748992280058,37625,1146
/proc/stat,1748992281056,2562144,306057
/proc/23842/stat,1748992281058,37715,1176
/proc/stat,1748992282056,2562236,306062
/proc/23842/stat,1748992282058,37805,1190
/proc/stat,1748992283057,2562338,306070
/proc/23842/stat,1748992283059,37897,1202
/proc/stat,1748992284057,2562439,306079
/proc/23842/stat,1748992284060,37995,1209
/proc/stat,1748992285056,2562545,306091
/proc/23842/stat,1748992285058,38095,1213
/proc/stat,1748992286057,2562653,306100
/proc/23842/stat,1748992286059,38197,1215
/proc/stat,1748992287057,2562760,306115
/proc/23842/stat,1748992287059,38298,1222
/proc/stat,1748992288056,2562867,306125
/proc/23842/stat,1748992288058,38401,1223
/proc/stat,1748992289057,2562982,306133
/proc/23842/stat,1748992289059,38509,1223
/proc/stat,1748992290057,2563086,306145
/proc/23842/stat,1748992290059,38607,1230
/proc/stat,1748992291057,2563214,306151
/proc/23842/stat,1748992291059,38713,1230
/proc/stat,1748992292057,2563325,306156
/proc/23842/stat,1748992292058,38818,1231
/proc/stat,1748992293057,2563426,306171
/proc/23842/stat,1748992293058,38912,1242
/proc/stat,1748992294058,2563536,306176
/proc/23842/stat,1748992294060,39020,1243
/proc/stat,1748992295056,2563647,306182
/proc/23842/stat,1748992295058,39126,1243
/proc/stat,1748992296056,2563756,306187
/proc/23842/stat,1748992296058,39232,1244
/proc/stat,1748992297056,2563853,306202
/proc/23842/stat,1748992297058,39328,1255
/proc/stat,1748992298057,2563964,306206
/proc/23842/stat,1748992298058,39437,1255
/proc/stat,1748992299057,2564074,306210
/proc/23842/stat,1748992299058,39544,1256
/proc/stat,1748992300056,2564190,306217
/proc/23842/stat,1748992300058,39655,1257
/proc/stat,1748992301061,2564304,306221
/proc/23842/stat,1748992301062,39765,1258
/proc/stat,1748992302056,2564394,306234
/proc/23842/stat,1748992302058,39854,1269
/proc/stat,1748992303057,2564502,306238
/proc/23842/stat,1748992303058,39961,1270
/proc/stat,1748992304063,2564612,306242
/proc/23842/stat,1748992304064,40070,1271
/proc/stat,1748992305058,2564714,306245
/proc/23842/stat,1748992305059,40169,1271
/proc/stat,1748992306056,2564824,306247
/proc/23842/stat,1748992306058,40276,1273
/proc/stat,1748992307056,2564935,306250
/proc/23842/stat,1748992307058,40386,1273
/proc/stat,1748992308055,2565035,306254
/proc/23842/stat,1748992308057,40485,1275
/proc/stat,1748992309056,2565135,306268
/proc/23842/stat,1748992309058,40582,1288
/proc/stat,1748992310055,2565234,306274
/proc/23842/stat,1748992310057,40679,1291
/proc/stat,1748992311056,2565346,306278
/proc/23842/stat,1748992311058,40790,1291
/proc/stat,1748992312057,2565460,306281
/proc/23842/stat,1748992312058,40901,1291
/proc/stat,1748992313055,2565561,306285
/proc/23842/stat,1748992313057,41000,1292
/proc/stat,1748992314057,2565663,306290
/proc/23842/stat,1748992314058,41100,1293
/proc/stat,1748992315056,2565768,306310
/proc/23842/stat,1748992315058,41204,1310
/proc/stat,1748992316056,2565870,306314
/proc/23842/stat,1748992316058,41305,1311
/proc/stat,1748992317056,2565971,306322
/proc/23842/stat,1748992317058,41404,1315
/proc/stat,1748992318056,2566078,306325
/proc/23842/stat,1748992318058,41509,1316
/proc/stat,1748992319056,2566179,306331
/proc/23842/stat,1748992319058,41608,1320
/proc/stat,1748992320056,2566288,306334
/proc/23842/stat,1748992320058,41713,1322
/proc/stat,1748992321057,2566390,306339
/proc/23842/stat,1748992321058,41812,1325
/proc/stat,1748992322056,2566499,306343
/proc/23842/stat,1748992322058,41920,1326
/proc/stat,1748992323056,2566603,306346
/proc/23842/stat,1748992323058,42023,1328
/proc/stat,1748992324060,2566710,306355
/proc/23842/stat,1748992324062,42128,1333
/proc/stat,1748992325058,2566818,306359
/proc/23842/stat,1748992325060,42232,1333
/proc/stat,1748992326067,2566928,306362
/proc/23842/stat,1748992326069,42338,1334
/proc/stat,1748992327059,2567029,306372
/proc/23842/stat,1748992327061,42436,1341
/proc/stat,1748992328061,2567135,306380
/proc/23842/stat,1748992328063,42540,1345
/proc/stat,1748992329061,2567246,306384
/proc/23842/stat,1748992329063,42646,1346
/proc/stat,1748992330062,2567358,306388
/proc/23842/stat,1748992330064,42752,1348
/proc/stat,1748992331061,2567478,306397
/proc/23842/stat,1748992331062,42854,1353
/proc/stat,1748992332057,2567593,306404
/proc/23842/stat,1748992332058,42958,1357
/proc/stat,1748992333056,2567703,306407
/proc/23842/stat,1748992333058,43066,1358
/proc/stat,1748992334057,2567804,306410
/proc/23842/stat,1748992334058,43165,1358
/proc/stat,1748992335056,2567920,306414
/proc/23842/stat,1748992335058,43277,1358
/proc/stat,1748992336057,2568022,306427
/proc/23842/stat,1748992336059,43377,1369
/proc/stat,1748992337056,2568126,306434
/proc/23842/stat,1748992337057,43480,1374
/proc/stat,1748992338057,2568229,306437
/proc/23842/stat,1748992338059,43579,1374
/proc/stat,1748992339057,2568338,306440
/proc/23842/stat,1748992339059,43687,1375
/proc/stat,1748992340057,2568449,306444
/proc/23842/stat,1748992340059,43795,1376
/proc/stat,1748992341084,2568562,306446
/proc/23842/stat,1748992341087,43908,1377
/proc/stat,1748992342058,2568668,306449
/proc/23842/stat,1748992342059,44004,1378
/proc/stat,1748992343057,2568770,306461
/proc/23842/stat,1748992343058,44105,1388
/proc/stat,1748992344057,2568860,306476
/proc/23842/stat,1748992344059,44194,1399
/proc/stat,1748992345057,2568971,306480
/proc/23842/stat,1748992345058,44302,1400
/proc/stat,1748992346056,2569084,306482
/proc/23842/stat,1748992346057,44414,1401
/proc/stat,1748992347055,2569185,306486
/proc/23842/stat,1748992347057,44513,1402
/proc/stat,1748992348055,2569286,306490
/proc/23842/stat,1748992348057,44612,1403
/proc/stat,1748992349060,2569396,306508
/proc/23842/stat,1748992349061,44716,1419
/proc/stat,1748992350061,2569501,306512
/proc/23842/stat,1748992350063,44818,1420
/proc/stat,1748992351057,2569600,306520
/proc/23842/stat,1748992351058,44916,1425
/proc/stat,1748992352063,2569705,306524
/proc/23842/stat,1748992352064,45020,1426
/proc/stat,1748992353056,2569804,306532
/proc/23842/stat,1748992353058,45119,1432
/proc/stat,1748992354057,2569908,306536
/proc/23842/stat,1748992354059,45221,1432
/proc/stat,1748992355056,2570013,306540
/proc/23842/stat,1748992355058,45325,1434
/proc/stat,1748992356057,2570115,306548
/proc/23842/stat,1748992356059,45425,1439
/proc/stat,1748992357057,2570223,306552
/proc/23842/stat,1748992357059,45532,1441
/proc/stat,1748992358057,2570321,306560
/proc/23842/stat,1748992358058,45630,1447
/proc/stat,1748992359057,2570423,306566
/proc/23842/stat,1748992359059,45732,1450
/proc/stat,1748992360058,2570532,306570
/proc/23842/stat,1748992360059,45842,1452
/proc/stat,1748992361056,2570640,306574
/proc/23842/stat,1748992361057,45948,1452
/proc/stat,1748992362056,2570740,306586
/proc/23842/stat,1748992362057,46046,1461
/proc/stat,1748992363056,2570848,306589
/proc/23842/stat,1748992363058,46152,1462
/proc/stat,1748992364056,2570956,306592
/proc/23842/stat,1748992364057,46257,1464
/proc/stat,1748992365056,2571063,306597
/proc/23842/stat,1748992365058,46364,1465
/proc/stat,1748992366060,2571164,306614
/proc/23842/stat,1748992366061,46459,1478
/proc/stat,1748992367056,2571266,306617
/proc/23842/stat,1748992367057,46559,1478
/proc/stat,1748992368056,2571375,306620
/proc/23842/stat,1748992368058,46666,1480
/proc/stat,1748992369056,2571488,306623
/proc/23842/stat,1748992369057,46777,1481
/proc/stat,1748992370056,2571598,306628
/proc/23842/stat,1748992370057,46884,1484
/proc/stat,1748992371056,2571686,306644
/proc/23842/stat,1748992371057,46971,1496
/proc/stat,1748992372062,2571796,306648
/proc/23842/stat,1748992372064,47080,1497
/proc/stat,1748992373056,2571904,306652
/proc/23842/stat,1748992373058,47187,1498
/proc/stat,1748992374056,2572013,306654
/proc/23842/stat,1748992374058,47294,1499
/proc/stat,1748992375056,2572115,306656
/proc/23842/stat,1748992375058,47394,1499
/proc/stat,1748992376055,2572226,306660
/proc/23842/stat,1748992376057,47504,1500
/proc/stat,1748992377059,2572339,306663
/proc/23842/stat,1748992377061,47614,1500
/proc/stat,1748992378056,2572422,306684
/proc/23842/stat,1748992378058,47696,1518
/proc/stat,1748992379056,2572535,306686
/proc/23842/stat,1748992379057,47806,1518
/proc/stat,1748992380056,2572638,306689
/proc/23842/stat,1748992380058,47906,1519
/proc/stat,1748992381056,2572752,306691
/proc/23842/stat,1748992381058,48017,1520
/proc/stat,1748992382055,2572858,306694
/proc/23842/stat,1748992382057,48121,1520
/proc/stat,1748992383093,2572975,306706
/proc/23842/stat,1748992383095,48238,1530
/proc/stat,1748992384055,2573073,306716
/proc/23842/stat,1748992384057,48334,1538
/proc/stat,1748992385057,2573176,306720
/proc/23842/stat,1748992385058,48434,1540
/proc/stat,1748992386057,2573279,306728
/proc/23842/stat,1748992386058,48534,1545
/proc/stat,1748992387056,2573382,306732
/proc/23842/stat,1748992387058,48635,1548
/proc/stat,1748992388056,2573485,306738
/proc/23842/stat,1748992388058,48737,1551
/proc/stat,1748992389067,2573595,306741
/proc/23842/stat,1748992389069,48844,1552
/proc/stat,1748992390056,2573694,306749
/proc/23842/stat,1748992390058,48941,1559
/proc/stat,1748992391056,2573802,306754
/proc/23842/stat,1748992391058,49048,1560
/proc/stat,1748992392056,2573909,306758
/proc/23842/stat,1748992392058,49150,1562
/proc/stat,1748992393056,2574011,306765
/proc/23842/stat,1748992393058,49251,1567
/proc/stat,1748992394057,2574118,306770
/proc/23842/stat,1748992394059,49356,1567
/proc/stat,1748992395056,2574230,306772
/proc/23842/stat,1748992395058,49467,1568
/proc/stat,1748992396056,2574357,306784
/proc/23842/stat,1748992396058,49557,1577
/proc/stat,1748992397080,2574472,306788
/proc/23842/stat,1748992397082,49673,1578
/proc/stat,1748992398059,2574579,306791
/proc/23842/stat,1748992398060,49777,1579
/proc/stat,1748992399055,2574686,306796
/proc/23842/stat,1748992399057,49884,1579
/proc/stat,1748992400057,2574778,306808
/proc/23842/stat,1748992400059,49975,1589
/proc/stat,1748992401058,2574968,306814
/proc/23842/stat,1748992401061,50083,1589
/proc/stat,1748992402058,2575076,306818
/proc/23842/stat,1748992402059,50189,1591
/proc/stat,1748992403056,2575188,306821
/proc/23842/stat,1748992403058,50300,1593
/proc/stat,1748992404056,2575298,306825
/proc/23842/stat,1748992404058,50409,1594
/proc/stat,1748992405058,2575387,306842
/proc/23842/stat,1748992405060,50495,1608
/proc/stat,1748992406058,2575498,306846
/proc/23842/stat,1748992406059,50603,1608
/proc/stat,1748992407056,2575607,306848
/proc/23842/stat,1748992407058,50711,1609
/proc/stat,1748992408056,2575708,306852
/proc/23842/stat,1748992408058,50810,1610
/proc/stat,1748992409064,2575820,306855
/proc/23842/stat,1748992409066,50918,1611
/proc/stat,1748992410058,2575932,306858
/proc/23842/stat,1748992410060,51028,1612
/proc/stat,1748992411056,2576044,306861
/proc/23842/stat,1748992411057,51137,1613
/proc/stat,1748992412056,2576129,306880
/proc/23842/stat,1748992412058,51220,1630
/proc/stat,1748992413057,2576239,306884
/proc/23842/stat,1748992413058,51330,1631
/proc/stat,1748992414058,2576342,306888
/proc/23842/stat,1748992414060,51430,1631
/proc/stat,1748992415059,2576456,306892
/proc/23842/stat,1748992415061,51541,1632
/proc/stat,1748992416056,2576555,306895
/proc/23842/stat,1748992416058,51640,1633
/proc/stat,1748992417057,2576669,306900
/proc/23842/stat,1748992417059,51753,1634
/proc/stat,1748992418058,2576859,306921
/proc/23842/stat,1748992418060,51862,1651
/proc/stat,1748992419056,2576962,306926
/proc/23842/stat,1748992419057,51964,1652
/proc/stat,1748992420059,2577065,306934
/proc/23842/stat,1748992420061,52064,1657
/proc/stat,1748992421056,2577169,306937
/proc/23842/stat,1748992421057,52167,1658
/proc/stat,1748992422070,2577271,306947
/proc/23842/stat,1748992422072,52267,1665
/proc/stat,1748992423058,2577373,306954
/proc/23842/stat,1748992423059,52366,1667
/proc/stat,1748992424056,2577476,306961
/proc/23842/stat,1748992424058,52469,1672
/proc/stat,1748992425058,2577584,306964
/proc/23842/stat,1748992425059,52573,1673
/proc/stat,1748992426055,2577692,306968
/proc/23842/stat,1748992426057,52681,1673
/proc/stat,1748992427056,2577790,306978
/proc/23842/stat,1748992427057,52777,1682
/proc/stat,1748992428058,2577898,306981
/proc/23842/stat,1748992428060,52882,1682
/proc/stat,1748992429058,2578010,306984
/proc/23842/stat,1748992429059,52987,1683
/proc/stat,1748992430057,2578106,306998
/proc/23842/stat,1748992430059,53082,1695
/proc/stat,1748992431056,2578213,307002
/proc/23842/stat,1748992431057,53187,1697
/proc/stat,1748992432058,2578320,307006
/proc/23842/stat,1748992432059,53293,1698
/proc/stat,1748992433056,2578428,307010
/proc/23842/stat,1748992433058,53399,1699
/proc/stat,1748992434057,2578530,307022
/proc/23842/stat,1748992434059,53497,1709
/proc/stat,1748992435058,2578640,307025
/proc/23842/stat,1748992435060,53605,1709
/proc/stat,1748992436055,2578752,307027
/proc/23842/stat,1748992436057,53713,1709
/proc/stat,1748992437056,2578866,307031
/proc/23842/stat,1748992437058,53826,1710
/proc/stat,1748992438056,2578968,307035
/proc/23842/stat,1748992438057,53926,1710
/proc/stat,1748992439056,2579069,307054
/proc/23842/stat,1748992439057,54024,1721
/proc/stat,1748992440056,2579174,307063
/proc/23842/stat,1748992440057,54125,1728
/proc/stat,1748992441057,2579265,307066
/proc/23842/stat,1748992441059,54213,1741
/proc/stat,1748992442055,2579372,307070
/proc/23842/stat,1748992442057,54318,1744
/proc/stat,1748992443055,2579482,307073
/proc/23842/stat,1748992443057,54426,1744
/proc/stat,1748992444056,2579592,307077
/proc/23842/stat,1748992444057,54536,1745
/proc/stat,1748992445057,2579694,307080
/proc/23842/stat,1748992445059,54636,1746
/proc/stat,1748992446057,2579798,307090
/proc/23842/stat,1748992446058,54737,1754
/proc/stat,1748992447057,2579895,307096
/proc/23842/stat,1748992447059,54832,1760
/proc/stat,1748992448057,2580006,307100
/proc/23842/stat,1748992448059,54942,1761
/proc/stat,1748992449056,2580119,307103
/proc/23842/stat,1748992449057,55053,1761
/proc/stat,1748992450055,2580220,307106
/proc/23842/stat,1748992450057,55153,1761
/proc/stat,1748992451055,2580322,307109
/proc/23842/stat,1748992451057,55252,1763
/proc/stat,1748992452055,2580428,307129
/proc/23842/stat,1748992452057,55356,1779
/proc/stat,1748992453058,2580531,307136
/proc/23842/stat,1748992453059,55456,1781
/proc/stat,1748992454058,2580635,307144
/proc/23842/stat,1748992454060,55554,1787
/proc/stat,1748992455057,2580741,307148
/proc/23842/stat,1748992455059,55656,1790
/proc/stat,1748992456057,2580846,307155
/proc/23842/stat,1748992456059,55756,1795
/proc/stat,1748992457058,2580954,307160
/proc/23842/stat,1748992457059,55860,1796
/proc/stat,1748992458064,2581059,307168
/proc/23842/stat,1748992458066,55957,1803
/proc/stat,1748992459061,2581170,307176
/proc/23842/stat,1748992459062,56062,1807
/proc/stat,1748992460056,2581276,307178
/proc/23842/stat,1748992460058,56165,1808
/proc/stat,1748992461058,2581377,307188
/proc/23842/stat,1748992461059,56263,1815
/proc/stat,1748992462056,2581488,307192
/proc/23842/stat,1748992462057,56372,1816
/proc/stat,1748992463055,2581596,307196
/proc/23842/stat,1748992463057,56477,1816
/proc/stat,1748992464058,2581700,307202
/proc/23842/stat,1748992464059,56580,1820
/proc/stat,1748992465055,2581806,307208
/proc/23842/stat,1748992465057,56685,1822
/proc/stat,1748992466058,2581914,307210
/proc/23842/stat,1748992466060,56791,1823
/proc/stat,1748992467058,2582023,307214
/proc/23842/stat,1748992467059,56897,1824
/proc/stat,1748992468056,2582126,307222
/proc/23842/stat,1748992468058,56999,1830
/proc/stat,1748992469056,2582231,307228
/proc/23842/stat,1748992469058,57102,1835
/proc/stat,1748992470055,2582343,307230
/proc/23842/stat,1748992470057,57210,1836
/proc/stat,1748992471057,2582446,307233
/proc/23842/stat,1748992471059,57309,1836
/proc/stat,1748992472056,2582558,307237
/proc/23842/stat,1748992472057,57421,1838
/proc/stat,1748992473056,2582664,307246
/proc/23842/stat,1748992473058,57526,1842
/proc/stat,1748992474056,2582766,307255
/proc/23842/stat,1748992474057,57627,1849
/proc/stat,1748992475057,2582867,307260
/proc/23842/stat,1748992475058,57727,1850
/proc/stat,1748992476057,2582980,307262
/proc/23842/stat,1748992476059,57835,1850
/proc/stat,1748992477059,2583090,307265
/proc/23842/stat,1748992477061,57943,1851
/proc/stat,1748992478057,2583194,307270
/proc/23842/stat,1748992478059,58043,1851
/proc/stat,1748992479057,2583306,307273
/proc/23842/stat,1748992479059,58152,1852
/proc/stat,1748992480056,2583414,307279
/proc/23842/stat,1748992480057,58258,1857
/proc/stat,1748992481058,2583499,307299
/proc/23842/stat,1748992481059,58342,1872
/proc/stat,1748992482057,2583610,307304
/proc/23842/stat,1748992482058,58452,1874
/proc/stat,1748992483077,2583728,307307
/proc/23842/stat,1748992483078,58565,1875
/proc/stat,1748992484058,2583828,307311
/proc/23842/stat,1748992484059,58662,1876
/proc/stat,1748992485057,2583931,307316
/proc/23842/stat,1748992485058,58762,1876
/proc/stat,1748992486055,2584040,307337
/proc/23842/stat,1748992486057,58868,1890
/proc/stat,1748992487057,2584148,307344
/proc/23842/stat,1748992487059,58968,1892
/proc/stat,1748992488056,2584240,307355
/proc/23842/stat,1748992488057,59058,1906
/proc/stat,1748992489055,2584334,307361
/proc/23842/stat,1748992489057,59151,1919
/proc/stat,1748992490058,2584441,307369
/proc/23842/stat,1748992490060,59251,1923
/proc/stat,1748992491057,2584544,307373
/proc/23842/stat,1748992491059,59352,1925
/proc/stat,1748992492058,2584650,307377
/proc/23842/stat,1748992492059,59456,1927
/proc/stat,1748992493058,2584752,307384
/proc/23842/stat,1748992493059,59555,1933
/proc/stat,1748992494055,2584860,307388
/proc/23842/stat,1748992494057,59662,1934
/proc/stat,1748992495057,2584961,307396
/proc/23842/stat,1748992495058,59762,1939
/proc/stat,1748992496057,2585063,307404
/proc/23842/stat,1748992496059,59862,1944
/proc/stat,1748992497057,2585174,307408
/proc/23842/stat,1748992497058,59972,1945
/proc/stat,1748992498056,2585281,307410
/proc/23842/stat,1748992498058,60078,1945
/proc/stat,1748992499056,2585383,307423
/proc/23842/stat,1748992499058,60174,1956
/proc/stat,1748992500055,2585490,307426
/proc/23842/stat,1748992500057,60280,1957
/proc/stat,1748992501056,2585598,307429
/proc/23842/stat,1748992501057,60386,1959
/proc/stat,1748992502055,2585705,307432
/proc/23842/stat,1748992502056,60491,1961
/proc/stat,1748992503055,2585796,307446
/proc/23842/stat,1748992503057,60581,1971
/proc/stat,1748992504057,2585906,307449
/proc/23842/stat,1748992504059,60688,1972
/proc/stat,1748992505055,2586015,307453
/proc/23842/stat,1748992505057,60797,1973
/proc/stat,1748992506057,2586130,307456
/proc/23842/stat,1748992506058,60909,1973
/proc/stat,1748992507055,2586238,307461
/proc/23842/stat,1748992507057,61017,1975
/proc/stat,1748992508058,2586327,307478
/proc/23842/stat,1748992508059,61103,1989
/proc/stat,1748992509057,2586436,307482
/proc/23842/stat,1748992509058,61211,1990
/proc/stat,1748992510055,2586545,307486
/proc/23842/stat,1748992510057,61319,1990
/proc/stat,1748992511056,2586657,307488
/proc/23842/stat,1748992511058,61427,1990
/proc/stat,1748992512057,2586759,307490
/proc/23842/stat,1748992512059,61526,1992
/proc/stat,1748992513055,2586871,307494
/proc/23842/stat,1748992513057,61637,1992
/proc/stat,1748992514056,2586982,307498
/proc/23842/stat,1748992514057,61746,1993
/proc/stat,1748992515055,2587069,307516
/proc/23842/stat,1748992515057,61833,2006
/proc/stat,1748992516056,2587182,307519
/proc/23842/stat,1748992516057,61945,2006
/proc/stat,1748992517055,2587283,307523
/proc/23842/stat,1748992517057,62044,2007
/proc/stat,1748992518056,2587392,307527
/proc/23842/stat,1748992518057,62154,2008
/proc/stat,1748992519055,2587494,307530
/proc/23842/stat,1748992519057,62254,2009
/proc/stat,1748992520057,2587601,307537
/proc/23842/stat,1748992520059,62360,2011
/proc/stat,1748992521057,2587700,307554
/proc/23842/stat,1748992521058,62458,2026
/proc/stat,1748992522057,2587804,307559
/proc/23842/stat,1748992522058,62559,2027
/proc/stat,1748992523056,2587907,307564
/proc/23842/stat,1748992523058,62660,2031
/proc/stat,1748992524056,2588011,307568
/proc/23842/stat,1748992524058,62763,2033
/proc/stat,1748992525056,2588112,307578
/proc/23842/stat,1748992525057,62862,2039
/proc/stat,1748992526056,2588219,307582
/proc/23842/stat,1748992526058,62967,2039
/proc/stat,1748992527057,2588322,307589
/proc/23842/stat,1748992527059,63068,2044
/proc/stat,1748992528057,2588428,307592
/proc/23842/stat,1748992528059,63172,2044
/proc/stat,1748992529057,2588538,307595
/proc/23842/stat,1748992529058,63280,2045
/proc/stat,1748992530056,2588636,307606
/proc/23842/stat,1748992530057,63377,2053
/proc/stat,1748992531056,2588741,307609
/proc/23842/stat,1748992531058,63482,2053
/proc/stat,1748992532056,2588848,307612
/proc/23842/stat,1748992532057,63587,2054
/proc/stat,1748992533056,2588954,307621
/proc/23842/stat,1748992533058,63685,2062
/proc/stat,1748992534056,2589061,307625
/proc/23842/stat,1748992534057,63792,2063
/proc/stat,1748992535055,2589168,307629
/proc/23842/stat,1748992535057,63897,2064
/proc/stat,1748992536056,2589276,307632
/proc/23842/stat,1748992536058,64004,2065
/proc/stat,1748992537056,2589376,307646
/proc/23842/stat,1748992537057,64100,2076
/proc/stat,1748992538056,2589485,307650
/proc/23842/stat,1748992538058,64207,2078
/proc/stat,1748992539056,2589598,307657
/proc/23842/stat,1748992539057,64314,2079
/proc/stat,1748992540056,2589705,307662
/proc/23842/stat,1748992540058,64418,2087
/proc/stat,1748992541056,2589808,307665
/proc/23842/stat,1748992541058,64517,2098
/proc/stat,1748992542056,2589894,307680
/proc/23842/stat,1748992542057,64601,2114
/proc/stat,1748992543056,2590004,307682
/proc/23842/stat,1748992543057,64710,2114
/proc/stat,1748992544058,2590112,307685
/proc/23842/stat,1748992544059,64816,2116
/proc/stat,1748992545056,2590214,307690
/proc/23842/stat,1748992545058,64915,2117
/proc/stat,1748992546056,2590323,307694
/proc/23842/stat,1748992546057,65023,2118
/proc/stat,1748992547056,2590435,307698
/proc/23842/stat,1748992547058,65131,2120
/proc/stat,1748992548056,2590537,307700
/proc/23842/stat,1748992548057,65231,2121
/proc/stat,1748992549056,2590633,307717
/proc/23842/stat,1748992549058,65325,2136
/proc/stat,1748992550056,2590743,307724
/proc/23842/stat,1748992550058,65433,2140
/proc/stat,1748992551055,2590844,307727
/proc/23842/stat,1748992551057,65532,2140
/proc/stat,1748992552056,2590958,307731
/proc/23842/stat,1748992552058,65643,2142
/proc/stat,1748992553055,2591059,307735
/proc/23842/stat,1748992553056,65741,2143
/proc/stat,1748992554056,2591162,307737
/proc/23842/stat,1748992554057,65842,2143
/proc/stat,1748992555055,2591269,307756
/proc/23842/stat,1748992555057,65946,2160
/proc/stat,1748992556056,2591372,307760
/proc/23842/stat,1748992556058,66048,2160
/proc/stat,1748992557056,2591472,307770
/proc/23842/stat,1748992557057,66146,2164
/proc/stat,1748992558055,2591579,307774
/proc/23842/stat,1748992558057,66252,2166
/proc/stat,1748992559056,2591677,307784
/proc/23842/stat,1748992559057,66347,2172
/proc/stat,1748992560056,2591783,307788
/proc/23842/stat,1748992560057,66452,2172
/proc/stat,1748992561056,2591881,307798
/proc/23842/stat,1748992561058,66549,2178
/proc/stat,1748992562055,2591992,307802
/proc/23842/stat,1748992562057,66658,2179
/proc/stat,1748992563056,2592096,307806
/proc/23842/stat,1748992563057,66761,2179
/proc/stat,1748992564058,2592201,307816
/proc/23842/stat,1748992564060,66864,2186
/proc/stat,1748992565056,2592306,307819
/proc/23842/stat,1748992565058,66968,2188
/proc/stat,1748992566055,2592413,307822
/proc/23842/stat,1748992566057,67074,2188
/proc/stat,1748992567057,2592516,307831
/proc/23842/stat,1748992567058,67175,2193
/proc/stat,1748992568056,2592620,307839
/proc/23842/stat,1748992568057,67278,2198
/proc/stat,1748992569056,2592728,307842
/proc/23842/stat,1748992569057,67384,2198
/proc/stat,1748992570055,2592833,307846
/proc/23842/stat,1748992570057,67489,2201
/proc/stat,1748992571056,2592935,307855
/proc/23842/stat,1748992571057,67590,2207
/proc/stat,1748992572058,2593040,307862
/proc/23842/stat,1748992572059,67694,2211
/proc/stat,1748992573070,2593153,307865
/proc/23842/stat,1748992573072,67803,2211
/proc/stat,1748992574056,2593254,307867
/proc/23842/stat,1748992574057,67902,2212
/proc/stat,1748992575056,2593366,307872
/proc/23842/stat,1748992575057,68013,2213
/proc/stat,1748992576056,2593470,307882
/proc/23842/stat,1748992576058,68116,2220
/proc/stat,1748992577058,2593576,307890
/proc/23842/stat,1748992577059,68219,2225
/proc/stat,1748992578056,2593676,307894
/proc/23842/stat,1748992578058,68318,2227
/proc/stat,1748992579056,2593784,307896
/proc/23842/stat,1748992579057,68424,2228
/proc/stat,1748992580055,2593892,307900
/proc/23842/stat,1748992580057,68531,2230
/proc/stat,1748992581061,2594004,307904
/proc/23842/stat,1748992581063,68642,2231
/proc/stat,1748992582056,2594104,307907
/proc/23842/stat,1748992582057,68741,2231
/proc/stat,1748992583056,2594208,307917
/proc/23842/stat,1748992583057,68844,2239
/proc/stat,1748992584067,2594303,307930
/proc/23842/stat,1748992584068,68936,2248
/proc/stat,1748992585073,2594423,307933
/proc/23842/stat,1748992585075,69047,2249
/proc/stat,1748992586073,2594541,307935
/proc/23842/stat,1748992586074,69158,2249
/proc/stat,1748992587060,2594644,307939
/proc/23842/stat,1748992587061,69256,2250
/proc/stat,1748992588056,2594745,307942
/proc/23842/stat,1748992588057,69355,2251
/proc/stat,1748992589057,2594844,307967
/proc/23842/stat,1748992589058,69453,2272
/proc/stat,1748992590055,2594934,307983
/proc/23842/stat,1748992590057,69542,2285
/proc/stat,1748992591056,2595036,307988
/proc/23842/stat,1748992591057,69643,2288
/proc/stat,1748992592056,2595136,307995
/proc/23842/stat,1748992592058,69742,2292
/proc/stat,1748992593056,2595239,308001
/proc/23842/stat,1748992593057,69842,2297
/proc/stat,1748992594055,2595340,308008
/proc/23842/stat,1748992594057,69942,2300
/proc/stat,1748992595056,2595444,308012
/proc/23842/stat,1748992595057,70046,2301
/proc/stat,1748992596057,2595547,308025
/proc/23842/stat,1748992596059,70146,2310
/proc/stat,1748992597055,2595656,308032
/proc/23842/stat,1748992597056,70249,2311
/proc/stat,1748992598076,2595762,308040
/proc/23842/stat,1748992598077,70351,2320
/proc/stat,1748992599056,2595854,308049
/proc/23842/stat,1748992599058,70440,2334
/proc/stat,1748992600057,2595956,308052
/proc/23842/stat,1748992600058,70541,2338
/proc/stat,1748992601057,2596062,308056
/proc/23842/stat,1748992601058,70645,2338
/proc/stat,1748992602056,2596158,308069
/proc/23842/stat,1748992602058,70740,2349
/proc/stat,1748992603056,2596265,308072
/proc/23842/stat,1748992603058,70845,2350
/proc/stat,1748992604056,2596371,308074
/proc/23842/stat,1748992604057,70949,2352
/proc/stat,1748992605057,2596480,308077
/proc/23842/stat,1748992605058,71055,2353
/proc/stat,1748992606056,2596574,308093
/proc/23842/stat,1748992606058,71148,2367
/proc/stat,1748992607056,2596682,308098
/proc/23842/stat,1748992607058,71255,2367
/proc/stat,1748992608057,2596785,308101
/proc/23842/stat,1748992608058,71355,2367
/proc/stat,1748992609057,2596899,308104
/proc/23842/stat,1748992609058,71467,2367
/proc/stat,1748992610057,2597013,308108
/proc/23842/stat,1748992610058,71579,2367
/proc/stat,1748992611056,2597115,308117
/proc/23842/stat,1748992611057,71679,2374
/proc/stat,1748992612057,2597211,308126
/proc/23842/stat,1748992612059,71773,2381
/proc/stat,1748992613057,2597319,308130
/proc/23842/stat,1748992613058,71880,2382
/proc/stat,1748992614055,2597427,308133
/proc/23842/stat,1748992614056,71987,2384
/proc/stat,1748992615058,2597529,308136
/proc/23842/stat,1748992615059,72087,2384
/proc/stat,1748992616057,2597642,308139
/proc/23842/stat,1748992616058,72197,2384
/proc/stat,1748992617055,2597753,308142
/proc/23842/stat,1748992617056,72307,2384
/proc/stat,1748992618055,2597855,308144
/proc/23842/stat,1748992618056,72406,2385
/proc/stat,1748992619057,2597968,308147
/proc/23842/stat,1748992619058,72517,2386
/proc/stat,1748992620056,2598076,308153
/proc/23842/stat,1748992620057,72623,2391
/proc/stat,1748992621057,2598168,308168
/proc/23842/stat,1748992621058,72712,2402
/proc/stat,1748992622058,2598272,308178
/proc/23842/stat,1748992622059,72812,2403
/proc/stat,1748992623056,2598373,308180
/proc/23842/stat,1748992623057,72912,2403
/proc/stat,1748992624057,2598468,308217
/proc/23842/stat,1748992624058,73004,2437
/proc/stat,1748992625060,2598564,308228
/proc/23842/stat,1748992625062,73100,2445
/proc/stat,1748992626057,2598663,308238
/proc/23842/stat,1748992626058,73196,2451
/proc/stat,1748992627055,2598766,308240
/proc/23842/stat,1748992627057,73299,2452
/proc/stat,1748992628057,2598867,308250
/proc/23842/stat,1748992628058,73396,2460
/proc/stat,1748992629055,2598972,308254
/proc/23842/stat,1748992629056,73499,2462
/proc/stat,1748992630077,2599085,308259
/proc/23842/stat,1748992630078,73611,2463
/proc/stat,1748992631055,2599185,308266
/proc/23842/stat,1748992631056,73710,2468
/proc/stat,1748992632057,2599294,308270
/proc/23842/stat,1748992632059,73816,2469
/proc/stat,1748992633059,2599403,308279
/proc/23842/stat,1748992633060,73924,2475
/proc/stat,1748992634055,2599502,308292
/proc/23842/stat,1748992634057,74022,2484
/proc/stat,1748992635055,2599610,308295
/proc/23842/stat,1748992635057,74129,2486
/proc/stat,1748992636056,2599718,308298
/proc/23842/stat,1748992636057,74236,2486
/proc/stat,1748992637057,2599820,308311
/proc/23842/stat,1748992637059,74335,2497
/proc/stat,1748992638056,2599926,308317
/proc/23842/stat,1748992638058,74441,2500
/proc/stat,1748992639055,2600037,308320
/proc/23842/stat,1748992639057,74549,2501
/proc/stat,1748992640060,2600147,308324
/proc/23842/stat,1748992640062,74658,2502
/proc/stat,1748992641056,2600249,308327
/proc/23842/stat,1748992641058,74759,2502
/proc/stat,1748992642056,2600346,308344
/proc/23842/stat,1748992642057,74854,2516
/proc/stat,1748992643056,2600456,308348
/proc/23842/stat,1748992643057,74963,2518
/proc/stat,1748992644056,2600557,308352
/proc/23842/stat,1748992644057,75063,2518
/proc/stat,1748992645055,2600672,308354
/proc/23842/stat,1748992645057,75176,2518
/proc/stat,1748992646055,2600787,308356
/proc/23842/stat,1748992646057,75287,2519
/proc/stat,1748992647056,2600894,308360
/proc/23842/stat,1748992647058,75392,2522
/proc/stat,1748992648055,2600988,308371
/proc/23842/stat,1748992648057,75484,2530
/proc/stat,1748992649056,2601098,308375
/proc/23842/stat,1748992649057,75593,2530
/proc/stat,1748992650057,2601200,308380
/proc/23842/stat,1748992650059,75693,2530
/proc/stat,1748992651056,2601311,308383
/proc/23842/stat,1748992651057,75803,2531
/proc/stat,1748992652056,2601423,308386
/proc/23842/stat,1748992652058,75912,2532
/proc/stat,1748992653058,2601523,308390
/proc/23842/stat,1748992653059,76011,2533
/proc/stat,1748992654057,2601636,308393
/proc/23842/stat,1748992654059,76121,2534
/proc/stat,1748992655060,2601748,308397
/proc/23842/stat,1748992655062,76232,2536
/proc/stat,1748992656056,2601850,308400
/proc/23842/stat,1748992656058,76331,2536
/proc/stat,1748992657055,2601951,308404
/proc/23842/stat,1748992657056,76430,2537
/proc/stat,1748992658065,2602058,308420
/proc/23842/stat,1748992658066,76535,2551
/proc/stat,1748992659057,2602150,308437
/proc/23842/stat,1748992659058,76626,2565
/proc/stat,1748992660056,2602250,308444
/proc/23842/stat,1748992660057,76724,2571
/proc/stat,1748992661056,2602356,308450
/proc/23842/stat,1748992661057,76828,2572
/proc/stat,1748992662057,2602470,308468
/proc/23842/stat,1748992662058,76926,2578
/proc/stat,1748992663055,2602569,308478
/proc/23842/stat,1748992663057,77023,2586
/proc/stat,1748992664055,2602662,308482
/proc/23842/stat,1748992664057,77115,2596
/proc/stat,1748992665056,2602764,308490
/proc/23842/stat,1748992665057,77215,2608
/proc/stat,1748992666055,2602872,308493
/proc/23842/stat,1748992666057,77320,2609
/proc/stat,1748992667056,2602986,308495
/proc/23842/stat,1748992667058,77433,2610
/proc/stat,1748992668055,2603090,308504
/proc/23842/stat,1748992668057,77532,2618
/proc/stat,1748992669056,2603199,308506
/proc/23842/stat,1748992669057,77639,2619
/proc/stat,1748992670056,2603308,308509
/proc/23842/stat,1748992670058,77747,2619
/proc/stat,1748992671056,2603406,308522
/proc/23842/stat,1748992671057,77844,2630
/proc/stat,1748992672057,2603518,308526
/proc/23842/stat,1748992672058,77953,2631
/proc/stat,1748992673056,2603628,308529
/proc/23842/stat,1748992673057,78061,2632
/proc/stat,1748992674055,2603739,308533
/proc/23842/stat,1748992674057,78170,2633
/proc/stat,1748992675056,2603847,308539
/proc/23842/stat,1748992675058,78275,2637
/proc/stat,1748992676055,2603942,308548
/proc/23842/stat,1748992676057,78369,2643
/proc/stat,1748992677056,2604053,308552
/proc/23842/stat,1748992677058,78478,2644
/proc/stat,1748992678056,2604168,308556
/proc/23842/stat,1748992678057,78591,2645
/proc/stat,1748992679056,2604277,308560
/proc/23842/stat,1748992679058,78699,2646
/proc/stat,1748992680058,2604380,308562
/proc/23842/stat,1748992680060,78799,2647
/proc/stat,1748992681056,2604480,308576
/proc/23842/stat,1748992681057,78899,2659
/proc/stat,1748992682055,2604588,308580
/proc/23842/stat,1748992682058,79006,2659
/proc/stat,1748992683055,2604690,308582
/proc/23842/stat,1748992683057,79105,2661
/proc/stat,1748992684056,2604798,308586
/proc/23842/stat,1748992684057,79213,2663
/proc/stat,1748992685055,2604910,308589
/proc/23842/stat,1748992685057,79323,2663
/proc/stat,1748992686055,2605011,308593
/proc/23842/stat,1748992686057,79422,2664
/proc/stat,1748992687055,2605124,308596
/proc/23842/stat,1748992687057,79532,2665
/proc/stat,1748992688055,2605234,308600
/proc/23842/stat,1748992688057,79643,2665
/proc/stat,1748992689055,2605336,308603
/proc/23842/stat,1748992689057,79742,2665
/proc/stat,1748992690056,2605434,308622
/proc/23842/stat,1748992690057,79839,2680
/proc/stat,1748992691056,2605530,308631
/proc/23842/stat,1748992691057,79932,2687
/proc/stat,1748992692055,2605632,308633
/proc/23842/stat,1748992692057,80033,2687
/proc/stat,1748992693056,2605734,308663
/proc/23842/stat,1748992693057,80132,2714
/proc/stat,1748992694056,2605829,308674
/proc/23842/stat,1748992694057,80225,2724
/proc/stat,1748992695056,2605933,308680
/proc/23842/stat,1748992695057,80326,2726
/proc/stat,1748992696066,2606036,308687
/proc/23842/stat,1748992696068,80427,2730
/proc/stat,1748992697057,2606135,308694
/proc/23842/stat,1748992697058,80525,2736
/proc/stat,1748992698056,2606239,308698
/proc/23842/stat,1748992698057,80627,2738
/proc/stat,1748992699056,2606346,308701
/proc/23842/stat,1748992699057,80731,2738
/proc/stat,1748992700057,2606454,308711
/proc/23842/stat,1748992700058,80839,2745
/proc/stat,1748992701055,2606561,308715
/proc/23842/stat,1748992701057,80946,2745
/proc/stat,1748992702057,2606673,308722
/proc/23842/stat,1748992702059,81057,2748
/proc/stat,1748992703058,2606773,308737
/proc/23842/stat,1748992703060,81154,2759
/proc/stat,1748992704056,2606881,308740
/proc/23842/stat,1748992704057,81260,2760
/proc/stat,1748992705082,2606998,308744
/proc/23842/stat,1748992705083,81370,2761
/proc/stat,1748992706056,2607102,308751
/proc/23842/stat,1748992706057,81473,2766
/proc/stat,1748992707055,2607209,308755
/proc/23842/stat,1748992707073,81577,2771
/proc/stat,1748992708062,2607320,308760
/proc/23842/stat,1748992708063,81679,2771
/proc/stat,1748992709056,2607431,308763
/proc/23842/stat,1748992709057,81785,2771
/proc/stat,1748992710055,2607542,308766
/proc/23842/stat,1748992710057,81895,2771
/proc/stat,1748992711055,2607641,308781
/proc/23842/stat,1748992711057,81991,2785
/proc/stat,1748992712056,2607750,308785
/proc/23842/stat,1748992712057,82100,2786
/proc/stat,1748992713056,2607850,308789
/proc/23842/stat,1748992713057,82198,2788
/proc/stat,1748992714060,2607970,308794
/proc/23842/stat,1748992714061,82312,2788
/proc/stat,1748992715077,2608091,308798
/proc/23842/stat,1748992715078,82423,2790
/proc/stat,1748992716056,2608191,308808
/proc/23842/stat,1748992716058,82523,2796
/proc/stat,1748992717056,2608285,308818
/proc/23842/stat,1748992717057,82615,2805
/proc/stat,1748992718055,2608396,308822
/proc/23842/stat,1748992718057,82723,2806
/proc/stat,1748992719055,2608498,308824
/proc/23842/stat,1748992719057,82822,2807
/proc/stat,1748992720055,2608608,308828
/proc/23842/stat,1748992720056,82931,2808
/proc/stat,1748992721055,2608720,308831
/proc/23842/stat,1748992721057,83041,2808
/proc/stat,1748992722055,2608823,308833
/proc/23842/stat,1748992722057,83141,2808
/proc/stat,1748992723055,2608938,308836
/proc/23842/stat,1748992723058,83252,2809
/proc/stat,1748992724055,2609051,308840
/proc/23842/stat,1748992724057,83363,2809
/proc/stat,1748992725055,2609153,308842
/proc/23842/stat,1748992725057,83463,2810
/proc/stat,1748992726055,2609253,308846
/proc/23842/stat,1748992726056,83561,2811
/proc/stat,1748992727056,2609359,308853
/proc/23842/stat,1748992727057,83667,2816
/proc/stat,1748992728055,2609457,308874
/proc/23842/stat,1748992728058,83765,2832
/proc/stat,1748992729055,2609561,308877
/proc/23842/stat,1748992729056,83867,2833
/proc/stat,1748992730055,2609660,308888
/proc/23842/stat,1748992730056,83963,2840
/proc/stat,1748992731056,2609764,308893
/proc/23842/stat,1748992731057,84064,2841
/proc/stat,1748992732056,2609863,308903
/proc/23842/stat,1748992732057,84163,2847
/proc/stat,1748992733055,2609968,308907
/proc/23842/stat,1748992733057,84265,2847
/proc/stat,1748992734055,2610076,308919
/proc/23842/stat,1748992734057,84368,2853
/proc/stat,1748992735055,2610182,308930
/proc/23842/stat,1748992735057,84471,2854
/proc/stat,1748992736055,2610298,308938
/proc/23842/stat,1748992736057,84579,2855
/proc/stat,1748992737055,2610401,308953
/proc/23842/stat,1748992737057,84678,2861
/proc/stat,1748992738055,2610499,308956
/proc/23842/stat,1748992738057,84773,2871
/proc/stat,1748992739056,2610596,308961
/proc/23842/stat,1748992739057,84870,2880
/proc/stat,1748992740056,2610686,308974
/proc/23842/stat,1748992740057,84959,2897
/proc/stat,1748992741055,2610793,308977
/proc/23842/stat,1748992741057,85065,2899
/proc/stat,1748992742055,2610900,308980
/proc/23842/stat,1748992742057,85170,2900
/proc/stat,1748992743056,2611010,308984
/proc/23842/stat,1748992743058,85276,2901
/proc/stat,1748992744056,2611109,308997
/proc/23842/stat,1748992744057,85374,2911
/proc/stat,1748992745055,2611217,309001
/proc/23842/stat,1748992745057,85481,2911
/proc/stat,1748992746055,2611326,309004
/proc/23842/stat,1748992746056,85589,2912
/proc/stat,1748992747056,2611439,309008
/proc/23842/stat,1748992747057,85700,2914
/proc/stat,1748992748060,2611552,309011
/proc/23842/stat,1748992748062,85809,2915
/proc/stat,1748992749056,2611639,309028
/proc/23842/stat,1748992749057,85895,2929
/proc/stat,1748992750055,2611748,309032
/proc/23842/stat,1748992750057,86002,2930
/proc/stat,1748992751056,2611857,309038
/proc/23842/stat,1748992751058,86109,2931
/proc/stat,1748992752055,2611958,309040
/proc/23842/stat,1748992752057,86208,2932
/proc/stat,1748992753055,2612068,309044
/proc/23842/stat,1748992753057,86316,2933
/proc/stat,1748992754055,2612181,309046
/proc/23842/stat,1748992754057,86426,2934
/proc/stat,1748992755068,2612282,309049
/proc/23842/stat,1748992755085,86528,2935
/proc/stat,1748992756056,2612384,309064
/proc/23842/stat,1748992756058,86622,2948
/proc/stat,1748992757059,2612494,309071
/proc/23842/stat,1748992757061,86732,2951
/proc/stat,1748992758055,2612597,309074
/proc/23842/stat,1748992758057,86831,2951
/proc/stat,1748992759056,2612710,309077
/proc/23842/stat,1748992759058,86942,2951
/proc/stat,1748992760054,2612812,309080
/proc/23842/stat,1748992760056,87041,2953
/proc/stat,1748992761055,2612913,309083
/proc/23842/stat,1748992761057,87141,2953
/proc/stat,1748992762055,2613013,309106
/proc/23842/stat,1748992762057,87244,2972
/proc/stat,1748992763055,2613114,309110
/proc/23842/stat,1748992763057,87345,2973
/proc/stat,1748992764055,2613212,309120
/proc/23842/stat,1748992764057,87441,2980
/proc/stat,1748992765056,2613318,309126
/proc/23842/stat,1748992765057,87544,2983
/proc/stat,1748992766055,2613417,309134
/proc/23842/stat,1748992766057,87642,2988
/proc/stat,1748992767055,2613527,309137
/proc/23842/stat,1748992767057,87747,2988
/proc/stat,1748992768057,2613625,309146
/proc/23842/stat,1748992768058,87845,2994
/proc/stat,1748992769055,2613735,309149
/proc/23842/stat,1748992769057,87953,2995
/proc/stat,1748992770055,2613840,309153
/proc/23842/stat,1748992770057,88057,2995
/proc/stat,1748992771057,2613945,309163
/proc/23842/stat,1748992771059,88158,3002
/proc/stat,1748992772055,2614054,309167
/proc/23842/stat,1748992772056,88265,3002
/proc/stat,1748992773055,2614161,309170
/proc/23842/stat,1748992773057,88370,3003
/proc/stat,1748992774056,2614264,309177
/proc/23842/stat,1748992774058,88470,3009
/proc/stat,1748992775055,2614366,309186
/proc/23842/stat,1748992775056,88571,3015
/proc/stat,1748992776055,2614474,309190
/proc/23842/stat,1748992776057,88678,3016
/proc/stat,1748992777055,2614584,309192
/proc/23842/stat,1748992777057,88785,3016
/proc/stat,1748992778056,2614686,309201
/proc/23842/stat,1748992778058,88885,3023
/proc/stat,1748992779055,2614788,309211
/proc/23842/stat,1748992779056,88984,3032
/proc/stat,1748992780056,2614898,309215
/proc/23842/stat,1748992780057,89094,3032
/proc/stat,1748992781055,2614999,309218
/proc/23842/stat,1748992781057,89192,3033
/proc/stat,1748992782055,2615113,309221
/proc/23842/stat,1748992782056,89304,3034
/proc/stat,1748992783055,2615217,309230
/proc/23842/stat,1748992783057,89406,3041
/proc/stat,1748992784055,2615321,309238
/proc/23842/stat,1748992784056,89509,3046
/proc/stat,1748992785056,2615423,309242
/proc/23842/stat,1748992785057,89609,3047
/proc/stat,1748992786055,2615531,309248
/proc/23842/stat,1748992786057,89716,3048
/proc/stat,1748992787055,2615640,309251
/proc/23842/stat,1748992787057,89823,3050
/proc/stat,1748992788058,2615747,309255
/proc/23842/stat,1748992788060,89927,3050
/proc/stat,1748992789055,2615856,309258
/proc/23842/stat,1748992789057,90034,3050
/proc/stat,1748992790056,2615963,309265
/proc/23842/stat,1748992790057,90140,3054
/proc/stat,1748992791055,2616057,309277
/proc/23842/stat,1748992791057,90232,3062
/proc/stat,1748992792055,2616168,309280
/proc/23842/stat,1748992792056,90342,3063
/proc/stat,1748992793055,2616279,309285
/proc/23842/stat,1748992793057,90452,3064
/proc/stat,1748992794056,2616379,309288
/proc/23842/stat,1748992794057,90551,3066
/proc/stat,1748992795055,2616482,309292
/proc/23842/stat,1748992795056,90651,3066
/proc/stat,1748992796060,2616584,309314
/proc/23842/stat,1748992796061,90754,3084
/proc/stat,1748992797057,2616686,309318
/proc/23842/stat,1748992797058,90854,3086
/proc/stat,1748992798055,2616785,309328
/proc/23842/stat,1748992798057,90951,3092
/proc/stat,1748992799055,2616889,309334
/proc/23842/stat,1748992799056,91054,3094
/proc/stat,1748992800055,2616985,309347
/proc/23842/stat,1748992800057,91151,3102
/proc/stat,1748992801056,2617093,309349
/proc/23842/stat,1748992801058,91256,3102
/proc/stat,1748992802056,2617198,309353
/proc/23842/stat,1748992802059,91357,3105
/proc/stat,1748992803055,2617301,309360
/proc/23842/stat,1748992803057,91456,3110
/proc/stat,1748992804055,2617412,309363
/proc/23842/stat,1748992804056,91563,3111
/proc/stat,1748992805056,2617512,309373
/proc/23842/stat,1748992805057,91662,3117
/proc/stat,1748992806055,2617614,309380
/proc/23842/stat,1748992806056,91765,3119
/proc/stat,1748992807055,2617724,309384
/proc/23842/stat,1748992807056,91875,3120
/proc/stat,1748992808055,2617828,309391
/proc/23842/stat,1748992808057,91978,3122
/proc/stat,1748992809055,2617930,309401
/proc/23842/stat,1748992809057,92079,3129
/proc/stat,1748992810055,2618037,309406
/proc/23842/stat,1748992810056,92185,3131
/proc/stat,1748992811055,2618144,309410
/proc/23842/stat,1748992811056,92290,3132
/proc/stat,1748992812056,2618252,309414
/proc/23842/stat,1748992812057,92398,3132
/proc/stat,1748992813055,2618350,309429
/proc/23842/stat,1748992813057,92494,3144
/proc/stat,1748992814056,2618453,309432
/proc/23842/stat,1748992814057,92595,3144
/proc/stat,1748992815056,2618564,309434
/proc/23842/stat,1748992815057,92702,3145
/proc/stat,1748992816057,2618677,309439
/proc/23842/stat,1748992816058,92814,3146
/proc/stat,1748992817057,2618786,309446
/proc/23842/stat,1748992817058,92921,3148
/proc/stat,1748992818058,2618881,309457
/proc/23842/stat,1748992818059,93015,3154
/proc/stat,1748992819055,2618992,309464
/proc/23842/stat,1748992819057,93122,3155
/proc/stat,1748992820057,2619104,309474
/proc/23842/stat,1748992820058,93229,3157
/proc/stat,1748992821056,2619217,309482
/proc/23842/stat,1748992821057,93337,3158
/proc/stat,1748992822057,2619327,309490
/proc/23842/stat,1748992822058,93436,3158
/proc/stat,1748992823058,2619436,309502
/proc/23842/stat,1748992823059,93543,3162
/proc/stat,1748992824056,2619538,309508
/proc/23842/stat,1748992824058,93643,3172
/proc/stat,1748992825057,2619616,309524
/proc/23842/stat,1748992825058,93719,3196
/proc/stat,1748992826057,2619717,309528
/proc/23842/stat,1748992826058,93818,3208
/proc/stat,1748992827057,2619817,309532
/proc/23842/stat,1748992827058,93917,3209
/proc/stat,1748992828060,2619930,309536
/proc/23842/stat,1748992828062,94028,3210
/proc/stat,1748992829056,2620030,309538
/proc/23842/stat,1748992829057,94127,3211
/proc/stat,1748992830062,2620140,309546
/proc/23842/stat,1748992830063,94235,3214
