SourceFile,Timestamp,userTime (Ticks),systemTime (Ticks)
/proc/stat,1749220602157,775362,85162
/proc/22130/stat,1749220602159,429,26
/proc/stat,1749220603042,775633,85172
/proc/22130/stat,1749220603043,696,33
/proc/stat,1749220604084,775952,85187
/proc/22130/stat,1749220604086,1012,45
/proc/stat,1749220605102,776353,85194
/proc/22130/stat,1749220605104,1409,47
/proc/stat,1749220606089,776717,85220
/proc/22130/stat,1749220606090,1771,71
/proc/stat,1749220607067,777044,85250
/proc/22130/stat,1749220607069,2097,99
/proc/stat,1749220608039,777399,85276
/proc/22130/stat,1749220608040,2448,123
/proc/stat,1749220609083,777801,85286
/proc/22130/stat,1749220609084,2846,130
/proc/stat,1749220610087,778130,85338
/proc/22130/stat,1749220610088,3162,178
/proc/stat,1749220611079,778498,85349
/proc/22130/stat,1749220611080,3526,187
/proc/stat,1749220612064,778852,85357
/proc/22130/stat,1749220612065,3875,194
/proc/stat,1749220613048,779201,85399
/proc/22130/stat,1749220613049,4220,233
/proc/stat,1749220614061,779587,85410
/proc/22130/stat,1749220614062,4606,241
/proc/stat,1749220615061,779951,85429
/proc/22130/stat,1749220615062,4969,257
/proc/stat,1749220616043,780294,85466
/proc/22130/stat,1749220616044,5306,295
/proc/stat,1749220617075,780691,85477
/proc/22130/stat,1749220617075,5697,304
/proc/stat,1749220618068,781071,85488
/proc/22130/stat,1749220618069,6073,313
/proc/stat,1749220619056,781440,85497
/proc/22130/stat,1749220619056,6437,320
/proc/stat,1749220620039,781788,85531
/proc/22130/stat,1749220620040,6780,351
/proc/stat,1749220621078,782186,85542
/proc/22130/stat,1749220621079,7176,360
/proc/stat,1749220622086,782522,85595
/proc/22130/stat,1749220622087,7507,410
/proc/stat,1749220623079,782887,85606
/proc/22130/stat,1749220623079,7871,421
/proc/stat,1749220624078,783270,85610
/proc/22130/stat,1749220624079,8248,422
/proc/stat,1749220625050,783633,85632
/proc/22130/stat,1749220625051,8607,440
/proc/stat,1749220626062,783961,85678
/proc/22130/stat,1749220626063,8932,485
/proc/stat,1749220627066,784338,85690
/proc/22130/stat,1749220627067,9305,494
/proc/stat,1749220628059,784710,85704
/proc/22130/stat,1749220628059,9674,506
/proc/stat,1749220629075,785073,85741
/proc/22130/stat,1749220629076,10036,541
/proc/stat,1749220630078,785453,85749
/proc/22130/stat,1749220630079,10415,548
/proc/stat,1749220631073,785817,85766
/proc/22130/stat,1749220631074,10772,563
/proc/stat,1749220632058,786159,85803
/proc/22130/stat,1749220632059,11113,597
/proc/stat,1749220633077,786552,85813
/proc/22130/stat,1749220633078,11503,605
/proc/stat,1749220634068,786923,85824
/proc/22130/stat,1749220634069,11871,614
/proc/stat,1749220635079,787287,85838
/proc/22130/stat,1749220635079,12232,627
/proc/stat,1749220636070,787645,85862
/proc/22130/stat,1749220636071,12592,647
/proc/stat,1749220637048,788014,85880
/proc/22130/stat,1749220637049,12958,663
/proc/stat,1749220638070,788356,85933
/proc/22130/stat,1749220638070,13299,713
/proc/stat,1749220639087,788741,85943
/proc/22130/stat,1749220639088,13680,721
/proc/stat,1749220640148,789130,85963
/proc/22130/stat,1749220640150,14067,737
/proc/stat,1749220641147,789476,86005
/proc/22130/stat,1749220641148,14406,775
/proc/stat,1749220642104,789816,86046
/proc/22130/stat,1749220642105,14741,811
/proc/stat,1749220643141,790186,86058
/proc/22130/stat,1749220643142,15108,818
/proc/stat,1749220644092,790490,86127
/proc/22130/stat,1749220644094,15406,883
/proc/stat,1749220645091,790884,86134
/proc/22130/stat,1749220645092,15792,885
/proc/stat,1749220646194,791280,86160
/proc/22130/stat,1749220646196,16183,905
/proc/stat,1749220647141,791589,86226
/proc/22130/stat,1749220647148,16484,967
/proc/stat,1749220648102,791968,86229
/proc/22130/stat,1749220648103,16851,967
/proc/stat,1749220649091,792274,86273
/proc/22130/stat,1749220649092,17146,1008
/proc/stat,1749220650115,792633,86319
/proc/22130/stat,1749220650116,17502,1047
/proc/stat,1749220651162,793033,86336
/proc/22130/stat,1749220651163,17896,1061
/proc/stat,1749220652154,793379,86354
/proc/22130/stat,1749220652155,18234,1074
/proc/stat,1749220653100,793724,86386
/proc/22130/stat,1749220653101,18574,1101
/proc/stat,1749220654127,794128,86391
/proc/22130/stat,1749220654128,18972,1102
/proc/stat,1749220655153,794486,86418
/proc/22130/stat,1749220655155,19325,1126
/proc/stat,1749220656156,794848,86452
/proc/22130/stat,1749220656157,19682,1158
/proc/stat,1749220657097,795212,86457
/proc/22130/stat,1749220657098,20043,1158
/proc/stat,1749220658103,795572,86484
/proc/22130/stat,1749220658104,20396,1181
/proc/stat,1749220659161,795984,86495
/proc/22130/stat,1749220659163,20803,1187
/proc/stat,1749220660085,796305,86523
/proc/22130/stat,1749220660086,21120,1211
/proc/stat,1749220661078,796663,86554
/proc/22130/stat,1749220661079,21476,1235
/proc/stat,1749220662096,797004,86618
/proc/22130/stat,1749220662105,21812,1295
/proc/stat,1749220663081,797383,86623
/proc/22130/stat,1749220663082,22183,1295
/proc/stat,1749220664143,797751,86673
/proc/22130/stat,1749220664144,22547,1340
/proc/stat,1749220665093,798123,86680
/proc/22130/stat,1749220665094,22913,1343
/proc/stat,1749220666153,798500,86694
/proc/22130/stat,1749220666154,23283,1353
/proc/stat,1749220667099,798822,86739
/proc/22130/stat,1749220667103,23600,1394
/proc/stat,1749220668098,799164,86795
/proc/22130/stat,1749220668099,23938,1445
/proc/stat,1749220669165,799556,86808
/proc/22130/stat,1749220669166,24323,1454
/proc/stat,1749220670119,799875,86865
/proc/22130/stat,1749220670120,24634,1507
/proc/stat,1749220671138,800273,86873
/proc/22130/stat,1749220671139,25027,1511
/proc/stat,1749220672199,800648,86896
/proc/22130/stat,1749220672200,25398,1528
/proc/stat,1749220673143,800976,86942
/proc/22130/stat,1749220673144,25722,1569
/proc/stat,1749220674088,801345,86948
/proc/22130/stat,1749220674089,26087,1571
/proc/stat,1749220675171,801669,87004
/proc/22130/stat,1749220675171,26409,1622
/proc/stat,1749220676153,801997,87064
/proc/22130/stat,1749220676154,26731,1679
/proc/stat,1749220677112,802367,87076
/proc/22130/stat,1749220677113,27096,1686
/proc/stat,1749220678151,802724,87108
/proc/22130/stat,1749220678152,27448,1713
/proc/stat,1749220679071,803066,87132
/proc/22130/stat,1749220679072,27786,1735
/proc/stat,1749220680143,803488,87137
/proc/22130/stat,1749220680144,28201,1736
/proc/stat,1749220681155,803825,87174
/proc/22130/stat,1749220681156,28534,1765
/proc/stat,1749220682106,804173,87205
/proc/22130/stat,1749220682107,28877,1792
/proc/stat,1749220683072,804551,87210
/proc/22130/stat,1749220683073,29251,1793
/proc/stat,1749220684114,804925,87246
/proc/22130/stat,1749220684115,29619,1822
/proc/stat,1749220685100,805312,87251
/proc/22130/stat,1749220685101,30002,1823
/proc/stat,1749220686108,805659,87276
/proc/22130/stat,1749220686109,30343,1843
/proc/stat,1749220687092,806010,87307
/proc/22130/stat,1749220687093,30681,1869
/proc/stat,1749220688109,806346,87376
/proc/22130/stat,1749220688110,31013,1933
/proc/stat,1749220689090,806719,87380
/proc/22130/stat,1749220689091,31378,1934
/proc/stat,1749220690117,807067,87435
/proc/22130/stat,1749220690118,31721,1984
/proc/stat,1749220691082,807448,87442
/proc/22130/stat,1749220691083,32089,1986
/proc/stat,1749220692164,807837,87454
/proc/22130/stat,1749220692165,32474,1994
/proc/stat,1749220693156,808178,87500
/proc/22130/stat,1749220693157,32809,2035
/proc/stat,1749220694158,808522,87558
/proc/22130/stat,1749220694160,33145,2090
/proc/stat,1749220695181,808870,87575
/proc/22130/stat,1749220695181,33488,2102
/proc/stat,1749220696087,809158,87642
/proc/22130/stat,1749220696087,33771,2164
/proc/stat,1749220697127,809567,87647
/proc/22130/stat,1749220697129,34173,2165
/proc/stat,1749220698075,809856,87692
/proc/22130/stat,1749220698076,34456,2205
/proc/stat,1749220699153,810233,87738
/proc/22130/stat,1749220699154,34825,2247
/proc/stat,1749220700128,810580,87778
/proc/22130/stat,1749220700129,35168,2283
/proc/stat,1749220701087,810913,87786
/proc/22130/stat,1749220701088,35497,2287
/proc/stat,1749220702120,811280,87827
/proc/22130/stat,1749220702121,35857,2323
/proc/stat,1749220703138,811682,87832
/proc/22130/stat,1749220703139,36252,2323
/proc/stat,1749220704090,812020,87846
/proc/22130/stat,1749220704090,36584,2333
/proc/stat,1749220705106,812364,87905
/proc/22130/stat,1749220705107,36924,2387
/proc/stat,1749220706091,812750,87911
/proc/22130/stat,1749220706092,37308,2387
/proc/stat,1749220707144,813138,87920
/proc/22130/stat,1749220707145,37691,2394
/proc/stat,1749220708144,813510,87946
/proc/22130/stat,1749220708144,38057,2415
/proc/stat,1749220709111,813869,87971
/proc/22130/stat,1749220709112,38410,2434
/proc/stat,1749220710091,814216,87995
/proc/22130/stat,1749220710092,38749,2454
/proc/stat,1749220711104,814552,88061
/proc/22130/stat,1749220711105,39069,2516
/proc/stat,1749220712072,814930,88066
/proc/22130/stat,1749220712074,39443,2517
/proc/stat,1749220713109,815292,88106
/proc/22130/stat,1749220713111,39800,2551
/proc/stat,1749220714120,815683,88115
/proc/22130/stat,1749220714120,40185,2558
/proc/stat,1749220715096,816038,88122
/proc/22130/stat,1749220715097,40539,2560
/proc/stat,1749220716160,816423,88157
/proc/22130/stat,1749220716161,40920,2590
/proc/stat,1749220717112,816798,88162
/proc/22130/stat,1749220717113,41289,2591
/proc/stat,1749220718160,817163,88195
/proc/22130/stat,1749220718161,41651,2618
/proc/stat,1749220719153,817506,88242
/proc/22130/stat,1749220719154,41981,2660
/proc/stat,1749220720135,817856,88281
/proc/22130/stat,1749220720136,42322,2696
/proc/stat,1749220721154,818244,88295
/proc/22130/stat,1749220721155,42699,2704
/proc/stat,1749220722112,818556,88358
/proc/22130/stat,1749220722113,43007,2763
/proc/stat,1749220723136,818958,88366
/proc/22130/stat,1749220723137,43399,2767
/proc/stat,1749220724106,819302,88380
/proc/22130/stat,1749220724106,43738,2777
/proc/stat,1749220725137,819654,88436
/proc/22130/stat,1749220725138,44086,2828
/proc/stat,1749220726082,820024,88444
/proc/22130/stat,1749220726082,44450,2831
/proc/stat,1749220727090,820386,88462
/proc/22130/stat,1749220727090,44811,2846
/proc/stat,1749220728070,820737,88482
/proc/22130/stat,1749220728070,45160,2863
/proc/stat,1749220729070,821095,88518
/proc/22130/stat,1749220729070,45517,2896
/proc/stat,1749220730072,821471,88529
/proc/22130/stat,1749220730072,45889,2905
/proc/stat,1749220731078,821831,88557
/proc/22130/stat,1749220731079,46246,2932
/proc/stat,1749220732067,822185,88582
/proc/22130/stat,1749220732067,46599,2956
/proc/stat,1749220733043,822563,88591
/proc/22130/stat,1749220733043,46974,2963
/proc/stat,1749220734082,822921,88638
/proc/22130/stat,1749220734083,47329,3009
/proc/stat,1749220735051,823283,88650
/proc/22130/stat,1749220735051,47688,3020
/proc/stat,1749220736019,823571,88661
