Timestamp,Domain,Power (Watts),DRAM Power (Watts), Energy (micro joules), DRAM Energy (micro joules)
1749220602080,package-0,8.151956,4.748096,65666403548,19110838283
1749220604003,package-0,8.191873,4.92467,65681524725,19119613407
1749220606003,package-0,8.31254,4.901537,65698295496,19129615517
1749220608003,package-0,8.783303,5.286668,65715502605,19139927075
1749220610003,package-0,8.591347,5.107225,65732303587,19149898180
1749220612003,package-0,8.554604,5.145372,65749299515,19160012778
1749220614003,package-0,8.653664,5.146899,65766657564,19170364620
1749220616003,package-0,8.698586,5.19829,65783887745,19180697296
1749220618003,package-0,8.662209,5.134448,65801256230,19191017460
1749220620004,package-0,8.955116,5.304491,65818598227,19201314797
1749220622003,package-0,8.509133,5.0432,65835417886,19211297437
1749220624003,package-0,8.729714,5.231981,65852756648,19221633775
1749220626003,package-0,8.536782,5.044054,65869428663,19231454856
1749220628003,package-0,8.610757,5.160082,65886612030,19241718807
1749220630004,package-0,8.544656,5.052355,65903776842,19251907013
1749220632003,package-0,8.758645,5.24193,65920948429,19262158635
1749220634003,package-0,8.471841,4.976367,65938028524,19272254679
1749220636003,package-0,8.800515,5.280809,65955282814,19282564894
1749220638003,package-0,8.64103,5.147753,65972254816,19292689380
1749220640004,package-0,5.05089,1.994013,65985592428,19299503571
1749220641009,package-0,4.967456,1.973872,65990574716,19301483058
1749220643004,package-0,4.891528,1.928461,66000385237,19305281449
1749220645004,package-0,5.005176,1.923274,66010583881,19309282294
1749220647004,package-0,5.20421,2.070857,66020679741,19313291927
1749220649004,package-0,5.017321,1.984553,66030481474,19317090562
1749220651004,package-0,4.957141,1.87768,66040510135,19320983069
1749220653004,package-0,5.225389,2.0758,66050744483,19325056362
1749220655004,package-0,5.00725,1.989131,66060711560,19328945879
1749220657004,package-0,5.000354,1.931086,66070888292,19332930121
1749220659003,package-0,4.965015,1.919733,66080992026,19336893978
1749220661004,package-0,4.905383,1.94134,66090995052,19340843797
1749220663004,package-0,4.977526,1.95788,66101021271,19344771033
1749220665005,package-0,4.914172,1.849239,66111122442,19348684537
1749220667004,package-0,4.940539,1.968012,66121078837,19352630510
1749220669004,package-0,4.921252,1.947444,66130980972,19356478584
1749220671004,package-0,5.032458,1.937068,66141242543,19360510251
1749220673004,package-0,5.225878,2.084162,66151365381,19364537767
1749220675004,package-0,5.025072,1.988582,66161018798,19368226540
1749220677004,package-0,4.985095,1.909663,66171086766,19372158781
1749220679004,package-0,5.217455,2.075495,66181335458,19376243792
1749220681008,package-0,5.015673,1.994319,66191523420,19380175484
1749220683004,package-0,5.012988,1.95611,66201702410,19384185849
1749220685004,package-0,4.935413,1.894527,66211805656,19388139514
1749220687005,package-0,4.882251,1.943476,66221756985,19392064125
1749220689003,package-0,4.990649,1.96374,66231838258,19396011991
1749220690009,package-0,5.225817,2.087581,66237074451,19398103661
1749220692004,package-0,5.070238,2.003108,66247044945,19401953382
1749220694004,package-0,4.946093,1.856624,66256878721,19405754703
1749220696004,package-0,5.251696,2.087702,66266968173,19409753594
1749220698004,package-0,5.11986,2.003901,66276739388,19413495711
1749220700004,package-0,4.919299,1.846858,66286609907,19417307957
1749220702004,package-0,5.23546,2.087397,66296846270,19421372034
1749220704004,package-0,4.98424,1.980464,66306807365,19425253738
1749220706004,package-0,5.007129,1.916133,66317024930,19429245793
1749220708005,package-0,5.113024,2.031305,66327242738,19433310052
1749220710004,package-0,4.908984,1.943293,66337173010,19437191146
1749220712003,package-0,4.952746,1.917048,66347305003,19441171604
1749220714004,package-0,5.030078,1.925716,66357479050,19445149439
1749220716004,package-0,5.235704,2.090265,66367736836,19449217238
1749220718003,package-0,5.090197,2.013545,66377713556,19453101384
1749220720004,package-0,5.057909,1.964168,66387709807,19457021967
1749220722004,package-0,5.227403,2.078974,66397786014,19461023055
1749220724006,package-0,4.959094,1.96429,66407710000,19464884679
1749220726004,package-0,6.69853,3.452383,66419572091,19470395162
1749220728003,package-0,8.641275,5.188524,66436676052,19480592280
1749220730003,package-0,8.541055,5.066821,66453802961,19490762298
1749220732003,package-0,8.816933,5.296068,66470991332,19501013431
1749220734003,package-0,8.60209,5.112902,66487897295,19511068642
