SourceFile,Timestamp,userTime (Ticks),systemTime (Ticks)
/proc/stat,1749210308359,613243,93232
/proc/9021/stat,1749210308366,2721,175
/proc/stat,1749210309119,613716,93251
/proc/9021/stat,1749210309136,3189,189
/proc/stat,1749210310116,614423,93281
/proc/9021/stat,1749210310123,3896,214
/proc/stat,1749210311080,614813,93306
/proc/9021/stat,1749210311090,4283,233
/proc/stat,1749210312079,615214,93320
/proc/9021/stat,1749210312089,4677,243
/proc/stat,1749210313073,615617,93331
/proc/9021/stat,1749210313078,5068,249
/proc/stat,1749210314072,616054,93345
/proc/9021/stat,1749210314076,5500,257
/proc/stat,1749210315064,616292,93352
/proc/9021/stat,1749210315067,5734,260
/proc/stat,1749210316066,616579,93364
/proc/9021/stat,1749210316072,6013,267
/proc/stat,1749210317064,616777,93375
/proc/9021/stat,1749210317068,6205,275
/proc/stat,1749210318066,617088,93395
/proc/9021/stat,1749210318070,6512,291
/proc/stat,1749210319068,617302,93401
/proc/9021/stat,1749210319072,6719,293
/proc/stat,1749210320064,617508,93409
/proc/9021/stat,1749210320068,6923,295
/proc/stat,1749210321061,617697,93415
/proc/9021/stat,1749210321065,7109,299
/proc/stat,1749210322064,617878,93440
/proc/9021/stat,1749210322084,7281,318
/proc/stat,1749210323067,618056,93448
/proc/9021/stat,1749210323070,7444,322
/proc/stat,1749210324068,618258,93454
/proc/9021/stat,1749210324073,7638,324
/proc/stat,1749210325064,618423,93459
/proc/9021/stat,1749210325071,7799,325
/proc/stat,1749210326084,618588,93477
/proc/9021/stat,1749210326094,7961,341
/proc/stat,1749210327063,618756,93485
/proc/9021/stat,1749210327070,8123,345
/proc/stat,1749210328065,618934,93495
/proc/9021/stat,1749210328068,8295,348
/proc/stat,1749210329064,619096,93505
/proc/9021/stat,1749210329076,8453,351
/proc/stat,1749210330063,619272,93520
/proc/9021/stat,1749210330066,8618,362
/proc/stat,1749210331065,619438,93527
/proc/9021/stat,1749210331067,8780,366
/proc/stat,1749210332063,619601,93536
/proc/9021/stat,1749210332068,8937,369
/proc/stat,1749210333066,619761,93544
/proc/9021/stat,1749210333069,9093,374
/proc/stat,1749210334066,619934,93563
/proc/9021/stat,1749210334071,9250,390
/proc/stat,1749210335062,620101,93568
/proc/9021/stat,1749210335064,9413,393
/proc/stat,1749210336062,620263,93575
/proc/9021/stat,1749210336065,9572,394
/proc/stat,1749210337064,620424,93582
/proc/9021/stat,1749210337068,9728,398
/proc/stat,1749210338074,620577,93597
/proc/9021/stat,1749210338077,9882,420
/proc/stat,1749210339065,620740,93608
/proc/9021/stat,1749210339069,10040,426
/proc/stat,1749210340066,620902,93624
/proc/9021/stat,1749210340069,10194,432
/proc/stat,1749210341062,621087,93639
/proc/9021/stat,1749210341065,10348,435
/proc/stat,1749210342089,621245,93660
/proc/9021/stat,1749210342093,10501,447
/proc/stat,1749210343071,621402,93670
/proc/9021/stat,1749210343076,10655,451
/proc/stat,1749210344089,621582,93680
/proc/9021/stat,1749210344095,10827,456
/proc/stat,1749210345095,621749,93690
/proc/9021/stat,1749210345098,10987,458
/proc/stat,1749210346117,621893,93705
/proc/9021/stat,1749210346120,11125,470
/proc/stat,1749210347088,622058,93717
/proc/9021/stat,1749210347092,11289,475
/proc/stat,1749210348086,622216,93724
/proc/9021/stat,1749210348090,11441,479
/proc/stat,1749210349100,622392,93732
/proc/9021/stat,1749210349104,11614,481
/proc/stat,1749210350063,622511,93747
/proc/9021/stat,1749210350065,11726,493
/proc/stat,1749210351068,622711,93760
/proc/9021/stat,1749210351071,11919,502
/proc/stat,1749210352065,622873,93767
/proc/9021/stat,1749210352068,12081,504
/proc/stat,1749210353064,623034,93774
/proc/9021/stat,1749210353067,12239,508
/proc/stat,1749210354062,623164,93792
/proc/9021/stat,1749210354065,12366,521
/proc/stat,1749210355067,623346,93802
/proc/9021/stat,1749210355072,12549,528
/proc/stat,1749210356066,623517,93810
/proc/9021/stat,1749210356068,12713,533
/proc/stat,1749210357064,623666,93817
/proc/9021/stat,1749210357066,12859,537
/proc/stat,1749210358064,623811,93828
/proc/9021/stat,1749210358066,13000,545
/proc/stat,1749210359067,623984,93843
/proc/9021/stat,1749210359069,13167,556
/proc/stat,1749210360063,624153,93851
/proc/9021/stat,1749210360065,13331,560
/proc/stat,1749210361063,624388,93860
/proc/9021/stat,1749210361065,13561,565
/proc/stat,1749210362065,624616,93876
/proc/9021/stat,1749210362068,13786,574
/proc/stat,1749210363065,624788,93890
/proc/9021/stat,1749210363068,13955,585
/proc/stat,1749210364062,624955,93897
/proc/9021/stat,1749210364066,14116,589
/proc/stat,1749210365064,625119,93904
/proc/9021/stat,1749210365066,14271,591
/proc/stat,1749210366062,625272,93916
/proc/9021/stat,1749210366064,14423,599
/proc/stat,1749210367069,625444,93931
/proc/9021/stat,1749210367071,14589,608
/proc/stat,1749210368068,625612,93939
/proc/9021/stat,1749210368070,14755,612
/proc/stat,1749210369062,625770,93946
/proc/9021/stat,1749210369064,14911,614
/proc/stat,1749210370064,625924,93959
/proc/9021/stat,1749210370066,15062,622
/proc/stat,1749210371065,626095,93972
/proc/9021/stat,1749210371068,15229,634
/proc/stat,1749210372062,626259,93978
/proc/9021/stat,1749210372064,15390,636
/proc/stat,1749210373063,626419,93982
/proc/9021/stat,1749210373065,15546,638
/proc/stat,1749210374064,626573,93992
/proc/9021/stat,1749210374066,15695,645
/proc/stat,1749210375061,626739,94006
/proc/9021/stat,1749210375063,15859,657
/proc/stat,1749210376061,626902,94012
/proc/9021/stat,1749210376063,16019,659
/proc/stat,1749210377064,627092,94020
/proc/9021/stat,1749210377066,16206,662
/proc/stat,1749210378063,627248,94030
/proc/9021/stat,1749210378065,16361,668
/proc/stat,1749210379064,627420,94050
/proc/9021/stat,1749210379066,16528,684
/proc/stat,1749210380067,627584,94060
/proc/9021/stat,1749210380069,16687,690
/proc/stat,1749210381061,627744,94063
/proc/9021/stat,1749210381064,16844,691
/proc/stat,1749210382063,627894,94077
/proc/9021/stat,1749210382065,16993,700
/proc/stat,1749210383063,628062,94096
/proc/9021/stat,1749210383066,17156,717
/proc/stat,1749210384061,628226,94103
/proc/9021/stat,1749210384064,17317,721
/proc/stat,1749210385062,628382,94111
/proc/9021/stat,1749210385064,17471,725
/proc/stat,1749210386063,628544,94122
/proc/9021/stat,1749210386066,17624,731
/proc/stat,1749210387064,628717,94133
/proc/9021/stat,1749210387067,17792,740
/proc/stat,1749210388062,628880,94139
/proc/9021/stat,1749210388065,17952,742
/proc/stat,1749210389064,629038,94146
/proc/9021/stat,1749210389066,18108,745
/proc/stat,1749210390062,629195,94156
/proc/9021/stat,1749210390064,18260,752
/proc/stat,1749210391061,629353,94173
/proc/9021/stat,1749210391063,18419,767
/proc/stat,1749210392064,629534,94180
/proc/9021/stat,1749210392067,18595,770
/proc/stat,1749210393065,629695,94188
/proc/9021/stat,1749210393068,18748,773
/proc/stat,1749210394063,629852,94199
/proc/9021/stat,1749210394066,18899,780
/proc/stat,1749210395061,630023,94212
/proc/9021/stat,1749210395064,19065,791
/proc/stat,1749210396062,630186,94219
/proc/9021/stat,1749210396064,19226,794
/proc/stat,1749210397063,630340,94224
/proc/9021/stat,1749210397065,19380,796
/proc/stat,1749210398063,630492,94238
/proc/9021/stat,1749210398065,19527,806
/proc/stat,1749210399062,630656,94254
/proc/9021/stat,1749210399064,19691,818
/proc/stat,1749210400061,630823,94258
/proc/9021/stat,1749210400063,19851,819
/proc/stat,1749210401064,630985,94264
/proc/9021/stat,1749210401066,20014,821
/proc/stat,1749210402063,631142,94271
/proc/9021/stat,1749210402066,20170,824
/proc/stat,1749210403064,631305,94290
/proc/9021/stat,1749210403067,20331,838
/proc/stat,1749210404065,631470,94296
/proc/9021/stat,1749210404067,20490,842
/proc/stat,1749210405065,631628,94306
/proc/9021/stat,1749210405067,20646,846
/proc/stat,1749210406065,631850,94320
/proc/9021/stat,1749210406068,20863,854
/proc/stat,1749210407062,632016,94336
/proc/9021/stat,1749210407065,21028,865
/proc/stat,1749210408063,632181,94341
/proc/9021/stat,1749210408065,21190,867
/proc/stat,1749210409061,632338,94346
/proc/9021/stat,1749210409063,21346,869
/proc/stat,1749210410073,632508,94356
/proc/9021/stat,1749210410075,21509,877
/proc/stat,1749210411063,632681,94376
/proc/9021/stat,1749210411066,21680,893
/proc/stat,1749210412065,632844,94382
/proc/9021/stat,1749210412067,21840,896
/proc/stat,1749210413061,633003,94387
/proc/9021/stat,1749210413063,21997,898
/proc/stat,1749210414075,633157,94397
/proc/9021/stat,1749210414077,22150,904
/proc/stat,1749210415061,633323,94410
/proc/9021/stat,1749210415063,22311,914
