SourceFile,Timestamp,userTime (Ticks),systemTime (Ticks)
/proc/stat,1749213124828,2080024,279353
/proc/19838/stat,1749213124851,5722,243
/proc/stat,1749213125180,2080222,279362
/proc/19838/stat,1749213125197,5890,244
/proc/stat,1749213126236,2080851,279380
/proc/19838/stat,1749213126257,6518,251
/proc/stat,1749213127181,2081444,279391
/proc/19838/stat,1749213127191,7094,255
/proc/stat,1749213128212,2082077,279404
/proc/19838/stat,1749213128222,7727,260
/proc/stat,1749213129235,2082698,279420
/proc/19838/stat,1749213129239,8343,267
/proc/stat,1749213130179,2083259,279435
/proc/19838/stat,1749213130189,8906,275
/proc/stat,1749213131192,2083864,279447
/proc/19838/stat,1749213131200,9507,279
/proc/stat,1749213132213,2084472,279458
/proc/19838/stat,1749213132222,10120,283
/proc/stat,1749213133209,2085091,279471
/proc/19838/stat,1749213133217,10733,286
/proc/stat,1749213134166,2085668,279487
/proc/19838/stat,1749213134174,11306,294
/proc/stat,1749213135210,2086298,279504
/proc/19838/stat,1749213135215,11929,302
/proc/stat,1749213136200,2086878,279517
/proc/19838/stat,1749213136214,12511,309
/proc/stat,1749213137173,2087473,279532
/proc/19838/stat,1749213137183,13098,316
/proc/stat,1749213138220,2087934,279584
/proc/19838/stat,1749213138231,13534,360
/proc/stat,1749213139195,2088511,279612
/proc/19838/stat,1749213139203,14091,378
/proc/stat,1749213140190,2089090,279626
/proc/19838/stat,1749213140199,14661,387
/proc/stat,1749213141200,2089704,279641
/proc/19838/stat,1749213141207,15265,393
/proc/stat,1749213142203,2090306,279656
/proc/19838/stat,1749213142209,15863,398
/proc/stat,1749213143187,2090886,279676
/proc/19838/stat,1749213143206,16436,408
/proc/stat,1749213144178,2091457,279701
/proc/19838/stat,1749213144184,17002,426
/proc/stat,1749213145172,2092059,279719
/proc/19838/stat,1749213145180,17604,435
/proc/stat,1749213146229,2092691,279735
/proc/19838/stat,1749213146232,18213,442
/proc/stat,1749213147178,2093254,279751
/proc/19838/stat,1749213147180,18775,452
/proc/stat,1749213148184,2093828,279767
/proc/19838/stat,1749213148192,19351,461
/proc/stat,1749213149174,2094416,279782
/proc/19838/stat,1749213149181,19942,468
/proc/stat,1749213150181,2095028,279798
/proc/19838/stat,1749213150189,20524,474
/proc/stat,1749213151205,2095634,279814
/proc/19838/stat,1749213151230,21140,480
/proc/stat,1749213152247,2096264,279832
/proc/19838/stat,1749213152257,21766,490
/proc/stat,1749213153210,2096843,279849
/proc/19838/stat,1749213153217,22348,495
/proc/stat,1749213154196,2097433,279864
/proc/19838/stat,1749213154205,22933,504
/proc/stat,1749213155184,2098017,279882
/proc/19838/stat,1749213155192,23514,511
/proc/stat,1749213156213,2098665,279902
/proc/19838/stat,1749213156221,24145,520
/proc/stat,1749213157262,2099310,279919
/proc/19838/stat,1749213157284,24755,529
/proc/stat,1749213158215,2099887,279937
/proc/19838/stat,1749213158235,25326,538
/proc/stat,1749213159245,2100506,279955
/proc/19838/stat,1749213159249,25936,548
/proc/stat,1749213160205,2101066,279977
/proc/19838/stat,1749213160212,26492,561
/proc/stat,1749213161238,2101688,279996
/proc/19838/stat,1749213161241,27104,571
/proc/stat,1749213162215,2102259,280012
/proc/19838/stat,1749213162221,27673,579
/proc/stat,1749213163202,2102846,280028
/proc/19838/stat,1749213163224,28263,587
/proc/stat,1749213164196,2103446,280047
/proc/19838/stat,1749213164205,28863,595
/proc/stat,1749213165217,2104063,280066
/proc/19838/stat,1749213165226,29475,603
/proc/stat,1749213166221,2104654,280087
/proc/19838/stat,1749213166228,30070,612
/proc/stat,1749213167195,2105244,280105
/proc/19838/stat,1749213167199,30659,621
/proc/stat,1749213168191,2105834,280120
/proc/19838/stat,1749213168197,31253,627
/proc/stat,1749213169221,2106446,280137
/proc/19838/stat,1749213169228,31854,635
/proc/stat,1749213170229,2107040,280152
/proc/19838/stat,1749213170236,32456,640
/proc/stat,1749213171202,2107625,280168
/proc/19838/stat,1749213171223,33051,649
/proc/stat,1749213172173,2108201,280188
/proc/19838/stat,1749213172178,33624,656
/proc/stat,1749213173107,2108764,280202
/proc/19838/stat,1749213173113,34177,666
/proc/stat,1749213174226,2109348,280301
/proc/19838/stat,1749213174231,34754,756
/proc/stat,1749213175214,2109965,280318
/proc/19838/stat,1749213175221,35369,762
/proc/stat,1749213176254,2110591,280336
/proc/19838/stat,1749213176263,35995,771
/proc/stat,1749213177170,2111143,280351
/proc/19838/stat,1749213177174,36543,775
/proc/stat,1749213178218,2111788,280368
/proc/19838/stat,1749213178225,37186,781
/proc/stat,1749213179209,2112368,280388
/proc/19838/stat,1749213179215,37770,792
/proc/stat,1749213180231,2112973,280406
/proc/19838/stat,1749213180236,38378,799
/proc/stat,1749213181193,2113556,280423
/proc/19838/stat,1749213181205,38967,808
/proc/stat,1749213182200,2114162,280444
/proc/19838/stat,1749213182206,39569,818
/proc/stat,1749213183178,2114748,280457
/proc/19838/stat,1749213183185,40153,823
/proc/stat,1749213184214,2115384,280474
/proc/19838/stat,1749213184219,40783,829
/proc/stat,1749213185242,2116000,280489
/proc/19838/stat,1749213185248,41398,836
/proc/stat,1749213186203,2116585,280504
/proc/19838/stat,1749213186210,41981,841
/proc/stat,1749213187188,2117173,280520
/proc/19838/stat,1749213187193,42561,848
/proc/stat,1749213188205,2117796,280538
/proc/19838/stat,1749213188217,43184,856
/proc/stat,1749213189192,2118392,280552
/proc/19838/stat,1749213189200,43786,862
/proc/stat,1749213190192,2118992,280567
/proc/19838/stat,1749213190199,44383,871
/proc/stat,1749213191200,2119590,280605
/proc/19838/stat,1749213191205,44979,898
/proc/stat,1749213192180,2120164,280620
/proc/19838/stat,1749213192188,45560,903
/proc/stat,1749213193236,2120744,280696
/proc/19838/stat,1749213193242,46137,970
/proc/stat,1749213194217,2121324,280716
/proc/19838/stat,1749213194225,46718,980
/proc/stat,1749213195182,2121923,280729
/proc/19838/stat,1749213195184,47308,982
/proc/stat,1749213196221,2122563,280750
/proc/19838/stat,1749213196227,47950,993
/proc/stat,1749213197191,2123140,280767
/proc/19838/stat,1749213197200,48532,1003
/proc/stat,1749213198192,2123739,280786
/proc/19838/stat,1749213198198,49127,1013
/proc/stat,1749213199192,2124319,280804
/proc/19838/stat,1749213199203,49715,1022
/proc/stat,1749213200162,2124907,280822
/proc/19838/stat,1749213200166,50291,1029
/proc/stat,1749213201188,2125512,280839
/proc/19838/stat,1749213201193,50903,1037
/proc/stat,1749213202180,2126119,280856
/proc/19838/stat,1749213202190,51499,1045
/proc/stat,1749213203221,2126755,280876
/proc/19838/stat,1749213203227,52130,1054
/proc/stat,1749213204220,2127356,280896
/proc/19838/stat,1749213204228,52734,1064
/proc/stat,1749213205198,2127960,280916
/proc/19838/stat,1749213205208,53330,1074
/proc/stat,1749213206210,2128562,280940
/proc/19838/stat,1749213206213,53925,1083
/proc/stat,1749213207204,2129174,280956
/proc/19838/stat,1749213207210,54535,1091
/proc/stat,1749213208223,2129794,280992
/proc/19838/stat,1749213208229,55150,1118
/proc/stat,1749213209198,2130393,281005
/proc/19838/stat,1749213209215,55720,1123
/proc/stat,1749213210173,2130977,281022
/proc/19838/stat,1749213210180,56298,1130
/proc/stat,1749213211237,2131633,281041
/proc/19838/stat,1749213211240,56942,1138
/proc/stat,1749213212159,2132174,281057
/proc/19838/stat,1749213212166,57482,1149
/proc/stat,1749213213205,2132794,281072
/proc/19838/stat,1749213213212,58105,1155
/proc/stat,1749213214212,2133394,281087
/proc/19838/stat,1749213214218,58711,1163
/proc/stat,1749213215206,2134008,281104
/proc/19838/stat,1749213215212,59325,1171
/proc/stat,1749213216194,2134635,281122
/proc/19838/stat,1749213216196,59952,1179
/proc/stat,1749213217192,2135250,281143
/proc/19838/stat,1749213217197,60574,1190
/proc/stat,1749213218177,2135850,281156
/proc/19838/stat,1749213218185,61179,1198
/proc/stat,1749213219203,2136461,281178
/proc/19838/stat,1749213219210,61782,1210
/proc/stat,1749213220168,2137025,281192
/proc/19838/stat,1749213220174,62346,1218
/proc/stat,1749213221222,2137657,281210
/proc/19838/stat,1749213221229,62972,1224
/proc/stat,1749213222172,2138221,281226
/proc/19838/stat,1749213222182,63546,1233
/proc/stat,1749213223216,2138833,281244
/proc/19838/stat,1749213223224,64164,1241
/proc/stat,1749213224212,2139438,281263
/proc/19838/stat,1749213224218,64769,1249
/proc/stat,1749213225174,2140006,281280
/proc/19838/stat,1749213225177,65341,1256
/proc/stat,1749213226190,2140630,281294
/proc/19838/stat,1749213226197,65962,1263
/proc/stat,1749213227212,2141228,281315
/proc/19838/stat,1749213227218,66564,1273
/proc/stat,1749213228157,2141797,281331
/proc/19838/stat,1749213228163,67132,1278
/proc/stat,1749213229221,2142434,281349
/proc/19838/stat,1749213229227,67768,1285
/proc/stat,1749213230174,2143002,281368
/proc/19838/stat,1749213230188,68333,1295
/proc/stat,1749213231237,2143628,281388
/proc/19838/stat,1749213231242,68953,1303
/proc/stat,1749213232153,2144174,281401
/proc/19838/stat,1749213232159,69496,1309
/proc/stat,1749213233188,2144794,281418
/proc/19838/stat,1749213233194,70122,1318
/proc/stat,1749213234195,2145395,281435
/proc/19838/stat,1749213234201,70722,1327
/proc/stat,1749213235159,2145968,281446
/proc/19838/stat,1749213235165,71296,1332
/proc/stat,1749213236199,2146590,281464
/proc/19838/stat,1749213236205,71916,1341
/proc/stat,1749213237197,2147194,281478
/proc/19838/stat,1749213237204,72526,1347
/proc/stat,1749213238176,2147785,281496
/proc/19838/stat,1749213238184,73113,1353
/proc/stat,1749213239167,2148369,281514
/proc/19838/stat,1749213239172,73695,1364
/proc/stat,1749213240231,2149013,281532
/proc/19838/stat,1749213240236,74336,1372
/proc/stat,1749213241198,2149569,281559
/proc/19838/stat,1749213241203,74887,1390
/proc/stat,1749213242157,2150154,281573
/proc/19838/stat,1749213242176,75468,1395
/proc/stat,1749213243161,2150768,281589
/proc/19838/stat,1749213243167,76078,1407
/proc/stat,1749213244234,2151397,281608
/proc/19838/stat,1749213244239,76705,1417
/proc/stat,1749213245199,2151971,281624
/proc/19838/stat,1749213245205,77278,1426
/proc/stat,1749213246212,2152582,281642
/proc/19838/stat,1749213246218,77884,1435
/proc/stat,1749213247207,2153170,281664
/proc/19838/stat,1749213247212,78474,1447
/proc/stat,1749213248195,2153744,281684
/proc/19838/stat,1749213248201,79047,1459
/proc/stat,1749213249193,2154333,281706
/proc/19838/stat,1749213249204,79638,1473
/proc/stat,1749213250210,2154935,281724
/proc/19838/stat,1749213250215,80236,1482
/proc/stat,1749213251194,2155530,281744
/proc/19838/stat,1749213251196,80831,1491
/proc/stat,1749213252177,2156124,281763
/proc/19838/stat,1749213252183,81422,1501
/proc/stat,1749213253243,2156754,281778
/proc/19838/stat,1749213253248,82059,1510
/proc/stat,1749213254184,2157304,281797
/proc/19838/stat,1749213254189,82616,1520
/proc/stat,1749213255199,2157913,281817
/proc/19838/stat,1749213255203,83225,1526
/proc/stat,1749213256221,2158534,281833
/proc/19838/stat,1749213256227,83849,1533
/proc/stat,1749213257184,2159096,281851
/proc/19838/stat,1749213257189,84416,1543
/proc/stat,1749213258207,2159692,281871
/proc/19838/stat,1749213258212,85016,1554
/proc/stat,1749213259139,2160231,281887
/proc/19838/stat,1749213259142,85559,1562
/proc/stat,1749213260190,2160848,281904
/proc/19838/stat,1749213260194,86175,1572
/proc/stat,1749213261187,2161454,281922
/proc/19838/stat,1749213261198,86783,1578
/proc/stat,1749213262223,2162089,281938
/proc/19838/stat,1749213262234,87415,1586
/proc/stat,1749213263157,2162632,281957
/proc/19838/stat,1749213263162,87963,1592
/proc/stat,1749213264206,2163281,281974
/proc/19838/stat,1749213264212,88610,1598
/proc/stat,1749213265203,2163886,281985
/proc/19838/stat,1749213265207,89217,1604
/proc/stat,1749213266169,2164449,282002
/proc/19838/stat,1749213266175,89789,1611
/proc/stat,1749213267162,2165039,282022
/proc/19838/stat,1749213267168,90379,1621
/proc/stat,1749213268179,2165646,282041
/proc/19838/stat,1749213268184,90989,1629
/proc/stat,1749213269186,2166256,282061
/proc/19838/stat,1749213269191,91600,1639
/proc/stat,1749213270180,2166850,282076
/proc/19838/stat,1749213270185,92197,1644
/proc/stat,1749213271176,2167440,282096
/proc/19838/stat,1749213271184,92782,1653
/proc/stat,1749213272216,2168050,282113
/proc/19838/stat,1749213272222,93396,1663
/proc/stat,1749213273217,2168653,282134
/proc/19838/stat,1749213273225,93999,1677
/proc/stat,1749213274219,2169236,282146
/proc/19838/stat,1749213274224,94589,1683
/proc/stat,1749213275221,2169823,282164
/proc/19838/stat,1749213275224,95179,1693
/proc/stat,1749213276155,2170353,282176
/proc/19838/stat,1749213276161,95720,1698
/proc/stat,1749213277182,2170965,282192
/proc/19838/stat,1749213277187,96339,1706
/proc/stat,1749213278208,2171593,282205
/proc/19838/stat,1749213278213,96974,1710
/proc/stat,1749213279175,2172165,282218
/proc/19838/stat,1749213279178,97542,1716
/proc/stat,1749213280185,2172772,282237
/proc/19838/stat,1749213280188,98148,1726
/proc/stat,1749213281175,2173315,282291
/proc/19838/stat,1749213281183,98699,1770
/proc/stat,1749213282150,2173905,282303
/proc/19838/stat,1749213282155,99288,1775
/proc/stat,1749213283201,2174538,282325
/proc/19838/stat,1749213283205,99927,1786
/proc/stat,1749213284233,2175153,282341
/proc/19838/stat,1749213284237,100543,1795
/proc/stat,1749213285197,2175732,282357
/proc/19838/stat,1749213285201,101126,1802
/proc/stat,1749213286168,2176314,282374
/proc/19838/stat,1749213286170,101701,1808
/proc/stat,1749213287178,2176933,282391
/proc/19838/stat,1749213287183,102319,1816
/proc/stat,1749213288206,2177526,282407
/proc/19838/stat,1749213288211,102919,1825
/proc/stat,1749213289165,2178101,282422
/proc/19838/stat,1749213289170,103492,1831
/proc/stat,1749213290222,2178721,282440
/proc/19838/stat,1749213290228,104113,1840
/proc/stat,1749213291215,2179320,282461
/proc/19838/stat,1749213291224,104710,1850
/proc/stat,1749213292188,2179892,282477
/proc/19838/stat,1749213292195,105289,1859
/proc/stat,1749213293201,2180505,282500
/proc/19838/stat,1749213293208,105892,1874
/proc/stat,1749213294206,2181115,282518
/proc/19838/stat,1749213294211,106506,1880
/proc/stat,1749213295239,2181733,282538
/proc/19838/stat,1749213295241,107126,1891
/proc/stat,1749213296191,2182313,282568
/proc/19838/stat,1749213296196,107706,1911
/proc/stat,1749213297174,2182909,282584
/proc/19838/stat,1749213297177,108299,1918
/proc/stat,1749213298164,2183506,282598
/proc/19838/stat,1749213298170,108899,1926
/proc/stat,1749213299177,2184116,282616
/proc/19838/stat,1749213299183,109505,1932
/proc/stat,1749213300207,2184743,282632
/proc/19838/stat,1749213300213,110129,1938
/proc/stat,1749213301159,2185309,282648
/proc/19838/stat,1749213301164,110687,1945
/proc/stat,1749213302203,2185936,282664
/proc/19838/stat,1749213302207,111317,1954
/proc/stat,1749213303213,2186541,282680
/proc/19838/stat,1749213303217,111922,1962
/proc/stat,1749213304181,2187128,282693
/proc/19838/stat,1749213304186,112507,1967
/proc/stat,1749213305238,2187768,282714
/proc/19838/stat,1749213305241,113152,1976
/proc/stat,1749213306211,2188337,282730
/proc/19838/stat,1749213306216,113733,1982
/proc/stat,1749213307176,2188914,282747
/proc/19838/stat,1749213307181,114305,1991
/proc/stat,1749213308202,2189519,282765
/proc/19838/stat,1749213308206,114912,2001
/proc/stat,1749213309203,2190097,282785
/proc/19838/stat,1749213309208,115503,2011
/proc/stat,1749213310177,2190688,282803
/proc/19838/stat,1749213310178,116088,2020
/proc/stat,1749213311205,2191271,282829
/proc/19838/stat,1749213311210,116676,2038
/proc/stat,1749213312230,2191896,282848
/proc/19838/stat,1749213312235,117294,2048
/proc/stat,1749213313178,2192472,282875
/proc/19838/stat,1749213313183,117866,2063
/proc/stat,1749213314215,2193071,282893
/proc/19838/stat,1749213314220,118474,2072
/proc/stat,1749213315160,2193654,282909
/proc/19838/stat,1749213315165,119042,2079
/proc/stat,1749213316208,2194300,282924
/proc/19838/stat,1749213316213,119669,2084
/proc/stat,1749213317186,2194893,282940
/proc/19838/stat,1749213317187,120256,2091
/proc/stat,1749213318186,2195492,282960
/proc/19838/stat,1749213318193,120860,2102
/proc/stat,1749213319207,2196106,282976
/proc/19838/stat,1749213319219,121487,2109
/proc/stat,1749213320169,2196683,282994
/proc/19838/stat,1749213320171,122058,2118
/proc/stat,1749213321193,2197302,283007
/proc/19838/stat,1749213321211,122685,2123
/proc/stat,1749213322180,2197884,283022
/proc/19838/stat,1749213322185,123274,2129
/proc/stat,1749213323221,2198510,283037
/proc/19838/stat,1749213323225,123897,2136
/proc/stat,1749213324168,2199088,283051
/proc/19838/stat,1749213324172,124471,2142
/proc/stat,1749213325190,2199697,283070
/proc/19838/stat,1749213325195,125086,2152
/proc/stat,1749213326193,2200294,283090
/proc/19838/stat,1749213326198,125694,2161
/proc/stat,1749213327181,2200893,283105
/proc/19838/stat,1749213327200,126295,2168
/proc/stat,1749213328236,2201515,283122
/proc/19838/stat,1749213328242,126909,2175
/proc/stat,1749213329216,2202077,283147
/proc/19838/stat,1749213329219,127482,2187
/proc/stat,1749213330168,2202667,283159
/proc/19838/stat,1749213330173,128077,2195
/proc/stat,1749213331213,2203289,283181
/proc/19838/stat,1749213331218,128695,2204
/proc/stat,1749213332276,2203938,283201
/proc/19838/stat,1749213332281,129341,2214
/proc/stat,1749213333183,2204478,283218
/proc/19838/stat,1749213333188,129879,2221
/proc/stat,1749213334165,2205063,283232
/proc/19838/stat,1749213334176,130469,2229
/proc/stat,1749213335188,2205684,283246
/proc/19838/stat,1749213335198,131096,2234
/proc/stat,1749213336217,2206298,283267
/proc/19838/stat,1749213336223,131708,2243
/proc/stat,1749213337172,2206856,283285
/proc/19838/stat,1749213337178,132273,2252
/proc/stat,1749213338179,2207466,283303
/proc/19838/stat,1749213338184,132879,2260
/proc/stat,1749213339196,2208056,283320
/proc/19838/stat,1749213339203,133477,2270
/proc/stat,1749213340188,2208647,283338
/proc/19838/stat,1749213340193,134070,2278
/proc/stat,1749213341202,2209248,283356
/proc/19838/stat,1749213341206,134667,2287
/proc/stat,1749213342171,2209816,283378
/proc/19838/stat,1749213342176,135244,2299
/proc/stat,1749213343172,2210397,283406
/proc/19838/stat,1749213343186,135822,2321
/proc/stat,1749213344205,2211010,283427
/proc/19838/stat,1749213344210,136435,2332
/proc/stat,1749213345189,2211599,283446
/proc/19838/stat,1749213345191,137025,2341
/proc/stat,1749213346198,2212184,283469
/proc/19838/stat,1749213346203,137608,2356
/proc/stat,1749213347205,2212780,283487
/proc/19838/stat,1749213347212,138206,2364
/proc/stat,1749213348197,2213388,283510
/proc/19838/stat,1749213348204,138816,2376
/proc/stat,1749213349213,2213986,283526
/proc/19838/stat,1749213349219,139413,2384
/proc/stat,1749213350196,2214577,283545
/proc/19838/stat,1749213350200,140003,2396
/proc/stat,1749213351189,2215163,283561
/proc/19838/stat,1749213351195,140589,2403
/proc/stat,1749213352174,2215751,283583
/proc/19838/stat,1749213352181,141176,2416
/proc/stat,1749213353171,2216344,283601
/proc/19838/stat,1749213353176,141771,2426
/proc/stat,1749213354201,2216964,283620
/proc/19838/stat,1749213354227,142393,2436
/proc/stat,1749213355169,2217539,283637
/proc/19838/stat,1749213355187,142956,2444
/proc/stat,1749213356239,2218182,283656
/proc/19838/stat,1749213356243,143600,2454
/proc/stat,1749213357195,2218738,283675
/proc/19838/stat,1749213357199,144164,2463
/proc/stat,1749213358190,2219333,283692
/proc/19838/stat,1749213358197,144760,2473
/proc/stat,1749213359174,2219918,283707
/proc/19838/stat,1749213359178,145351,2478
/proc/stat,1749213360224,2220555,283723
/proc/19838/stat,1749213360234,145984,2483
/proc/stat,1749213361231,2221167,283740
/proc/19838/stat,1749213361237,146600,2492
/proc/stat,1749213362206,2221753,283759
/proc/19838/stat,1749213362211,147181,2503
/proc/stat,1749213363199,2222354,283776
/proc/19838/stat,1749213363203,147787,2511
/proc/stat,1749213364193,2222955,283794
/proc/19838/stat,1749213364197,148391,2520
/proc/stat,1749213365211,2223583,283809
/proc/19838/stat,1749213365216,149021,2527
/proc/stat,1749213366192,2224183,283829
/proc/19838/stat,1749213366199,149619,2535
/proc/stat,1749213367219,2224795,283845
/proc/19838/stat,1749213367226,150232,2542
/proc/stat,1749213368174,2225372,283862
/proc/19838/stat,1749213368177,150812,2548
/proc/stat,1749213369223,2226005,283880
/proc/19838/stat,1749213369228,151451,2558
/proc/stat,1749213370157,2226560,283892
/proc/19838/stat,1749213370163,152007,2565
/proc/stat,1749213371221,2227190,283909
/proc/19838/stat,1749213371226,152639,2572
/proc/stat,1749213372194,2227765,283923
/proc/19838/stat,1749213372200,153215,2579
/proc/stat,1749213373215,2228362,283940
/proc/19838/stat,1749213373220,153819,2589
/proc/stat,1749213374219,2228951,283963
/proc/19838/stat,1749213374223,154405,2602
/proc/stat,1749213375204,2229540,283979
/proc/19838/stat,1749213375208,154998,2608
/proc/stat,1749213376173,2230131,283989
/proc/19838/stat,1749213376179,155583,2613
/proc/stat,1749213377196,2230741,284003
/proc/19838/stat,1749213377200,156199,2620
/proc/stat,1749213378167,2231320,284016
/proc/19838/stat,1749213378172,156769,2627
/proc/stat,1749213379186,2231951,284035
/proc/19838/stat,1749213379208,157393,2634
/proc/stat,1749213380197,2232556,284049
/proc/19838/stat,1749213380204,157993,2638
/proc/stat,1749213381208,2233156,284064
/proc/19838/stat,1749213381213,158605,2646
/proc/stat,1749213382155,2233721,284080
/proc/19838/stat,1749213382157,159169,2652
/proc/stat,1749213383181,2234360,284094
/proc/19838/stat,1749213383186,159809,2657
/proc/stat,1749213384177,2234947,284111
/proc/19838/stat,1749213384183,160403,2664
/proc/stat,1749213385198,2235552,284130
/proc/19838/stat,1749213385204,161010,2672
/proc/stat,1749213386183,2236134,284145
/proc/19838/stat,1749213386188,161592,2679
/proc/stat,1749213387180,2236725,284160
/proc/19838/stat,1749213387182,162186,2686
/proc/stat,1749213388174,2237320,284176
/proc/19838/stat,1749213388179,162779,2693
/proc/stat,1749213389216,2237940,284198
/proc/19838/stat,1749213389221,163404,2704
/proc/stat,1749213390249,2238549,284218
/proc/19838/stat,1749213390254,164015,2712
/proc/stat,1749213391234,2239142,284236
/proc/19838/stat,1749213391236,164602,2721
/proc/stat,1749213392182,2239703,284252
/proc/19838/stat,1749213392188,165176,2728
/proc/stat,1749213393181,2240294,284271
/proc/19838/stat,1749213393185,165779,2737
/proc/stat,1749213394199,2240875,284293
/proc/19838/stat,1749213394203,166369,2751
/proc/stat,1749213395170,2241457,284307
/proc/19838/stat,1749213395175,166956,2759
/proc/stat,1749213396187,2242038,284321
/proc/19838/stat,1749213396190,167545,2766
/proc/stat,1749213397199,2242665,284339
/proc/19838/stat,1749213397206,168170,2776
/proc/stat,1749213398190,2243247,284359
/proc/19838/stat,1749213398192,168758,2787
/proc/stat,1749213399160,2243812,284372
/proc/19838/stat,1749213399165,169329,2793
/proc/stat,1749213400202,2244455,284396
/proc/19838/stat,1749213400207,169972,2802
/proc/stat,1749213401181,2245021,284417
/proc/19838/stat,1749213401184,170546,2814
/proc/stat,1749213402159,2245590,284435
/proc/19838/stat,1749213402164,171121,2824
/proc/stat,1749213403188,2246199,284452
/proc/19838/stat,1749213403191,171734,2833
/proc/stat,1749213404196,2246798,284472
/proc/19838/stat,1749213404199,172334,2842
/proc/stat,1749213405202,2247411,284486
/proc/19838/stat,1749213405205,172944,2846
/proc/stat,1749213406194,2247996,284501
/proc/19838/stat,1749213406199,173529,2853
/proc/stat,1749213407174,2248568,284517
/proc/19838/stat,1749213407180,174105,2863
/proc/stat,1749213408180,2249158,284535
/proc/19838/stat,1749213408185,174705,2875
/proc/stat,1749213409205,2249780,284548
/proc/19838/stat,1749213409209,175327,2880
/proc/stat,1749213410176,2250367,284565
/proc/19838/stat,1749213410179,175912,2885
/proc/stat,1749213411218,2250976,284599
/proc/19838/stat,1749213411229,176521,2910
/proc/stat,1749213412204,2251545,284619
/proc/19838/stat,1749213412210,177096,2920
/proc/stat,1749213413222,2252164,284630
/proc/19838/stat,1749213413225,177707,2923
/proc/stat,1749213414175,2252720,284646
/proc/19838/stat,1749213414179,178270,2928
/proc/stat,1749213415181,2253328,284663
/proc/19838/stat,1749213415189,178881,2936
/proc/stat,1749213416166,2253912,284683
/proc/19838/stat,1749213416168,179458,2948
/proc/stat,1749213417197,2254550,284700
/proc/19838/stat,1749213417201,180092,2958
/proc/stat,1749213418199,2255139,284720
/proc/19838/stat,1749213418203,180685,2968
/proc/stat,1749213419193,2255733,284738
/proc/19838/stat,1749213419197,181280,2977
/proc/stat,1749213420178,2256326,284749
/proc/19838/stat,1749213420203,181879,2982
/proc/stat,1749213421204,2256939,284772
/proc/19838/stat,1749213421208,182484,2993
/proc/stat,1749213422181,2257522,284788
/proc/19838/stat,1749213422186,183071,3000
/proc/stat,1749213423210,2258132,284812
/proc/19838/stat,1749213423215,183688,3014
/proc/stat,1749213424217,2258744,284827
/proc/19838/stat,1749213424221,184302,3023
/proc/stat,1749213425280,2259381,284846
/proc/19838/stat,1749213425291,184953,3031
/proc/stat,1749213426176,2259911,284862
/proc/19838/stat,1749213426182,185482,3038
/proc/stat,1749213427179,2260512,284876
/proc/19838/stat,1749213427185,186087,3045
/proc/stat,1749213428195,2261113,284894
/proc/19838/stat,1749213428200,186688,3053
/proc/stat,1749213429175,2261702,284913
/proc/19838/stat,1749213429178,187280,3063
/proc/stat,1749213430188,2262302,284932
/proc/19838/stat,1749213430193,187891,3074
/proc/stat,1749213431196,2262879,284968
/proc/19838/stat,1749213431202,188471,3099
/proc/stat,1749213432185,2263497,284983
/proc/19838/stat,1749213432191,189084,3107
/proc/stat,1749213433173,2264075,285000
/proc/19838/stat,1749213433176,189666,3118
/proc/stat,1749213434187,2264692,285014
/proc/19838/stat,1749213434193,190281,3124
/proc/stat,1749213435229,2265327,285040
/proc/19838/stat,1749213435235,190912,3140
/proc/stat,1749213436200,2265919,285060
/proc/19838/stat,1749213436206,191503,3149
/proc/stat,1749213437177,2266502,285076
/proc/19838/stat,1749213437184,192090,3157
/proc/stat,1749213438195,2267095,285092
/proc/19838/stat,1749213438201,192689,3165
/proc/stat,1749213439168,2267678,285110
/proc/19838/stat,1749213439172,193272,3172
/proc/stat,1749213440179,2268285,285124
/proc/19838/stat,1749213440183,193878,3178
/proc/stat,1749213441162,2268874,285140
/proc/19838/stat,1749213441179,194469,3185
/proc/stat,1749213442200,2269504,285156
/proc/19838/stat,1749213442204,195102,3193
/proc/stat,1749213443169,2270072,285173
/proc/19838/stat,1749213443173,195674,3202
/proc/stat,1749213444230,2270714,285192
/proc/19838/stat,1749213444232,196316,3210
/proc/stat,1749213445154,2271262,285210
/proc/19838/stat,1749213445159,196872,3218
/proc/stat,1749213446163,2271872,285224
/proc/19838/stat,1749213446167,197480,3224
/proc/stat,1749213447189,2272483,285241
/proc/19838/stat,1749213447193,198097,3231
/proc/stat,1749213448218,2273114,285258
/proc/19838/stat,1749213448222,198721,3236
/proc/stat,1749213449206,2273698,285276
/proc/19838/stat,1749213449213,199310,3245
/proc/stat,1749213450166,2274268,285292
/proc/19838/stat,1749213450171,199874,3253
/proc/stat,1749213451224,2274897,285311
/proc/19838/stat,1749213451228,200506,3262
/proc/stat,1749213452209,2275512,285326
/proc/19838/stat,1749213452213,201115,3270
/proc/stat,1749213453195,2276012,285416
/proc/19838/stat,1749213453200,201615,3351
/proc/stat,1749213454164,2276607,285432
/proc/19838/stat,1749213454169,202211,3358
/proc/stat,1749213455174,2277221,285448
/proc/19838/stat,1749213455176,202825,3365
/proc/stat,1749213456199,2277839,285466
/proc/19838/stat,1749213456204,203446,3374
/proc/stat,1749213457222,2278456,285486
/proc/19838/stat,1749213457225,204061,3383
/proc/stat,1749213458235,2279066,285506
/proc/19838/stat,1749213458239,204673,3392
/proc/stat,1749213459187,2279633,285523
/proc/19838/stat,1749213459193,205233,3399
/proc/stat,1749213460173,2280234,285541
/proc/19838/stat,1749213460178,205829,3408
/proc/stat,1749213461172,2280840,285559
/proc/19838/stat,1749213461176,206435,3414
/proc/stat,1749213462261,2281484,285581
/proc/19838/stat,1749213462266,207076,3426
/proc/stat,1749213463220,2282071,285598
/proc/19838/stat,1749213463229,207660,3432
/proc/stat,1749213464184,2282648,285610
/proc/19838/stat,1749213464190,208242,3436
/proc/stat,1749213465185,2283245,285626
/proc/19838/stat,1749213465190,208841,3443
/proc/stat,1749213466203,2283884,285644
/proc/19838/stat,1749213466208,209458,3450
/proc/stat,1749213467189,2284475,285662
/proc/19838/stat,1749213467193,210052,3460
/proc/stat,1749213468179,2285075,285675
/proc/19838/stat,1749213468183,210623,3466
/proc/stat,1749213469112,2285640,285688
/proc/19838/stat,1749213469115,211190,3474
/proc/stat,1749213470192,2286280,285727
/proc/19838/stat,1749213470197,211832,3502
/proc/stat,1749213471163,2286850,285740
/proc/19838/stat,1749213471168,212405,3509
/proc/stat,1749213472165,2287471,285755
/proc/19838/stat,1749213472169,213025,3515
/proc/stat,1749213473168,2288064,285775
/proc/19838/stat,1749213473175,213624,3523
/proc/stat,1749213474179,2288687,285794
/proc/19838/stat,1749213474185,214248,3533
/proc/stat,1749213475198,2289314,285804
/proc/19838/stat,1749213475201,214862,3538
/proc/stat,1749213476157,2289881,285820
/proc/19838/stat,1749213476160,215430,3546
/proc/stat,1749213477201,2290504,285840
/proc/19838/stat,1749213477205,216065,3556
/proc/stat,1749213478217,2291125,285857
/proc/19838/stat,1749213478218,216686,3563
/proc/stat,1749213479196,2291713,285870
/proc/19838/stat,1749213479201,217282,3569
/proc/stat,1749213480221,2292329,285885
/proc/19838/stat,1749213480225,217897,3576
/proc/stat,1749213481257,2292947,285903
/proc/19838/stat,1749213481262,218513,3585
/proc/stat,1749213482214,2293498,285922
/proc/19838/stat,1749213482219,219074,3595
/proc/stat,1749213483224,2294095,285940
/proc/19838/stat,1749213483229,219678,3604
/proc/stat,1749213484211,2294670,285960
/proc/19838/stat,1749213484216,220267,3614
/proc/stat,1749213485243,2295275,285976
/proc/19838/stat,1749213485248,220872,3624
/proc/stat,1749213486196,2295848,285989
/proc/19838/stat,1749213486200,221454,3629
/proc/stat,1749213487157,2296432,286009
/proc/19838/stat,1749213487163,222038,3639
/proc/stat,1749213488229,2297084,286026
/proc/19838/stat,1749213488233,222689,3644
/proc/stat,1749213489171,2297657,286044
/proc/19838/stat,1749213489176,223255,3654
/proc/stat,1749213490164,2298245,286055
/proc/19838/stat,1749213490169,223843,3660
/proc/stat,1749213491164,2298852,286071
/proc/19838/stat,1749213491184,224465,3667
/proc/stat,1749213492214,2299482,286092
/proc/19838/stat,1749213492219,225087,3677
/proc/stat,1749213493253,2300100,286109
/proc/19838/stat,1749213493258,225711,3686
/proc/stat,1749213494196,2300673,286124
/proc/19838/stat,1749213494202,226285,3693
/proc/stat,1749213495188,2301282,286138
/proc/19838/stat,1749213495197,226893,3700
/proc/stat,1749213496164,2301842,286165
/proc/19838/stat,1749213496168,227454,3718
/proc/stat,1749213497185,2302452,286185
/proc/19838/stat,1749213497190,228065,3731
/proc/stat,1749213498193,2303060,286199
/proc/19838/stat,1749213498197,228675,3737
/proc/stat,1749213499186,2303668,286217
/proc/19838/stat,1749213499191,229282,3745
/proc/stat,1749213500200,2304285,286230
/proc/19838/stat,1749213500202,229900,3749
/proc/stat,1749213501160,2304855,286243
/proc/19838/stat,1749213501166,230469,3755
/proc/stat,1749213502170,2305441,286258
/proc/19838/stat,1749213502175,231062,3762
/proc/stat,1749213503191,2306066,286274
/proc/19838/stat,1749213503199,231681,3771
/proc/stat,1749213504203,2306685,286296
/proc/19838/stat,1749213504208,232297,3783
/proc/stat,1749213505227,2307296,286311
/proc/19838/stat,1749213505231,232911,3791
/proc/stat,1749213506187,2307882,286327
/proc/19838/stat,1749213506190,233492,3799
/proc/stat,1749213507179,2308464,286346
/proc/19838/stat,1749213507186,234073,3809
/proc/stat,1749213508197,2309081,286363
/proc/19838/stat,1749213508203,234662,3815
/proc/stat,1749213509187,2309697,286381
/proc/19838/stat,1749213509190,235251,3821
/proc/stat,1749213510179,2310291,286400
/proc/19838/stat,1749213510182,235845,3833
/proc/stat,1749213511205,2310900,286416
/proc/19838/stat,1749213511208,236464,3842
/proc/stat,1749213512157,2311469,286430
/proc/19838/stat,1749213512161,237036,3849
/proc/stat,1749213513177,2312086,286449
/proc/19838/stat,1749213513181,237652,3859
/proc/stat,1749213514178,2312668,286468
/proc/19838/stat,1749213514181,238239,3870
/proc/stat,1749213515199,2313277,286486
/proc/19838/stat,1749213515202,238855,3878
/proc/stat,1749213516220,2313890,286502
/proc/19838/stat,1749213516223,239476,3885
/proc/stat,1749213517182,2314465,286516
/proc/19838/stat,1749213517186,240049,3890
/proc/stat,1749213518187,2315053,286535
/proc/19838/stat,1749213518190,240633,3900
/proc/stat,1749213519149,2315642,286552
/proc/19838/stat,1749213519152,241223,3908
/proc/stat,1749213520179,2316271,286565
/proc/19838/stat,1749213520182,241858,3916
/proc/stat,1749213521191,2316894,286576
/proc/19838/stat,1749213521194,242478,3922
/proc/stat,1749213522205,2317512,286592
/proc/19838/stat,1749213522208,243095,3928
/proc/stat,1749213523169,2318072,286608
/proc/19838/stat,1749213523173,243667,3937
/proc/stat,1749213524202,2318686,286627
/proc/19838/stat,1749213524207,244286,3949
/proc/stat,1749213525229,2319299,286643
/proc/19838/stat,1749213525231,244901,3958
/proc/stat,1749213526187,2319854,286656
/proc/19838/stat,1749213526190,245469,3965
/proc/stat,1749213527200,2320456,286670
/proc/19838/stat,1749213527203,246073,3973
/proc/stat,1749213528234,2321082,286694
/proc/19838/stat,1749213528238,246699,3984
/proc/stat,1749213529164,2321619,286723
/proc/19838/stat,1749213529169,247240,4001
/proc/stat,1749213530200,2322232,286745
/proc/19838/stat,1749213530204,247854,4013
/proc/stat,1749213531190,2322843,286764
/proc/19838/stat,1749213531193,248455,4023
/proc/stat,1749213532226,2323471,286780
/proc/19838/stat,1749213532233,249084,4029
/proc/stat,1749213533211,2324062,286795
/proc/19838/stat,1749213533214,249672,4038
/proc/stat,1749213534191,2324649,286812
/proc/19838/stat,1749213534194,250261,4047
/proc/stat,1749213535191,2325243,286832
/proc/19838/stat,1749213535195,250859,4057
/proc/stat,1749213536149,2325819,286848
/proc/19838/stat,1749213536153,251440,4066
/proc/stat,1749213537215,2326454,286860
/proc/19838/stat,1749213537219,252078,4073
/proc/stat,1749213538151,2327016,286875
/proc/19838/stat,1749213538154,252642,4082
/proc/stat,1749213539176,2327643,286904
/proc/19838/stat,1749213539177,253265,4099
/proc/stat,1749213540211,2328257,286921
/proc/19838/stat,1749213540215,253885,4108
/proc/stat,1749213541216,2328871,286936
/proc/19838/stat,1749213541217,254496,4112
/proc/stat,1749213542175,2329445,286951
/proc/19838/stat,1749213542178,255065,4119
/proc/stat,1749213543161,2330056,286970
/proc/19838/stat,1749213543162,255669,4127
/proc/stat,1749213544194,2330670,286992
/proc/19838/stat,1749213544197,256285,4141
/proc/stat,1749213545174,2331261,287012
/proc/19838/stat,1749213545177,256879,4151
/proc/stat,1749213546156,2331829,287029
/proc/19838/stat,1749213546158,257458,4159
/proc/stat,1749213547267,2332496,287051
/proc/19838/stat,1749213547269,258130,4170
/proc/stat,1749213548190,2333048,287070
/proc/19838/stat,1749213548194,258684,4180
/proc/stat,1749213549135,2333600,287086
/proc/19838/stat,1749213549139,259247,4187
/proc/stat,1749213550198,2334237,287105
/proc/19838/stat,1749213550201,259888,4194
/proc/stat,1749213551161,2334811,287123
/proc/19838/stat,1749213551164,260455,4202
/proc/stat,1749213552158,2335398,287138
/proc/19838/stat,1749213552162,261047,4209
/proc/stat,1749213553194,2336002,287154
/proc/19838/stat,1749213553198,261660,4218
/proc/stat,1749213554151,2336585,287172
/proc/19838/stat,1749213554155,262241,4226
/proc/stat,1749213555210,2337222,287188
/proc/19838/stat,1749213555213,262880,4235
/proc/stat,1749213556219,2337856,287209
/proc/19838/stat,1749213556222,263517,4243
/proc/stat,1749213557207,2338460,287225
/proc/19838/stat,1749213557212,264119,4250
/proc/stat,1749213558145,2339006,287241
/proc/19838/stat,1749213558148,264669,4258
/proc/stat,1749213559171,2339624,287257
/proc/19838/stat,1749213559175,265289,4265
/proc/stat,1749213560180,2340220,287272
/proc/19838/stat,1749213560183,265893,4272
/proc/stat,1749213561183,2340816,287289
/proc/19838/stat,1749213561187,266494,4281
/proc/stat,1749213562216,2341450,287307
/proc/19838/stat,1749213562218,267128,4288
/proc/stat,1749213563197,2342032,287324
/proc/19838/stat,1749213563201,267719,4297
/proc/stat,1749213564190,2342624,287344
/proc/19838/stat,1749213564193,268320,4305
/proc/stat,1749213565162,2343204,287366
/proc/19838/stat,1749213565165,268900,4316
/proc/stat,1749213566167,2343800,287390
/proc/19838/stat,1749213566170,269494,4329
/proc/stat,1749213567184,2344408,287411
/proc/19838/stat,1749213567187,270104,4341
/proc/stat,1749213568188,2345014,287427
/proc/19838/stat,1749213568193,270708,4348
/proc/stat,1749213569268,2345660,287444
/proc/19838/stat,1749213569272,271358,4355
/proc/stat,1749213570180,2346201,287457
/proc/19838/stat,1749213570183,271903,4360
/proc/stat,1749213571214,2346825,287472
/proc/19838/stat,1749213571217,272523,4369
/proc/stat,1749213572184,2347431,287485
/proc/19838/stat,1749213572189,273082,4372
/proc/stat,1749213573202,2348040,287500
/proc/19838/stat,1749213573206,273693,4380
/proc/stat,1749213574212,2348642,287517
/proc/19838/stat,1749213574215,274301,4389
/proc/stat,1749213575211,2349249,287537
/proc/19838/stat,1749213575215,274904,4400
/proc/stat,1749213576176,2349773,287580
/proc/19838/stat,1749213576180,275433,4439
/proc/stat,1749213577142,2350351,287596
/proc/19838/stat,1749213577145,276019,4445
/proc/stat,1749213578229,2351056,287618
/proc/19838/stat,1749213578232,276624,4454
/proc/stat,1749213579192,2351656,287635
/proc/19838/stat,1749213579196,277144,4463
/proc/stat,1749213580173,2352252,287650
/proc/19838/stat,1749213580178,277737,4469
/proc/stat,1749213581209,2352874,287669
/proc/19838/stat,1749213581212,278360,4478
/proc/stat,1749213582247,2353486,287684
/proc/19838/stat,1749213582251,278985,4484
/proc/stat,1749213583213,2354082,287703
/proc/19838/stat,1749213583215,279572,4492
/proc/stat,1749213584181,2354684,287721
/proc/19838/stat,1749213584186,280176,4500
/proc/stat,1749213585169,2355276,287734
/proc/19838/stat,1749213585174,280767,4505
/proc/stat,1749213586194,2355905,287752
/proc/19838/stat,1749213586197,281392,4512
/proc/stat,1749213587224,2356522,287768
/proc/19838/stat,1749213587228,282021,4519
/proc/stat,1749213588177,2357094,287786
/proc/19838/stat,1749213588181,282592,4528
/proc/stat,1749213589169,2357703,287800
/proc/19838/stat,1749213589175,283208,4536
/proc/stat,1749213590192,2358303,287820
/proc/19838/stat,1749213590195,283816,4545
/proc/stat,1749213591184,2358915,287845
/proc/19838/stat,1749213591187,284423,4564
/proc/stat,1749213592194,2359520,287865
/proc/19838/stat,1749213592201,285033,4573
/proc/stat,1749213593205,2360128,287885
/proc/19838/stat,1749213593207,285635,4583
/proc/stat,1749213594188,2360707,287908
/proc/19838/stat,1749213594192,286218,4591
/proc/stat,1749213595162,2361338,287926
/proc/19838/stat,1749213595166,286757,4603
/proc/stat,1749213596214,2362014,287946
/proc/19838/stat,1749213596217,287344,4611
/proc/stat,1749213597171,2362571,287964
/proc/19838/stat,1749213597174,287910,4619
/proc/stat,1749213598187,2363185,287982
/proc/19838/stat,1749213598190,288531,4628
/proc/stat,1749213599214,2363789,287998
/proc/19838/stat,1749213599217,289153,4636
/proc/stat,1749213600190,2364380,288012
/proc/19838/stat,1749213600192,289745,4642
/proc/stat,1749213601213,2364998,288028
/proc/19838/stat,1749213601216,290373,4649
/proc/stat,1749213602181,2365573,288049
/proc/19838/stat,1749213602184,290943,4663
/proc/stat,1749213603193,2366173,288066
/proc/19838/stat,1749213603196,291553,4670
/proc/stat,1749213604170,2366755,288084
/proc/19838/stat,1749213604174,292141,4681
/proc/stat,1749213605224,2367377,288102
/proc/19838/stat,1749213605227,292772,4689
/proc/stat,1749213606194,2367970,288118
/proc/19838/stat,1749213606197,293367,4697
/proc/stat,1749213607192,2368574,288136
/proc/19838/stat,1749213607195,293973,4705
/proc/stat,1749213608184,2369167,288160
/proc/19838/stat,1749213608185,294569,4717
/proc/stat,1749213609194,2369782,288177
/proc/19838/stat,1749213609199,295189,4726
/proc/stat,1749213610128,2370335,288195
/proc/19838/stat,1749213610131,295743,4734
/proc/stat,1749213611159,2370943,288216
/proc/19838/stat,1749213611161,296364,4748
/proc/stat,1749213612199,2371548,288264
/proc/19838/stat,1749213612202,296973,4787
/proc/stat,1749213613210,2372163,288280
/proc/19838/stat,1749213613212,297587,4793
/proc/stat,1749213614214,2372752,288297
/proc/19838/stat,1749213614217,298176,4800
/proc/stat,1749213615162,2373337,288315
/proc/19838/stat,1749213615166,298770,4809
/proc/stat,1749213616210,2373957,288333
/proc/19838/stat,1749213616214,299393,4817
/proc/stat,1749213617213,2374554,288351
/proc/19838/stat,1749213617216,299993,4825
/proc/stat,1749213618181,2375119,288368
/proc/19838/stat,1749213618183,300561,4833
/proc/stat,1749213619209,2375745,288384
/proc/19838/stat,1749213619214,301189,4842
/proc/stat,1749213620172,2376317,288402
/proc/19838/stat,1749213620175,301762,4850
/proc/stat,1749213621176,2376923,288412
/proc/19838/stat,1749213621177,302371,4854
/proc/stat,1749213622208,2377540,288432
/proc/19838/stat,1749213622211,302990,4864
/proc/stat,1749213623163,2378119,288449
/proc/19838/stat,1749213623165,303573,4871
/proc/stat,1749213624171,2378724,288468
/proc/19838/stat,1749213624174,304182,4880
/proc/stat,1749213625203,2379360,288486
/proc/19838/stat,1749213625207,304812,4890
/proc/stat,1749213626197,2379964,288510
/proc/19838/stat,1749213626201,305414,4904
/proc/stat,1749213627197,2380554,288522
/proc/19838/stat,1749213627200,306015,4908
/proc/stat,1749213628222,2381170,288536
/proc/19838/stat,1749213628224,306631,4914
/proc/stat,1749213629149,2381702,288547
/proc/19838/stat,1749213629153,307165,4920
/proc/stat,1749213630210,2382322,288569
/proc/19838/stat,1749213630213,307785,4932
/proc/stat,1749213631199,2382917,288588
/proc/19838/stat,1749213631202,308380,4940
/proc/stat,1749213632174,2383488,288602
/proc/19838/stat,1749213632176,308955,4947
/proc/stat,1749213633174,2384088,288618
/proc/19838/stat,1749213633178,309553,4955
/proc/stat,1749213634199,2384689,288637
/proc/19838/stat,1749213634202,310159,4965
/proc/stat,1749213635228,2385303,288652
/proc/19838/stat,1749213635230,310763,4974
/proc/stat,1749213636198,2385883,288669
/proc/19838/stat,1749213636201,311341,4981
/proc/stat,1749213637216,2386496,288688
/proc/19838/stat,1749213637219,311955,4989
/proc/stat,1749213638203,2387094,288705
/proc/19838/stat,1749213638206,312551,4997
/proc/stat,1749213639175,2387683,288721
/proc/19838/stat,1749213639177,313142,5003
/proc/stat,1749213640189,2388306,288738
/proc/19838/stat,1749213640193,313753,5013
/proc/stat,1749213641202,2388882,288764
/proc/19838/stat,1749213641205,314335,5034
/proc/stat,1749213642221,2389497,288784
/proc/19838/stat,1749213642223,314949,5046
/proc/stat,1749213643149,2390076,288798
/proc/19838/stat,1749213643151,315523,5054
/proc/stat,1749213644200,2390706,288821
/proc/19838/stat,1749213644202,316159,5066
/proc/stat,1749213645172,2391294,288839
/proc/19838/stat,1749213645175,316743,5075
/proc/stat,1749213646185,2391887,288855
/proc/19838/stat,1749213646188,317336,5083
/proc/stat,1749213647192,2392477,288876
/proc/19838/stat,1749213647195,317934,5094
/proc/stat,1749213648259,2393110,288892
/proc/19838/stat,1749213648261,318573,5101
/proc/stat,1749213649236,2393694,288910
/proc/19838/stat,1749213649239,319164,5111
/proc/stat,1749213650210,2394280,288923
/proc/19838/stat,1749213650213,319753,5117
/proc/stat,1749213651207,2394860,288942
/proc/19838/stat,1749213651212,320341,5126
/proc/stat,1749213652212,2395474,288955
/proc/19838/stat,1749213652231,320954,5131
/proc/stat,1749213653212,2396062,288968
/proc/19838/stat,1749213653214,321547,5136
/proc/stat,1749213654216,2396658,288986
/proc/19838/stat,1749213654220,322148,5149
/proc/stat,1749213655187,2397237,289002
/proc/19838/stat,1749213655190,322727,5157
/proc/stat,1749213656206,2397846,289019
/proc/19838/stat,1749213656208,323334,5167
/proc/stat,1749213657171,2398399,289035
/proc/19838/stat,1749213657174,323893,5176
/proc/stat,1749213658210,2399023,289050
/proc/19838/stat,1749213658213,324517,5181
/proc/stat,1749213659245,2399641,289070
/proc/19838/stat,1749213659247,325141,5193
/proc/stat,1749213660155,2400177,289086
/proc/19838/stat,1749213660157,325688,5200
/proc/stat,1749213661197,2400826,289109
/proc/19838/stat,1749213661198,326332,5212
/proc/stat,1749213662189,2401406,289124
/proc/19838/stat,1749213662192,326918,5218
/proc/stat,1749213663254,2402044,289144
/proc/19838/stat,1749213663257,327562,5225
/proc/stat,1749213664178,2402589,289156
/proc/19838/stat,1749213664180,328111,5231
/proc/stat,1749213665206,2403197,289172
/proc/19838/stat,1749213665209,328728,5238
/proc/stat,1749213666222,2403804,289190
/proc/19838/stat,1749213666232,329346,5247
/proc/stat,1749213667165,2404372,289209
/proc/19838/stat,1749213667168,329899,5256
/proc/stat,1749213668179,2404977,289222
/proc/19838/stat,1749213668182,330518,5262
/proc/stat,1749213669198,2405571,289237
/proc/19838/stat,1749213669202,331125,5268
/proc/stat,1749213670235,2406179,289258
/proc/19838/stat,1749213670238,331745,5281
/proc/stat,1749213671185,2406746,289274
/proc/19838/stat,1749213671188,332317,5287
/proc/stat,1749213672185,2407345,289294
/proc/19838/stat,1749213672189,332918,5298
/proc/stat,1749213673170,2407933,289312
/proc/19838/stat,1749213673173,333517,5307
/proc/stat,1749213674223,2408565,289330
/proc/19838/stat,1749213674225,334154,5317
/proc/stat,1749213675159,2409133,289348
/proc/19838/stat,1749213675162,334723,5323
/proc/stat,1749213676185,2409732,289368
/proc/19838/stat,1749213676188,335325,5332
/proc/stat,1749213677152,2410312,289380
/proc/19838/stat,1749213677155,335894,5339
/proc/stat,1749213678247,2411000,289400
/proc/19838/stat,1749213678250,336582,5348
/proc/stat,1749213679198,2411564,289417
/proc/19838/stat,1749213679201,337148,5356
/proc/stat,1749213680190,2412157,289438
/proc/19838/stat,1749213680193,337746,5365
/proc/stat,1749213681152,2412721,289467
/proc/19838/stat,1749213681154,338305,5386
/proc/stat,1749213682164,2413300,289499
/proc/19838/stat,1749213682168,338886,5410
/proc/stat,1749213683201,2413930,289519
/proc/19838/stat,1749213683203,339513,5420
/proc/stat,1749213684209,2414535,289538
/proc/19838/stat,1749213684212,340118,5430
/proc/stat,1749213685183,2415125,289551
/proc/19838/stat,1749213685186,340709,5438
/proc/stat,1749213686189,2415736,289562
/proc/19838/stat,1749213686192,341322,5440
/proc/stat,1749213687199,2416329,289582
/proc/19838/stat,1749213687202,341921,5450
/proc/stat,1749213688208,2416933,289600
/proc/19838/stat,1749213688210,342525,5459
/proc/stat,1749213689182,2417529,289616
/proc/19838/stat,1749213689185,343115,5467
/proc/stat,1749213690178,2418118,289635
/proc/19838/stat,1749213690181,343709,5479
/proc/stat,1749213691158,2418727,289651
/proc/19838/stat,1749213691160,344313,5485
/proc/stat,1749213692174,2419342,289667
/proc/19838/stat,1749213692176,344932,5492
/proc/stat,1749213693163,2419936,289683
/proc/19838/stat,1749213693165,345528,5500
/proc/stat,1749213694223,2420572,289703
/proc/19838/stat,1749213694225,346171,5511
/proc/stat,1749213695141,2421124,289724
/proc/19838/stat,1749213695143,346723,5524
/proc/stat,1749213696195,2421735,289749
/proc/19838/stat,1749213696198,347347,5541
/proc/stat,1749213697171,2422323,289766
/proc/19838/stat,1749213697174,347933,5550
/proc/stat,1749213698177,2422902,289782
/proc/19838/stat,1749213698179,348515,5559
/proc/stat,1749213699241,2423540,289798
/proc/19838/stat,1749213699244,349158,5567
/proc/stat,1749213700223,2424124,289817
/proc/19838/stat,1749213700226,349751,5574
/proc/stat,1749213701153,2424667,289837
/proc/19838/stat,1749213701156,350301,5586
/proc/stat,1749213702186,2425283,289854
/proc/19838/stat,1749213702190,350915,5598
/proc/stat,1749213703162,2425863,289873
/proc/19838/stat,1749213703165,351505,5608
/proc/stat,1749213704201,2426493,289893
/proc/19838/stat,1749213704203,352143,5618
/proc/stat,1749213705154,2427042,289905
/proc/19838/stat,1749213705157,352699,5631
/proc/stat,1749213706191,2427658,289925
/proc/19838/stat,1749213706195,353317,5650
/proc/stat,1749213707186,2428252,289942
/proc/19838/stat,1749213707188,353913,5668
/proc/stat,1749213708201,2428853,289956
/proc/19838/stat,1749213708202,354522,5681
/proc/stat,1749213709190,2429444,289977
/proc/19838/stat,1749213709192,355122,5697
/proc/stat,1749213710205,2430045,289995
/proc/19838/stat,1749213710208,355720,5718
/proc/stat,1749213711212,2430631,290014
/proc/19838/stat,1749213711217,356306,5736
/proc/stat,1749213712195,2431205,290034
/proc/19838/stat,1749213712199,356884,5760
/proc/stat,1749213713217,2431809,290050
/proc/19838/stat,1749213713220,357497,5778
/proc/stat,1749213714234,2432422,290066
/proc/19838/stat,1749213714237,358109,5794
/proc/stat,1749213715146,2432955,290078
/proc/19838/stat,1749213715150,358647,5805
/proc/stat,1749213716168,2433526,290121
/proc/19838/stat,1749213716172,359216,5848
/proc/stat,1749213717244,2434163,290144
/proc/19838/stat,1749213717247,359855,5872
/proc/stat,1749213718154,2434711,290157
/proc/19838/stat,1749213718157,360403,5885
/proc/stat,1749213719185,2435337,290176
/proc/19838/stat,1749213719188,361025,5900
/proc/stat,1749213720199,2435941,290194
/proc/19838/stat,1749213720201,361629,5917
/proc/stat,1749213721242,2436565,290211
/proc/19838/stat,1749213721244,362250,5934
/proc/stat,1749213722206,2437127,290227
/proc/19838/stat,1749213722210,362816,5951
/proc/stat,1749213723236,2437743,290242
/proc/19838/stat,1749213723240,363428,5969
/proc/stat,1749213724177,2438303,290260
/proc/19838/stat,1749213724180,363983,5986
/proc/stat,1749213725239,2438930,290278
/proc/19838/stat,1749213725241,364612,6005
/proc/stat,1749213726186,2439487,290298
/proc/19838/stat,1749213726189,365168,6023
/proc/stat,1749213727204,2440096,290316
/proc/19838/stat,1749213727208,365774,6041
/proc/stat,1749213728187,2440692,290331
/proc/19838/stat,1749213728189,366369,6056
/proc/stat,1749213729183,2441288,290350
/proc/19838/stat,1749213729186,366970,6070
/proc/stat,1749213730156,2441884,290375
/proc/19838/stat,1749213730159,367558,6098
/proc/stat,1749213731184,2442480,290391
/proc/19838/stat,1749213731187,368153,6117
/proc/stat,1749213732175,2443051,290407
/proc/19838/stat,1749213732179,368729,6133
/proc/stat,1749213733190,2443666,290425
/proc/19838/stat,1749213733191,369338,6151
/proc/stat,1749213734176,2444243,290440
/proc/19838/stat,1749213734178,369917,6169
/proc/stat,1749213735182,2444844,290460
/proc/19838/stat,1749213735184,370510,6188
/proc/stat,1749213736216,2445442,290479
/proc/19838/stat,1749213736219,371119,6208
/proc/stat,1749213737194,2446010,290494
/proc/19838/stat,1749213737197,371698,6223
/proc/stat,1749213738188,2446601,290512
/proc/19838/stat,1749213738193,372299,6242
/proc/stat,1749213739177,2447195,290531
/proc/19838/stat,1749213739181,372893,6257
/proc/stat,1749213740187,2447781,290554
/proc/19838/stat,1749213740190,373489,6278
/proc/stat,1749213741207,2448378,290569
/proc/19838/stat,1749213741210,374094,6294
/proc/stat,1749213742192,2448944,290589
/proc/19838/stat,1749213742195,374666,6311
/proc/stat,1749213743170,2449516,290606
/proc/19838/stat,1749213743173,375249,6328
/proc/stat,1749213744196,2450123,290621
/proc/19838/stat,1749213744198,375865,6342
/proc/stat,1749213745188,2450718,290638
/proc/19838/stat,1749213745191,376453,6358
/proc/stat,1749213746183,2451298,290657
/proc/19838/stat,1749213746186,377037,6377
/proc/stat,1749213747195,2451912,290678
/proc/19838/stat,1749213747198,377657,6394
/proc/stat,1749213748218,2452517,290692
/proc/19838/stat,1749213748221,378263,6412
/proc/stat,1749213749242,2453132,290710
/proc/19838/stat,1749213749245,378876,6429
/proc/stat,1749213750166,2453685,290726
/proc/19838/stat,1749213750170,379428,6442
/proc/stat,1749213751159,2454267,290744
/proc/19838/stat,1749213751162,380013,6457
/proc/stat,1749213752178,2454848,290766
/proc/19838/stat,1749213752181,380604,6472
/proc/stat,1749213753155,2455394,290790
/proc/19838/stat,1749213753159,381167,6493
/proc/stat,1749213754197,2456000,290811
/proc/19838/stat,1749213754208,381783,6511
/proc/stat,1749213755178,2456593,290829
/proc/19838/stat,1749213755182,382380,6527
/proc/stat,1749213756152,2457149,290847
/proc/19838/stat,1749213756155,382947,6539
/proc/stat,1749213757209,2457763,290870
/proc/19838/stat,1749213757212,383573,6557
/proc/stat,1749213758191,2458332,290890
/proc/19838/stat,1749213758194,384159,6570
/proc/stat,1749213759210,2458903,290917
/proc/19838/stat,1749213759213,384743,6588
/proc/stat,1749213760186,2459486,290939
/proc/19838/stat,1749213760188,385330,6599
/proc/stat,1749213761200,2460066,290960
/proc/19838/stat,1749213761203,385918,6613
/proc/stat,1749213762152,2460605,291000
/proc/19838/stat,1749213762155,386463,6639
/proc/stat,1749213763152,2461180,291021
/proc/19838/stat,1749213763155,387049,6652
/proc/stat,1749213764166,2461770,291041
/proc/19838/stat,1749213764169,387631,6662
/proc/stat,1749213765215,2462406,291073
/proc/19838/stat,1749213765218,388271,6678
/proc/stat,1749213766194,2462992,291098
/proc/19838/stat,1749213766197,388858,6688
/proc/stat,1749213767212,2463604,291121
/proc/19838/stat,1749213767215,389477,6695
/proc/stat,1749213768148,2464144,291143
/proc/19838/stat,1749213768151,390029,6704
/proc/stat,1749213769243,2464789,291166
/proc/19838/stat,1749213769246,390684,6714
/proc/stat,1749213770219,2465347,291191
/proc/19838/stat,1749213770221,391254,6726
/proc/stat,1749213771159,2465881,291217
/proc/19838/stat,1749213771163,391803,6737
/proc/stat,1749213772168,2466484,291238
/proc/19838/stat,1749213772172,392420,6743
/proc/stat,1749213773170,2467077,291266
/proc/19838/stat,1749213773173,393025,6753
/proc/stat,1749213774233,2467693,291293
/proc/19838/stat,1749213774236,393654,6766
/proc/stat,1749213775194,2468258,291318
/proc/19838/stat,1749213775196,394226,6773
/proc/stat,1749213776157,2468830,291345
/proc/19838/stat,1749213776160,394804,6785
/proc/stat,1749213777178,2469417,291372
/proc/19838/stat,1749213777182,395406,6797
/proc/stat,1749213778206,2470012,291404
/proc/19838/stat,1749213778208,396021,6811
/proc/stat,1749213779211,2470608,291430
/proc/19838/stat,1749213779214,396624,6821
/proc/stat,1749213780209,2471198,291453
/proc/19838/stat,1749213780213,397219,6831
/proc/stat,1749213781215,2471788,291481
/proc/19838/stat,1749213781217,397821,6843
/proc/stat,1749213782222,2472396,291505
/proc/19838/stat,1749213782225,398433,6850
/proc/stat,1749213783239,2473016,291529
/proc/19838/stat,1749213783241,399054,6859
/proc/stat,1749213784195,2473594,291556
/proc/19838/stat,1749213784199,399633,6864
/proc/stat,1749213785194,2474175,291597
/proc/19838/stat,1749213785195,400213,6892
/proc/stat,1749213786210,2474751,291639
/proc/19838/stat,1749213786213,400796,6919
/proc/stat,1749213787190,2475337,291665
/proc/19838/stat,1749213787193,401391,6928
/proc/stat,1749213788199,2475918,291690
/proc/19838/stat,1749213788201,401979,6934
/proc/stat,1749213789193,2476500,291719
/proc/19838/stat,1749213789196,402583,6944
/proc/stat,1749213790188,2477092,291746
/proc/19838/stat,1749213790190,403176,6956
/proc/stat,1749213791181,2477675,291768
/proc/19838/stat,1749213791184,403762,6962
/proc/stat,1749213792165,2478250,291796
/proc/19838/stat,1749213792169,404349,6972
/proc/stat,1749213793207,2478881,291820
/proc/19838/stat,1749213793210,404984,6978
/proc/stat,1749213794185,2479453,291842
/proc/19838/stat,1749213794188,405565,6986
/proc/stat,1749213795174,2480037,291862
/proc/19838/stat,1749213795177,406152,6991
/proc/stat,1749213796169,2480621,291885
/proc/19838/stat,1749213796176,406749,6999
/proc/stat,1749213797186,2481217,291910
/proc/19838/stat,1749213797189,407352,7007
/proc/stat,1749213798179,2481810,291934
/proc/19838/stat,1749213798182,407952,7014
/proc/stat,1749213799171,2482410,291954
/proc/19838/stat,1749213799173,408553,7022
/proc/stat,1749213800208,2483025,291985
/proc/19838/stat,1749213800212,409172,7041
/proc/stat,1749213801157,2483588,292006
/proc/19838/stat,1749213801160,409740,7049
/proc/stat,1749213802167,2484191,292029
/proc/19838/stat,1749213802170,410344,7058
/proc/stat,1749213803178,2484799,292054
/proc/19838/stat,1749213803181,410956,7067
/proc/stat,1749213804140,2485364,292069
/proc/19838/stat,1749213804144,411519,7075
/proc/stat,1749213805193,2485985,292093
/proc/19838/stat,1749213805196,412153,7083
/proc/stat,1749213806164,2486566,292114
/proc/19838/stat,1749213806167,412739,7095
/proc/stat,1749213807200,2487166,292137
/proc/19838/stat,1749213807203,413351,7102
/proc/stat,1749213808174,2487750,292164
/proc/19838/stat,1749213808179,413940,7113
/proc/stat,1749213809201,2488363,292186
/proc/19838/stat,1749213809223,414562,7119
/proc/stat,1749213810201,2488959,292213
/proc/19838/stat,1749213810203,415162,7129
/proc/stat,1749213811223,2489566,292236
/proc/19838/stat,1749213811225,415768,7138
/proc/stat,1749213812199,2490134,292258
/proc/19838/stat,1749213812202,416354,7145
/proc/stat,1749213813135,2490678,292278
/proc/19838/stat,1749213813137,416906,7155
/proc/stat,1749213814196,2491305,292297
/proc/19838/stat,1749213814200,417544,7164
/proc/stat,1749213815194,2491908,292317
/proc/19838/stat,1749213815197,418150,7170
/proc/stat,1749213816193,2492501,292336
/proc/19838/stat,1749213816196,418741,7178
/proc/stat,1749213817078,2492748,292362
