SourceFile,Timestamp,userTime (Ticks),systemTime (Ticks)
/proc/stat,1749222702139,1490246,172277
/proc/29321/stat,1749222702141,421,36
/proc/stat,1749222703055,1490543,172294
/proc/29321/stat,1749222703056,713,50
/proc/stat,1749222704073,1490888,172328
/proc/29321/stat,1749222704074,1054,81
/proc/stat,1749222705052,1491248,172337
/proc/29321/stat,1749222705053,1413,90
/proc/stat,1749222706040,1491621,172340
/proc/29321/stat,1749222706041,1782,90
/proc/stat,1749222707061,1492008,172342
/proc/29321/stat,1749222707062,2168,91
/proc/stat,1749222708047,1492382,172344
/proc/29321/stat,1749222708048,2539,91
/proc/stat,1749222709053,1492762,172348
/proc/29321/stat,1749222709054,2915,92
/proc/stat,1749222710052,1493136,172353
/proc/29321/stat,1749222710052,3284,93
/proc/stat,1749222711045,1493514,172358
/proc/29321/stat,1749222711046,3656,96
/proc/stat,1749222712044,1493884,172362
/proc/29321/stat,1749222712045,4025,98
/proc/stat,1749222713043,1494241,172374
/proc/29321/stat,1749222713044,4376,108
/proc/stat,1749222714045,1494582,172402
/proc/29321/stat,1749222714046,4723,134
/proc/stat,1749222715060,1494964,172406
/proc/29321/stat,1749222715061,5104,135
/proc/stat,1749222716049,1495336,172412
/proc/29321/stat,1749222716050,5471,138
/proc/stat,1749222717046,1495708,172416
/proc/29321/stat,1749222717047,5843,138
/proc/stat,1749222718067,1496092,172420
/proc/29321/stat,1749222718068,6225,140
/proc/stat,1749222719042,1496461,172423
/proc/29321/stat,1749222719042,6591,140
/proc/stat,1749222720038,1496832,172426
/proc/29321/stat,1749222720039,6963,141
/proc/stat,1749222721065,1497218,172435
/proc/29321/stat,1749222721066,7346,148
/proc/stat,1749222722056,1497574,172454
/proc/29321/stat,1749222722057,7700,164
/proc/stat,1749222723075,1497953,172460
/proc/29321/stat,1749222723076,8075,168
/proc/stat,1749222724040,1498278,172490
/proc/29321/stat,1749222724041,8400,197
/proc/stat,1749222725064,1498669,172493
/proc/29321/stat,1749222725065,8783,198
/proc/stat,1749222726102,1499063,172500
/proc/29321/stat,1749222726103,9167,200
/proc/stat,1749222727086,1499436,172507
/proc/29321/stat,1749222727087,9535,201
/proc/stat,1749222728084,1499810,172514
/proc/29321/stat,1749222728086,9907,203
/proc/stat,1749222729103,1500194,172521
/proc/29321/stat,1749222729107,10287,205
/proc/stat,1749222730100,1500567,172526
/proc/29321/stat,1749222730102,10656,206
/proc/stat,1749222731078,1500937,172532
/proc/29321/stat,1749222731079,11019,208
/proc/stat,1749222732071,1501310,172540
/proc/29321/stat,1749222732073,11388,210
/proc/stat,1749222733077,1501692,172543
/proc/29321/stat,1749222733078,11762,211
/proc/stat,1749222734077,1502071,172548
/proc/29321/stat,1749222734078,12134,211
/proc/stat,1749222735088,1502454,172555
/proc/29321/stat,1749222735089,12511,213
/proc/stat,1749222736109,1502840,172562
/proc/29321/stat,1749222736111,12892,214
/proc/stat,1749222737083,1503208,172568
/proc/29321/stat,1749222737085,13256,215
/proc/stat,1749222738088,1503578,172576
/proc/29321/stat,1749222738090,13626,219
/proc/stat,1749222739151,1503987,172583
/proc/29321/stat,1749222739152,14027,222
/proc/stat,1749222740123,1504326,172607
/proc/29321/stat,1749222740124,14362,242
/proc/stat,1749222741102,1504610,172684
/proc/29321/stat,1749222741103,14643,314
/proc/stat,1749222742085,1504978,172694
/proc/29321/stat,1749222742087,15006,320
/proc/stat,1749222743091,1505356,172702
/proc/29321/stat,1749222743092,15379,324
/proc/stat,1749222744088,1505730,172709
/proc/29321/stat,1749222744091,15750,326
/proc/stat,1749222745077,1506101,172718
/proc/29321/stat,1749222745078,16117,329
/proc/stat,1749222746096,1506484,172728
/proc/29321/stat,1749222746097,16494,332
/proc/stat,1749222747103,1506866,172733
/proc/29321/stat,1749222747105,16872,332
/proc/stat,1749222748085,1507235,172740
/proc/29321/stat,1749222748086,17239,333
/proc/stat,1749222749076,1507606,172747
/proc/29321/stat,1749222749078,17607,336
/proc/stat,1749222750079,1507983,172753
/proc/29321/stat,1749222750080,17981,336
/proc/stat,1749222751086,1508365,172760
/proc/29321/stat,1749222751088,18357,337
/proc/stat,1749222752090,1508743,172767
/proc/29321/stat,1749222752092,18732,340
/proc/stat,1749222753096,1509118,172773
/proc/29321/stat,1749222753097,19103,341
/proc/stat,1749222754104,1509498,172779
/proc/29321/stat,1749222754104,19479,341
/proc/stat,1749222755077,1509864,172786
/proc/29321/stat,1749222755078,19840,342
/proc/stat,1749222756092,1510247,172792
/proc/29321/stat,1749222756093,20218,343
/proc/stat,1749222757082,1510618,172799
/proc/29321/stat,1749222757082,20580,344
/proc/stat,1749222758097,1510999,172805
/proc/29321/stat,1749222758098,20957,345
/proc/stat,1749222759089,1511366,172822
/proc/29321/stat,1749222759090,21317,357
/proc/stat,1749222760093,1511730,172837
/proc/29321/stat,1749222760093,21681,368
/proc/stat,1749222761113,1512043,172900
/proc/29321/stat,1749222761114,21988,427
/proc/stat,1749222762101,1512408,172908
/proc/29321/stat,1749222762102,22351,432
/proc/stat,1749222763071,1512778,172912
/proc/29321/stat,1749222763071,22713,432
/proc/stat,1749222764087,1513161,172916
/proc/29321/stat,1749222764091,23094,433
/proc/stat,1749222765087,1513539,172924
/proc/29321/stat,1749222765088,23464,435
/proc/stat,1749222766095,1513916,172930
/proc/29321/stat,1749222766096,23839,437
/proc/stat,1749222767088,1514289,172935
/proc/29321/stat,1749222767090,24209,437
/proc/stat,1749222768071,1514656,172942
/proc/29321/stat,1749222768072,24575,440
/proc/stat,1749222769106,1515050,172948
/proc/29321/stat,1749222769108,24960,441
/proc/stat,1749222770109,1515427,172954
/proc/29321/stat,1749222770110,25333,443
/proc/stat,1749222771085,1515792,172959
/proc/29321/stat,1749222771086,25696,445
/proc/stat,1749222772108,1516178,172967
/proc/29321/stat,1749222772109,26077,448
/proc/stat,1749222773085,1516545,172975
/proc/29321/stat,1749222773086,26435,450
/proc/stat,1749222774073,1516916,172979
/proc/29321/stat,1749222774074,26804,451
/proc/stat,1749222775126,1517311,172986
/proc/29321/stat,1749222775127,27170,453
/proc/stat,1749222776093,1517674,172993
/proc/29321/stat,1749222776094,27526,453
/proc/stat,1749222777082,1518051,172999
/proc/29321/stat,1749222777083,27897,454
/proc/stat,1749222778093,1518429,173008
/proc/29321/stat,1749222778093,28271,459
/proc/stat,1749222779087,1518789,173028
/proc/29321/stat,1749222779088,28629,476
/proc/stat,1749222780090,1519144,173051
/proc/29321/stat,1749222780091,28979,494
/proc/stat,1749222781088,1519461,173102
/proc/29321/stat,1749222781089,29292,541
/proc/stat,1749222782094,1519843,173107
/proc/29321/stat,1749222782095,29667,542
/proc/stat,1749222783094,1520224,173112
/proc/29321/stat,1749222783095,30041,543
/proc/stat,1749222784086,1520594,173118
/proc/29321/stat,1749222784087,30409,546
/proc/stat,1749222785111,1520981,173124
/proc/29321/stat,1749222785112,30787,547
/proc/stat,1749222786094,1521352,173131
/proc/29321/stat,1749222786095,31152,549
/proc/stat,1749222787090,1521733,173136
/proc/29321/stat,1749222787091,31521,550
/proc/stat,1749222788098,1522114,173141
/proc/29321/stat,1749222788098,31897,551
/proc/stat,1749222789088,1522486,173146
/proc/29321/stat,1749222789089,32264,554
/proc/stat,1749222790079,1522858,173152
/proc/29321/stat,1749222790080,32632,554
/proc/stat,1749222791082,1523236,173159
/proc/29321/stat,1749222791083,33007,556
/proc/stat,1749222792110,1523626,173165
/proc/29321/stat,1749222792111,33389,558
/proc/stat,1749222793079,1523991,173173
/proc/29321/stat,1749222793080,33746,561
/proc/stat,1749222794095,1524372,173180
/proc/29321/stat,1749222794095,34123,564
/proc/stat,1749222795084,1524742,173188
/proc/29321/stat,1749222795085,34491,566
/proc/stat,1749222796088,1525118,173194
/proc/29321/stat,1749222796089,34864,566
/proc/stat,1749222797087,1525496,173202
/proc/29321/stat,1749222797087,35233,567
/proc/stat,1749222798128,1525888,173209
/proc/29321/stat,1749222798129,35620,570
/proc/stat,1749222799084,1526235,173229
/proc/29321/stat,1749222799085,35962,586
/proc/stat,1749222800085,1526576,173260
/proc/29321/stat,1749222800086,36299,613
/proc/stat,1749222801072,1526882,173317
/proc/29321/stat,1749222801073,36601,666
/proc/stat,1749222802093,1527266,173326
/proc/29321/stat,1749222802094,36980,670
/proc/stat,1749222803073,1527634,173333
/proc/29321/stat,1749222803074,37346,672
/proc/stat,1749222804081,1528011,173339
/proc/29321/stat,1749222804082,37721,673
/proc/stat,1749222805100,1528397,173345
/proc/29321/stat,1749222805102,38092,676
/proc/stat,1749222806071,1528762,173351
/proc/29321/stat,1749222806072,38452,677
/proc/stat,1749222807094,1529151,173355
/proc/29321/stat,1749222807095,38836,678
/proc/stat,1749222808105,1529534,173361
/proc/29321/stat,1749222808106,39215,678
/proc/stat,1749222809099,1529911,173366
/proc/29321/stat,1749222809100,39578,680
/proc/stat,1749222810103,1530291,173371
/proc/29321/stat,1749222810104,39953,681
/proc/stat,1749222811073,1530657,173375
/proc/29321/stat,1749222811074,40314,683
/proc/stat,1749222812080,1531036,173381
/proc/29321/stat,1749222812082,40689,685
/proc/stat,1749222813095,1531421,173388
/proc/29321/stat,1749222813096,41067,687
/proc/stat,1749222814071,1531791,173392
/proc/29321/stat,1749222814072,41433,687
/proc/stat,1749222815078,1532170,173398
/proc/29321/stat,1749222815079,41810,688
/proc/stat,1749222816087,1532546,173405
/proc/29321/stat,1749222816087,42186,689
/proc/stat,1749222817089,1532924,173412
/proc/29321/stat,1749222817090,42560,691
/proc/stat,1749222818098,1533296,173433
/proc/29321/stat,1749222818099,42922,710
/proc/stat,1749222819096,1533665,173443
/proc/29321/stat,1749222819097,43289,716
/proc/stat,1749222820074,1533984,173491
/proc/29321/stat,1749222820075,43601,759
/proc/stat,1749222821091,1534368,173497
/proc/29321/stat,1749222821092,43974,761
/proc/stat,1749222822082,1534740,173505
/proc/29321/stat,1749222822083,44343,764
/proc/stat,1749222823092,1535117,173515
/proc/29321/stat,1749222823093,44711,767
/proc/stat,1749222824075,1535491,173518
/proc/29321/stat,1749222824076,45077,768
/proc/stat,1749222825077,1535869,173524
/proc/29321/stat,1749222825078,45452,769
/proc/stat,1749222826087,1536248,173527
/proc/29321/stat,1749222826088,45827,770
/proc/stat,1749222827084,1536622,173534
/proc/29321/stat,1749222827085,46200,771
/proc/stat,1749222828100,1537001,173544
/proc/29321/stat,1749222828101,46574,775
/proc/stat,1749222829097,1537377,173550
/proc/29321/stat,1749222829098,46942,776
/proc/stat,1749222830089,1537749,173558
/proc/29321/stat,1749222830090,47305,780
/proc/stat,1749222831089,1538121,173563
/proc/29321/stat,1749222831090,47674,782
/proc/stat,1749222832076,1538494,173568
/proc/29321/stat,1749222832077,48043,783
/proc/stat,1749222833101,1538882,173572
/proc/29321/stat,1749222833102,48420,785
/proc/stat,1749222834077,1539250,173578
/proc/29321/stat,1749222834078,48785,786
/proc/stat,1749222835074,1539621,173593
/proc/29321/stat,1749222835074,49151,795
/proc/stat,1749222836086,1540002,173600
/proc/29321/stat,1749222836087,49529,797
/proc/stat,1749222837080,1540361,173617
/proc/29321/stat,1749222837082,49885,809
/proc/stat,1749222838097,1540745,173628
/proc/29321/stat,1749222838097,50260,816
/proc/stat,1749222839069,1541090,173647
/proc/29321/stat,1749222839069,50602,833
/proc/stat,1749222840070,1541418,173692
/proc/29321/stat,1749222840071,50926,873
/proc/stat,1749222841086,1541800,173699
/proc/29321/stat,1749222841086,51307,874
/proc/stat,1749222842097,1542182,173706
/proc/29321/stat,1749222842098,51683,876
/proc/stat,1749222843075,1542554,173712
/proc/29321/stat,1749222843076,52048,879
/proc/stat,1749222844086,1542939,173716
/proc/29321/stat,1749222844087,52427,880
/proc/stat,1749222845086,1543314,173720
/proc/29321/stat,1749222845087,52796,880
/proc/stat,1749222846077,1543682,173728
/proc/29321/stat,1749222846078,53164,883
/proc/stat,1749222847080,1544060,173734
/proc/29321/stat,1749222847081,53537,884
/proc/stat,1749222848082,1544438,173741
/proc/29321/stat,1749222848083,53910,885
/proc/stat,1749222849074,1544810,173747
/proc/29321/stat,1749222849075,54279,887
/proc/stat,1749222850075,1545191,173753
/proc/29321/stat,1749222850076,54652,889
/proc/stat,1749222851102,1545575,173759
/proc/29321/stat,1749222851102,55035,890
/proc/stat,1749222852082,1545944,173764
/proc/29321/stat,1749222852083,55402,891
/proc/stat,1749222853111,1546330,173770
/proc/29321/stat,1749222853112,55785,892
/proc/stat,1749222854071,1546689,173778
/proc/29321/stat,1749222854072,56142,894
/proc/stat,1749222855097,1547073,173784
/proc/29321/stat,1749222855098,56524,895
/proc/stat,1749222856087,1547450,173788
/proc/29321/stat,1749222856088,56896,895
/proc/stat,1749222857101,1547830,173804
/proc/29321/stat,1749222857102,57268,907
/proc/stat,1749222858098,1548208,173811
/proc/29321/stat,1749222858099,57639,910
/proc/stat,1749222859069,1548520,173858
/proc/29321/stat,1749222859070,57946,953
/proc/stat,1749222860070,1548884,173877
/proc/29321/stat,1749222860071,58305,968
/proc/stat,1749222861106,1549273,173885
/proc/29321/stat,1749222861107,58690,971
/proc/stat,1749222862082,1549640,173892
/proc/29321/stat,1749222862083,59052,974
/proc/stat,1749222863088,1550022,173897
/proc/29321/stat,1749222863088,59427,976
/proc/stat,1749222864107,1550403,173903
/proc/29321/stat,1749222864108,59807,978
/proc/stat,1749222865089,1550777,173908
/proc/29321/stat,1749222865090,60175,978
/proc/stat,1749222866089,1551153,173914
/proc/29321/stat,1749222866090,60546,981
/proc/stat,1749222867077,1551527,173920
/proc/29321/stat,1749222867078,60913,982
/proc/stat,1749222868096,1551902,173928
/proc/29321/stat,1749222868097,61287,987
/proc/stat,1749222869079,1552275,173934
/proc/29321/stat,1749222869080,61646,989
/proc/stat,1749222870094,1552656,173939
/proc/29321/stat,1749222870095,62020,991
/proc/stat,1749222871086,1553026,173946
/proc/29321/stat,1749222871086,62377,994
/proc/stat,1749222872084,1553396,173954
/proc/29321/stat,1749222872085,62744,997
/proc/stat,1749222873073,1553768,173958
/proc/29321/stat,1749222873074,63112,997
/proc/stat,1749222874074,1554144,173965
/proc/29321/stat,1749222874075,63483,998
/proc/stat,1749222875079,1554514,173972
/proc/29321/stat,1749222875080,63848,1001
/proc/stat,1749222876071,1554886,173980
/proc/29321/stat,1749222876072,64215,1004
/proc/stat,1749222877099,1555271,173987
/proc/29321/stat,1749222877100,64599,1005
/proc/stat,1749222878072,1555599,174011
/proc/29321/stat,1749222878073,64925,1024
/proc/stat,1749222879080,1555934,174051
/proc/29321/stat,1749222879080,65257,1059
/proc/stat,1749222880083,1556290,174073
/proc/29321/stat,1749222880084,65611,1075
/proc/stat,1749222881099,1556669,174082
/proc/29321/stat,1749222881099,65981,1079
/proc/stat,1749222882094,1557042,174088
/proc/29321/stat,1749222882094,66353,1080
/proc/stat,1749222883084,1557418,174093
/proc/29321/stat,1749222883085,66725,1081
/proc/stat,1749222884075,1557793,174098
/proc/29321/stat,1749222884077,67095,1082
/proc/stat,1749222885081,1558170,174106
/proc/29321/stat,1749222885082,67468,1085
/proc/stat,1749222886090,1558549,174112
/proc/29321/stat,1749222886091,67844,1087
/proc/stat,1749222887070,1558921,174116
/proc/29321/stat,1749222887071,68212,1087
/proc/stat,1749222888092,1559304,174123
/proc/29321/stat,1749222888093,68593,1088
/proc/stat,1749222889098,1559683,174128
/proc/29321/stat,1749222889099,68967,1091
/proc/stat,1749222890073,1560050,174136
/proc/29321/stat,1749222890074,69328,1094
/proc/stat,1749222891081,1560428,174140
/proc/29321/stat,1749222891082,69704,1095
/proc/stat,1749222892071,1560803,174148
/proc/29321/stat,1749222892072,70074,1097
/proc/stat,1749222893096,1561188,174154
/proc/29321/stat,1749222893097,70453,1099
/proc/stat,1749222894117,1561570,174162
/proc/29321/stat,1749222894163,70829,1101
/proc/stat,1749222895116,1561948,174172
/proc/29321/stat,1749222895117,71200,1106
/proc/stat,1749222896075,1562299,174186
/proc/29321/stat,1749222896076,71548,1115
/proc/stat,1749222897095,1562665,174207
/proc/29321/stat,1749222897095,71907,1131
/proc/stat,1749222898081,1563009,174241
/proc/29321/stat,1749222898081,72246,1161
/proc/stat,1749222899109,1563380,174265
/proc/29321/stat,1749222899110,72614,1181
/proc/stat,1749222900082,1563746,174270
/proc/29321/stat,1749222900083,72976,1182
/proc/stat,1749222901086,1564108,174290
/proc/29321/stat,1749222901086,73332,1197
/proc/stat,1749222902081,1564484,174296
/proc/29321/stat,1749222902081,73703,1197
/proc/stat,1749222903075,1564866,174301
/proc/29321/stat,1749222903076,74081,1200
/proc/stat,1749222904083,1565246,174310
/proc/29321/stat,1749222904083,74456,1204
/proc/stat,1749222905071,1565578,174347
/proc/29321/stat,1749222905071,74786,1235
/proc/stat,1749222906087,1565958,174354
/proc/29321/stat,1749222906087,75164,1237
/proc/stat,1749222907083,1566331,174361
/proc/29321/stat,1749222907084,75534,1238
/proc/stat,1749222908085,1566711,174366
/proc/29321/stat,1749222908086,75907,1240
/proc/stat,1749222909087,1567085,174373
/proc/29321/stat,1749222909088,76277,1243
/proc/stat,1749222910088,1567459,174379
/proc/29321/stat,1749222910089,76647,1244
/proc/stat,1749222911072,1567827,174382
/proc/29321/stat,1749222911073,77006,1246
/proc/stat,1749222912083,1568203,174391
/proc/29321/stat,1749222912083,77377,1250
/proc/stat,1749222913107,1568585,174398
/proc/29321/stat,1749222913108,77760,1253
/proc/stat,1749222914075,1568927,174420
/proc/29321/stat,1749222914076,78097,1270
/proc/stat,1749222915120,1569282,174457
/proc/29321/stat,1749222915121,78450,1303
/proc/stat,1749222916079,1569629,174478
/proc/29321/stat,1749222916080,78794,1318
/proc/stat,1749222917077,1570004,174485
/proc/29321/stat,1749222917078,79164,1321
/proc/stat,1749222918083,1570380,174491
/proc/29321/stat,1749222918084,79540,1323
/proc/stat,1749222919080,1570744,174511
/proc/29321/stat,1749222919081,79899,1339
/proc/stat,1749222920081,1571117,174526
/proc/29321/stat,1749222920082,80265,1351
/proc/stat,1749222921097,1571509,174529
/proc/29321/stat,1749222921098,80651,1351
/proc/stat,1749222922074,1571860,174550
/proc/29321/stat,1749222922075,80998,1368
/proc/stat,1749222923070,1572236,174557
/proc/29321/stat,1749222923070,81371,1370
/proc/stat,1749222924075,1572595,174585
/proc/29321/stat,1749222924076,81727,1394
/proc/stat,1749222925097,1572977,174592
/proc/29321/stat,1749222925098,82104,1396
/proc/stat,1749222926087,1573327,174616
/proc/29321/stat,1749222926087,82453,1414
/proc/stat,1749222927077,1573674,174642
/proc/29321/stat,1749222927077,82797,1437
/proc/stat,1749222928082,1574053,174648
/proc/29321/stat,1749222928083,83171,1439
/proc/stat,1749222929074,1574427,174655
/proc/29321/stat,1749222929075,83534,1442
/proc/stat,1749222930093,1574812,174659
/proc/29321/stat,1749222930094,83914,1443
/proc/stat,1749222931110,1575199,174670
/proc/29321/stat,1749222931110,84294,1450
/proc/stat,1749222932075,1575560,174678
/proc/29321/stat,1749222932075,84654,1453
/proc/stat,1749222933078,1575925,174698
/proc/29321/stat,1749222933078,85013,1469
/proc/stat,1749222934071,1576287,174714
/proc/29321/stat,1749222934071,85368,1482
/proc/stat,1749222935082,1576666,174721
/proc/29321/stat,1749222935083,85745,1484
/proc/stat,1749222936074,1577044,174728
/proc/29321/stat,1749222936074,86118,1487
/proc/stat,1749222937080,1577414,174746
/proc/29321/stat,1749222937081,86485,1500
/proc/stat,1749222938115,1577806,174751
/proc/29321/stat,1749222938116,86875,1501
/proc/stat,1749222939087,1578146,174774
/proc/29321/stat,1749222939088,87212,1520
/proc/stat,1749222940072,1578522,174780
/proc/29321/stat,1749222940073,87582,1520
/proc/stat,1749222941105,1578874,174816
/proc/29321/stat,1749222941106,87923,1552
/proc/stat,1749222942075,1579185,174863
/proc/29321/stat,1749222942076,88231,1595
/proc/stat,1749222943090,1579564,174869
/proc/29321/stat,1749222943091,88609,1596
/proc/stat,1749222944108,1579948,174874
/proc/29321/stat,1749222944109,88991,1598
/proc/stat,1749222945090,1580319,174879
/proc/29321/stat,1749222945091,89356,1599
/proc/stat,1749222946110,1580702,174885
/proc/29321/stat,1749222946111,89737,1600
/proc/stat,1749222947079,1581068,174890
/proc/29321/stat,1749222947080,90100,1601
/proc/stat,1749222948086,1581448,174896
/proc/29321/stat,1749222948087,90476,1602
/proc/stat,1749222949096,1581825,174903
/proc/29321/stat,1749222949097,90852,1605
/proc/stat,1749222950095,1582198,174909
/proc/29321/stat,1749222950096,91224,1605
/proc/stat,1749222951105,1582573,174917
/proc/29321/stat,1749222951106,91597,1608
/proc/stat,1749222952072,1582939,174921
/proc/29321/stat,1749222952073,91960,1608
/proc/stat,1749222953096,1583322,174927
/proc/29321/stat,1749222953097,92334,1611
/proc/stat,1749222954099,1583705,174932
/proc/29321/stat,1749222954100,92709,1611
/proc/stat,1749222955179,1584119,174941
/proc/29321/stat,1749222955180,93116,1617
/proc/stat,1749222956112,1584466,174952
/proc/29321/stat,1749222956113,93457,1625
/proc/stat,1749222957091,1584834,174962
/proc/29321/stat,1749222957092,93815,1629
/proc/stat,1749222958106,1585219,174968
/proc/29321/stat,1749222958107,94191,1630
/proc/stat,1749222959080,1585586,174973
/proc/29321/stat,1749222959089,94555,1632
/proc/stat,1749222960085,1585961,174985
/proc/29321/stat,1749222960086,94924,1638
/proc/stat,1749222961098,1586328,175009
/proc/29321/stat,1749222961099,95287,1658
/proc/stat,1749222962115,1586667,175042
/proc/29321/stat,1749222962116,95620,1689
/proc/stat,1749222963084,1587014,175066
/proc/29321/stat,1749222963084,95962,1709
/proc/stat,1749222964082,1587387,175077
/proc/29321/stat,1749222964082,96333,1715
/proc/stat,1749222965070,1587742,175095
/proc/29321/stat,1749222965071,96686,1728
/proc/stat,1749222966085,1588112,175106
/proc/29321/stat,1749222966085,97056,1736
/proc/stat,1749222967091,1588464,175133
/proc/29321/stat,1749222967092,97403,1757
/proc/stat,1749222968083,1588840,175138
/proc/29321/stat,1749222968084,97775,1758
/proc/stat,1749222969077,1589217,175142
/proc/29321/stat,1749222969078,98148,1759
/proc/stat,1749222970099,1589597,175149
/proc/29321/stat,1749222970100,98529,1761
/proc/stat,1749222971076,1589966,175156
/proc/29321/stat,1749222971077,98892,1763
/proc/stat,1749222972123,1590360,175172
/proc/29321/stat,1749222972123,99280,1775
/proc/stat,1749222973082,1590708,175187
/proc/29321/stat,1749222973083,99624,1786
/proc/stat,1749222974089,1591088,175192
/proc/29321/stat,1749222974089,100001,1787
/proc/stat,1749222975080,1591470,175198
/proc/29321/stat,1749222975081,100380,1788
/proc/stat,1749222976081,1591851,175206
/proc/29321/stat,1749222976082,100755,1792
/proc/stat,1749222977087,1592209,175226
/proc/29321/stat,1749222977088,101110,1808
/proc/stat,1749222978071,1592578,175236
/proc/29321/stat,1749222978071,101475,1812
/proc/stat,1749222979072,1592958,175244
/proc/29321/stat,1749222979073,101851,1813
/proc/stat,1749222980081,1593331,175256
/proc/29321/stat,1749222980081,102216,1823
/proc/stat,1749222981120,1593719,175264
/proc/29321/stat,1749222981121,102600,1826
/proc/stat,1749222982085,1594080,175281
/proc/29321/stat,1749222982086,102955,1840
/proc/stat,1749222983071,1594442,175297
/proc/29321/stat,1749222983071,103309,1851
/proc/stat,1749222984098,1594840,175302
/proc/29321/stat,1749222984099,103699,1853
/proc/stat,1749222985072,1595194,175321
/proc/29321/stat,1749222985073,104047,1867
/proc/stat,1749222986068,1595573,175328
/proc/29321/stat,1749222986069,104423,1870
/proc/stat,1749222987081,1595948,175342
/proc/29321/stat,1749222987081,104795,1880
/proc/stat,1749222988087,1596321,175359
/proc/29321/stat,1749222988088,105161,1893
/proc/stat,1749222989093,1596700,175369
/proc/29321/stat,1749222989094,105535,1900
/proc/stat,1749222990104,1597084,175377
/proc/29321/stat,1749222990104,105914,1904
/proc/stat,1749222991089,1597458,175384
/proc/29321/stat,1749222991090,106284,1906
/proc/stat,1749222992079,1597830,175392
/proc/29321/stat,1749222992079,106653,1911
/proc/stat,1749222993077,1598209,175398
/proc/29321/stat,1749222993078,107030,1912
/proc/stat,1749222994081,1598588,175408
/proc/29321/stat,1749222994081,107406,1917
/proc/stat,1749222995101,1598974,175418
/proc/29321/stat,1749222995102,107784,1921
/proc/stat,1749222996076,1599340,175430
/proc/29321/stat,1749222996077,108146,1928
/proc/stat,1749222997100,1599726,175440
/proc/29321/stat,1749222997100,108529,1933
/proc/stat,1749222998071,1600088,175454
/proc/29321/stat,1749222998072,108886,1941
/proc/stat,1749222999131,1600474,175474
/proc/29321/stat,1749222999132,109268,1957
/proc/stat,1749223000070,1600814,175496
/proc/29321/stat,1749223000071,109602,1975
/proc/stat,1749223001077,1601190,175503
/proc/29321/stat,1749223001078,109976,1978
/proc/stat,1749223002073,1601536,175533
/proc/29321/stat,1749223002073,110319,2003
/proc/stat,1749223003077,1601919,175538
/proc/29321/stat,1749223003077,110695,2005
/proc/stat,1749223004094,1602300,175543
/proc/29321/stat,1749223004095,111072,2007
/proc/stat,1749223005070,1602658,175566
/proc/29321/stat,1749223005071,111423,2026
/proc/stat,1749223006083,1603029,175585
/proc/29321/stat,1749223006084,111792,2040
/proc/stat,1749223007095,1603413,175593
/proc/29321/stat,1749223007095,112168,2043
/proc/stat,1749223008081,1603778,175609
/proc/29321/stat,1749223008082,112526,2056
/proc/stat,1749223009091,1604165,175616
/proc/29321/stat,1749223009092,112908,2058
/proc/stat,1749223010090,1604538,175629
/proc/29321/stat,1749223010090,113276,2066
/proc/stat,1749223011092,1604919,175638
/proc/29321/stat,1749223011093,113656,2069
/proc/stat,1749223012099,1605300,175646
/proc/29321/stat,1749223012100,114033,2072
/proc/stat,1749223013088,1605667,175660
/proc/29321/stat,1749223013088,114396,2081
/proc/stat,1749223014104,1606050,175669
/proc/29321/stat,1749223014105,114773,2088
/proc/stat,1749223015119,1606431,175683
/proc/29321/stat,1749223015119,115146,2099
/proc/stat,1749223016082,1606796,175693
/proc/29321/stat,1749223016082,115506,2104
/proc/stat,1749223017077,1607168,175705
/proc/29321/stat,1749223017077,115875,2112
/proc/stat,1749223018122,1607565,175712
/proc/29321/stat,1749223018123,116265,2114
/proc/stat,1749223019074,1607925,175723
/proc/29321/stat,1749223019074,116621,2119
/proc/stat,1749223020124,1608323,175730
/proc/29321/stat,1749223020124,117016,2122
/proc/stat,1749223021071,1608662,175752
/proc/29321/stat,1749223021072,117351,2140
/proc/stat,1749223022117,1609056,175762
/proc/29321/stat,1749223022118,117738,2142
/proc/stat,1749223023087,1609405,175785
/proc/29321/stat,1749223023088,118082,2162
/proc/stat,1749223024081,1609779,175796
/proc/29321/stat,1749223024082,118452,2168
/proc/stat,1749223025081,1610163,175803
/proc/29321/stat,1749223025082,118826,2171
/proc/stat,1749223026066,1610488,175837
/proc/29321/stat,1749223026066,119150,2200
/proc/stat,1749223027074,1610870,175846
/proc/29321/stat,1749223027075,119527,2204
/proc/stat,1749223028076,1611244,175855
/proc/29321/stat,1749223028077,119896,2210
/proc/stat,1749223029073,1611612,175870
/proc/29321/stat,1749223029073,120262,2222
/proc/stat,1749223030072,1611951,175909
/proc/29321/stat,1749223030073,120595,2256
/proc/stat,1749223031077,1612333,175914
/proc/29321/stat,1749223031078,120974,2259
/proc/stat,1749223032094,1612675,175950
/proc/29321/stat,1749223032095,121314,2290
/proc/stat,1749223033085,1613050,175958
/proc/29321/stat,1749223033085,121685,2293
/proc/stat,1749223034071,1613413,175974
/proc/29321/stat,1749223034072,122042,2304
/proc/stat,1749223035090,1613804,175979
/proc/29321/stat,1749223035091,122430,2305
/proc/stat,1749223036081,1614171,175991
/proc/29321/stat,1749223036082,122793,2313
/proc/stat,1749223037099,1614558,175998
/proc/29321/stat,1749223037100,123173,2315
/proc/stat,1749223038075,1614916,176010
/proc/29321/stat,1749223038075,123526,2324
/proc/stat,1749223039086,1615267,176034
/proc/29321/stat,1749223039087,123872,2344
/proc/stat,1749223040097,1615567,176104
/proc/29321/stat,1749223040097,124168,2408
/proc/stat,1749223041070,1615931,176112
/proc/29321/stat,1749223041071,124525,2413
/proc/stat,1749223042103,1616312,176124
/proc/29321/stat,1749223042104,124900,2420
/proc/stat,1749223043078,1616675,176136
/proc/29321/stat,1749223043079,125260,2427
/proc/stat,1749223044097,1617057,176141
/proc/29321/stat,1749223044097,125642,2429
/proc/stat,1749223045078,1617426,176147
/proc/29321/stat,1749223045079,126008,2430
/proc/stat,1749223046085,1617803,176151
/proc/29321/stat,1749223046086,126376,2431
/proc/stat,1749223047083,1618178,176158
/proc/29321/stat,1749223047084,126750,2432
/proc/stat,1749223048085,1618555,176162
/proc/29321/stat,1749223048086,127122,2433
/proc/stat,1749223049105,1618941,176168
/proc/29321/stat,1749223049106,127499,2434
/proc/stat,1749223050109,1619322,176173
/proc/29321/stat,1749223050110,127876,2435
/proc/stat,1749223051069,1619652,176204
/proc/29321/stat,1749223051070,128201,2461
/proc/stat,1749223052079,1620031,176214
/proc/29321/stat,1749223052080,128575,2467
/proc/stat,1749223053084,1620399,176229
/proc/29321/stat,1749223053084,128939,2477
/proc/stat,1749223054076,1620752,176258
/proc/29321/stat,1749223054077,129287,2503
/proc/stat,1749223055098,1621141,176265
/proc/29321/stat,1749223055099,129672,2505
/proc/stat,1749223056089,1621455,176305
/proc/29321/stat,1749223056090,129985,2541
/proc/stat,1749223057088,1621839,176310
/proc/29321/stat,1749223057089,130364,2542
/proc/stat,1749223058086,1622219,176317
/proc/29321/stat,1749223058087,130741,2545
/proc/stat,1749223059076,1622596,176323
/proc/29321/stat,1749223059077,131111,2548
/proc/stat,1749223060081,1622971,176337
/proc/29321/stat,1749223060081,131482,2558
/proc/stat,1749223061112,1623363,176344
/proc/29321/stat,1749223061113,131869,2559
/proc/stat,1749223062087,1623729,176356
/proc/29321/stat,1749223062088,132229,2566
/proc/stat,1749223063104,1624116,176361
/proc/29321/stat,1749223063104,132612,2568
/proc/stat,1749223064079,1624488,176367
/proc/29321/stat,1749223064080,132979,2570
/proc/stat,1749223065067,1624856,176378
/proc/29321/stat,1749223065067,133344,2578
/proc/stat,1749223066081,1625222,176406
/proc/29321/stat,1749223066082,133704,2601
/proc/stat,1749223067107,1625607,176416
/proc/29321/stat,1749223067108,134087,2605
/proc/stat,1749223068086,1625949,176450
/proc/29321/stat,1749223068089,134428,2632
/proc/stat,1749223069077,1626326,176456
/proc/29321/stat,1749223069077,134799,2633
/proc/stat,1749223070070,1626685,176474
/proc/29321/stat,1749223070070,135154,2647
/proc/stat,1749223071094,1627050,176498
/proc/29321/stat,1749223071095,135515,2667
/proc/stat,1749223072112,1627438,176505
/proc/29321/stat,1749223072113,135899,2670
/proc/stat,1749223073088,1627808,176512
/proc/29321/stat,1749223073088,136258,2673
/proc/stat,1749223074141,1628201,176526
/proc/29321/stat,1749223074142,136647,2684
/proc/stat,1749223075071,1628552,176537
/proc/29321/stat,1749223075071,136994,2689
/proc/stat,1749223076074,1628931,176546
/proc/29321/stat,1749223076075,137371,2694
/proc/stat,1749223077090,1629256,176596
/proc/29321/stat,1749223077090,137690,2741
/proc/stat,1749223078084,1629591,176636
/proc/29321/stat,1749223078084,138021,2777
/proc/stat,1749223079081,1629968,176642
/proc/29321/stat,1749223079082,138393,2779
/proc/stat,1749223080069,1630337,176648
/proc/29321/stat,1749223080070,138762,2780
/proc/stat,1749223081085,1630720,176652
/proc/29321/stat,1749223081086,139139,2782
/proc/stat,1749223082085,1631096,176658
/proc/29321/stat,1749223082085,139512,2783
/proc/stat,1749223083097,1631471,176666
/proc/29321/stat,1749223083097,139883,2784
/proc/stat,1749223084075,1631842,176673
/proc/29321/stat,1749223084075,140233,2786
/proc/stat,1749223085122,1632238,176679
/proc/29321/stat,1749223085123,140613,2788
/proc/stat,1749223086086,1632601,176686
/proc/29321/stat,1749223086087,140969,2790
/proc/stat,1749223087090,1632975,176694
/proc/29321/stat,1749223087091,141340,2793
/proc/stat,1749223088081,1633346,176700
/proc/29321/stat,1749223088081,141710,2795
/proc/stat,1749223089090,1633731,176705
/proc/29321/stat,1749223089090,142087,2796
/proc/stat,1749223090072,1634100,176711
/proc/29321/stat,1749223090073,142444,2797
/proc/stat,1749223091089,1634484,176717
/proc/29321/stat,1749223091089,142824,2800
/proc/stat,1749223092099,1634865,176731
/proc/29321/stat,1749223092100,143201,2809
/proc/stat,1749223093077,1635232,176736
/proc/29321/stat,1749223093077,143566,2811
/proc/stat,1749223094088,1635614,176742
/proc/29321/stat,1749223094089,143944,2814
/proc/stat,1749223095074,1635985,176756
/proc/29321/stat,1749223095075,144306,2824
/proc/stat,1749223096076,1636322,176791
/proc/29321/stat,1749223096077,144642,2854
/proc/stat,1749223097108,1636706,176807
/proc/29321/stat,1749223097108,145014,2865
/proc/stat,1749223098074,1637054,176830
/proc/29321/stat,1749223098074,145359,2882
/proc/stat,1749223099083,1637436,176838
/proc/29321/stat,1749223099084,145736,2885
/proc/stat,1749223100081,1637807,176848
/proc/29321/stat,1749223100082,146105,2891
/proc/stat,1749223101082,1638188,176855
/proc/29321/stat,1749223101083,146481,2893
/proc/stat,1749223102072,1638543,176880
/proc/29321/stat,1749223102072,146832,2914
/proc/stat,1749223103085,1638930,176888
/proc/29321/stat,1749223103086,147212,2917
/proc/stat,1749223104071,1639286,176904
/proc/29321/stat,1749223104072,147566,2930
/proc/stat,1749223105093,1639677,176912
/proc/29321/stat,1749223105093,147953,2932
/proc/stat,1749223106075,1640046,176926
/proc/29321/stat,1749223106076,148315,2941
/proc/stat,1749223107097,1640434,176933
/proc/29321/stat,1749223107097,148699,2944
/proc/stat,1749223108072,1640799,176942
/proc/29321/stat,1749223108072,149061,2950
/proc/stat,1749223109110,1641199,176948
/proc/29321/stat,1749223109111,149449,2953
/proc/stat,1749223110081,1641555,176963
/proc/29321/stat,1749223110081,149800,2964
/proc/stat,1749223111108,1641950,176969
/proc/29321/stat,1749223111108,150189,2968
/proc/stat,1749223112085,1642314,176982
/proc/29321/stat,1749223112086,150548,2977
/proc/stat,1749223113076,1642690,176989
/proc/29321/stat,1749223113077,150918,2982
/proc/stat,1749223114126,1643092,176998
/proc/29321/stat,1749223114127,151313,2987
/proc/stat,1749223115125,1643471,177009
/proc/29321/stat,1749223115126,151686,2994
/proc/stat,1749223116107,1643846,177014
/proc/29321/stat,1749223116108,152058,2994
/proc/stat,1749223117105,1644227,177022
/proc/29321/stat,1749223117106,152433,2999
/proc/stat,1749223118102,1644604,177030
/proc/29321/stat,1749223118103,152807,3002
/proc/stat,1749223119097,1644956,177054
/proc/29321/stat,1749223119098,153157,3021
/proc/stat,1749223120075,1645242,177126
/proc/29321/stat,1749223120075,153438,3088
/proc/stat,1749223121071,1645615,177132
/proc/29321/stat,1749223121072,153805,3090
/proc/stat,1749223122082,1645991,177143
/proc/29321/stat,1749223122083,154178,3096
/proc/stat,1749223123085,1646369,177150
/proc/29321/stat,1749223123086,154550,3099
/proc/stat,1749223124085,1646746,177157
/proc/29321/stat,1749223124086,154924,3101
/proc/stat,1749223125078,1647121,177162
/proc/29321/stat,1749223125078,155294,3102
/proc/stat,1749223126094,1647505,177168
/proc/29321/stat,1749223126094,155675,3104
/proc/stat,1749223127092,1647882,177173
/proc/29321/stat,1749223127093,156048,3105
/proc/stat,1749223128082,1648256,177178
/proc/29321/stat,1749223128082,156418,3106
/proc/stat,1749223129097,1648640,177185
/proc/29321/stat,1749223129098,156795,3109
/proc/stat,1749223130082,1649007,177190
/proc/29321/stat,1749223130083,157161,3111
/proc/stat,1749223131081,1649384,177196
/proc/29321/stat,1749223131082,157533,3114
/proc/stat,1749223132086,1649760,177203
/proc/29321/stat,1749223132087,157907,3115
/proc/stat,1749223133088,1650133,177211
/proc/29321/stat,1749223133089,158280,3118
/proc/stat,1749223134092,1650511,177216
/proc/29321/stat,1749223134093,158653,3120
/proc/stat,1749223135072,1650884,177222
/proc/29321/stat,1749223135073,159022,3120
/proc/stat,1749223136092,1651266,177229
/proc/29321/stat,1749223136092,159400,3123
/proc/stat,1749223137099,1651643,177235
/proc/29321/stat,1749223137099,159775,3125
/proc/stat,1749223138144,1652038,177244
/proc/29321/stat,1749223138145,160168,3129
/proc/stat,1749223139103,1652382,177274
/proc/29321/stat,1749223139104,160505,3152
/proc/stat,1749223140097,1652733,177300
/proc/29321/stat,1749223140098,160852,3175
/proc/stat,1749223141081,1653073,177333
/proc/29321/stat,1749223141082,161187,3204
/proc/stat,1749223142075,1653447,177339
/proc/29321/stat,1749223142075,161558,3206
/proc/stat,1749223143085,1653831,177344
/proc/29321/stat,1749223143086,161937,3206
/proc/stat,1749223144083,1654206,177348
/proc/29321/stat,1749223144084,162310,3208
/proc/stat,1749223145070,1654576,177356
/proc/29321/stat,1749223145071,162676,3211
/proc/stat,1749223146070,1654952,177364
/proc/29321/stat,1749223146071,163050,3214
/proc/stat,1749223147086,1655338,177372
/proc/29321/stat,1749223147087,163429,3216
/proc/stat,1749223148071,1655710,177378
/proc/29321/stat,1749223148072,163796,3218
/proc/stat,1749223149102,1656105,177385
/proc/29321/stat,1749223149102,164188,3220
/proc/stat,1749223150080,1656469,177400
/proc/29321/stat,1749223150089,164547,3231
/proc/stat,1749223151093,1656824,177434
/proc/29321/stat,1749223151093,164883,3261
/proc/stat,1749223152071,1657185,177446
/proc/29321/stat,1749223152072,165243,3269
/proc/stat,1749223153082,1657572,177453
/proc/29321/stat,1749223153083,165624,3273
/proc/stat,1749223154074,1657917,177477
/proc/29321/stat,1749223154075,165968,3291
/proc/stat,1749223155121,1658324,177482
/proc/29321/stat,1749223155122,166368,3292
/proc/stat,1749223156079,1658688,177492
/proc/29321/stat,1749223156080,166674,3294
/proc/stat,1749223157077,1659009,177540
/proc/29321/stat,1749223157078,166991,3338
/proc/stat,1749223158083,1659388,177545
/proc/29321/stat,1749223158084,167369,3339
/proc/stat,1749223159071,1659760,177549
/proc/29321/stat,1749223159072,167737,3339
/proc/stat,1749223160079,1660140,177556
/proc/29321/stat,1749223160080,168112,3343
/proc/stat,1749223161095,1660521,177571
/proc/29321/stat,1749223161096,168490,3354
/proc/stat,1749223162073,1660894,177576
/proc/29321/stat,1749223162073,168857,3355
/proc/stat,1749223163079,1661192,177644
/proc/29321/stat,1749223163080,169148,3418
/proc/stat,1749223164079,1661559,177660
/proc/29321/stat,1749223164080,169511,3429
/proc/stat,1749223165099,1661943,177665
/proc/29321/stat,1749223165099,169892,3430
/proc/stat,1749223166080,1662312,177672
/proc/29321/stat,1749223166081,170259,3431
/proc/stat,1749223167080,1662690,177676
/proc/29321/stat,1749223167081,170632,3432
/proc/stat,1749223168074,1663064,177685
/proc/29321/stat,1749223168075,171001,3435
/proc/stat,1749223169071,1663442,177690
/proc/29321/stat,1749223169072,171376,3436
/proc/stat,1749223170071,1663821,177695
/proc/29321/stat,1749223170072,171750,3437
/proc/stat,1749223171081,1664204,177701
/proc/29321/stat,1749223171082,172126,3439
/proc/stat,1749223172072,1664575,177707
/proc/29321/stat,1749223172073,172496,3441
/proc/stat,1749223173069,1664957,177714
/proc/29321/stat,1749223173070,172816,3442
/proc/stat,1749223174122,1665358,177720
/proc/29321/stat,1749223174123,173213,3444
/proc/stat,1749223175083,1665717,177738
/proc/29321/stat,1749223175084,173569,3458
/proc/stat,1749223176115,1666105,177748
/proc/29321/stat,1749223176116,173952,3463
/proc/stat,1749223177080,1666440,177781
/proc/29321/stat,1749223177080,174284,3493
/proc/stat,1749223178085,1666822,177786
/proc/29321/stat,1749223178086,174661,3496
/proc/stat,1749223179072,1667138,177829
/proc/29321/stat,1749223179073,174971,3534
/proc/stat,1749223180082,1667524,177835
/proc/29321/stat,1749223180083,175352,3534
/proc/stat,1749223181071,1667886,177850
/proc/29321/stat,1749223181072,175703,3546
/proc/stat,1749223182084,1668266,177860
/proc/29321/stat,1749223182085,176082,3550
/proc/stat,1749223183080,1668578,177916
/proc/29321/stat,1749223183081,176389,3601
/proc/stat,1749223184075,1668948,177930
/proc/29321/stat,1749223184076,176747,3611
/proc/stat,1749223185092,1669318,177942
/proc/29321/stat,1749223185093,177119,3619
/proc/stat,1749223186081,1669690,177948
/proc/29321/stat,1749223186081,177484,3620
/proc/stat,1749223187082,1670068,177952
/proc/29321/stat,1749223187083,177859,3621
/proc/stat,1749223188070,1670441,177958
/proc/29321/stat,1749223188071,178228,3621
/proc/stat,1749223189076,1670820,177963
/proc/29321/stat,1749223189076,178604,3622
/proc/stat,1749223190082,1671203,177967
/proc/29321/stat,1749223190083,178982,3623
/proc/stat,1749223191070,1671576,177974
/proc/29321/stat,1749223191071,179351,3625
/proc/stat,1749223192079,1671956,177978
/proc/29321/stat,1749223192080,179728,3625
/proc/stat,1749223193080,1672333,177984
/proc/29321/stat,1749223193081,180094,3626
/proc/stat,1749223194081,1672706,177990
/proc/29321/stat,1749223194081,180467,3629
/proc/stat,1749223195097,1673090,177996
/proc/29321/stat,1749223195097,180846,3630
/proc/stat,1749223196086,1673467,178003
/proc/29321/stat,1749223196086,181222,3633
/proc/stat,1749223197090,1673833,178025
/proc/29321/stat,1749223197090,181581,3649
/proc/stat,1749223198078,1674186,178049
/proc/29321/stat,1749223198078,181933,3669
/proc/stat,1749223199078,1674541,178073
/proc/29321/stat,1749223199078,182287,3690
/proc/stat,1749223200111,1674915,178094
/proc/29321/stat,1749223200111,182657,3706
/proc/stat,1749223201087,1675256,178122
/proc/29321/stat,1749223201087,182996,3729
/proc/stat,1749223202086,1675630,178131
/proc/29321/stat,1749223202086,183364,3733
/proc/stat,1749223203075,1675976,178160
/proc/29321/stat,1749223203075,183707,3759
/proc/stat,1749223204072,1676358,178167
/proc/29321/stat,1749223204072,184086,3760
/proc/stat,1749223205109,1676716,178194
/proc/29321/stat,1749223205110,184437,3783
/proc/stat,1749223206095,1677060,178224
/proc/29321/stat,1749223206095,184777,3808
/proc/stat,1749223207077,1677434,178230
/proc/29321/stat,1749223207078,185142,3810
/proc/stat,1749223208082,1677817,178236
/proc/29321/stat,1749223208083,185518,3811
/proc/stat,1749223209085,1678197,178240
/proc/29321/stat,1749223209086,185892,3812
/proc/stat,1749223210074,1678563,178246
/proc/29321/stat,1749223210074,186257,3813
/proc/stat,1749223211114,1678957,178252
/proc/29321/stat,1749223211114,186645,3813
/proc/stat,1749223212071,1679318,178258
/proc/29321/stat,1749223212072,187000,3814
/proc/stat,1749223213115,1679716,178264
/proc/29321/stat,1749223213116,187389,3817
/proc/stat,1749223214081,1680077,178279
/proc/29321/stat,1749223214081,187740,3828
/proc/stat,1749223215120,1680460,178293
/proc/29321/stat,1749223215120,188117,3840
/proc/stat,1749223216084,1680799,178325
/proc/29321/stat,1749223216085,188450,3869
/proc/stat,1749223217096,1681187,178331
/proc/29321/stat,1749223217096,188826,3872
/proc/stat,1749223218079,1681515,178371
/proc/29321/stat,1749223218080,189151,3905
/proc/stat,1749223219094,1681901,178378
/proc/29321/stat,1749223219095,189535,3907
/proc/stat,1749223220083,1682266,178392
/proc/29321/stat,1749223220083,189897,3918
/proc/stat,1749223221101,1682655,178398
/proc/29321/stat,1749223221102,190282,3919
/proc/stat,1749223222081,1683018,178410
/proc/29321/stat,1749223222082,190644,3927
/proc/stat,1749223223071,1683391,178417
/proc/29321/stat,1749223223072,191016,3929
/proc/stat,1749223224073,1683755,178438
/proc/29321/stat,1749223224074,191376,3946
/proc/stat,1749223225096,1684141,178443
/proc/29321/stat,1749223225096,191759,3948
/proc/stat,1749223226074,1684450,178496
/proc/29321/stat,1749223226075,192063,3995
/proc/stat,1749223227111,1684835,178507
/proc/29321/stat,1749223227112,192444,4003
/proc/stat,1749223228070,1685194,178516
/proc/29321/stat,1749223228070,192800,4007
/proc/stat,1749223229100,1685582,178523
/proc/29321/stat,1749223229100,193179,4009
/proc/stat,1749223230077,1685950,178529
/proc/29321/stat,1749223230077,193546,4010
/proc/stat,1749223231092,1686333,178535
/proc/29321/stat,1749223231093,193925,4012
/proc/stat,1749223232112,1686716,178542
/proc/29321/stat,1749223232113,194305,4014
/proc/stat,1749223233094,1687087,178549
/proc/29321/stat,1749223233094,194673,4015
/proc/stat,1749223234076,1687454,178556
/proc/29321/stat,1749223234076,195038,4019
/proc/stat,1749223235082,1687834,178561
/proc/29321/stat,1749223235083,195415,4020
/proc/stat,1749223236071,1688206,178566
/proc/29321/stat,1749223236071,195783,4021
/proc/stat,1749223237092,1688591,178574
/proc/29321/stat,1749223237093,196166,4023
/proc/stat,1749223238098,1688956,178596
/proc/29321/stat,1749223238099,196526,4040
/proc/stat,1749223239084,1689332,178600
/proc/29321/stat,1749223239084,196897,4041
/proc/stat,1749223240085,1689712,178612
/proc/29321/stat,1749223240085,197274,4046
/proc/stat,1749223241105,1690103,178616
/proc/29321/stat,1749223241105,197659,4048
/proc/stat,1749223242078,1690476,178623
/proc/29321/stat,1749223242078,198028,4049
/proc/stat,1749223243096,1690814,178665
/proc/29321/stat,1749223243098,198362,4086
/proc/stat,1749223244077,1691162,178690
/proc/29321/stat,1749223244078,198708,4106
/proc/stat,1749223245086,1691542,178697
/proc/29321/stat,1749223245087,199082,4108
/proc/stat,1749223246133,1691925,178717
/proc/29321/stat,1749223246133,199463,4124
/proc/stat,1749223247113,1692303,178721
/proc/29321/stat,1749223247113,199831,4125
/proc/stat,1749223248083,1692632,178755
/proc/29321/stat,1749223248084,200158,4155
/proc/stat,1749223249071,1692940,178811
/proc/29321/stat,1749223249071,200465,4205
/proc/stat,1749223250085,1693324,178817
/proc/29321/stat,1749223250085,200845,4206
/proc/stat,1749223251100,1693704,178823
/proc/29321/stat,1749223251100,201223,4207
/proc/stat,1749223252084,1694078,178828
/proc/29321/stat,1749223252085,201592,4208
/proc/stat,1749223253085,1694456,178835
/proc/29321/stat,1749223253085,201964,4211
/proc/stat,1749223254103,1694840,178840
/proc/29321/stat,1749223254104,202345,4212
/proc/stat,1749223255076,1695208,178847
/proc/29321/stat,1749223255076,202708,4214
/proc/stat,1749223256091,1695590,178853
/proc/29321/stat,1749223256091,203087,4216
/proc/stat,1749223257092,1695968,178858
/proc/29321/stat,1749223257093,203462,4217
/proc/stat,1749223258076,1696338,178866
/proc/29321/stat,1749223258077,203828,4219
/proc/stat,1749223259085,1696720,178871
/proc/29321/stat,1749223259085,204201,4221
/proc/stat,1749223260102,1697108,178876
/proc/29321/stat,1749223260102,204579,4223
/proc/stat,1749223261070,1697473,178882
/proc/29321/stat,1749223261071,204941,4226
/proc/stat,1749223262099,1697864,178887
/proc/29321/stat,1749223262100,205327,4226
/proc/stat,1749223263105,1698249,178891
/proc/29321/stat,1749223263106,205706,4226
/proc/stat,1749223264130,1698641,178897
/proc/29321/stat,1749223264130,206094,4227
/proc/stat,1749223265083,1698993,178914
/proc/29321/stat,1749223265084,206444,4240
/proc/stat,1749223266075,1699368,178919
/proc/29321/stat,1749223266076,206817,4242
/proc/stat,1749223267073,1699738,178938
/proc/29321/stat,1749223267074,207182,4255
/proc/stat,1749223268116,1700076,178979
/proc/29321/stat,1749223268116,207517,4293
/proc/stat,1749223269096,1700434,178998
/proc/29321/stat,1749223269096,207872,4308
/proc/stat,1749223270081,1700808,179009
/proc/29321/stat,1749223270082,208240,4314
/proc/stat,1749223271107,1701196,179016
/proc/29321/stat,1749223271108,208618,4317
/proc/stat,1749223272080,1701546,179041
/proc/29321/stat,1749223272081,208964,4339
/proc/stat,1749223273071,1701922,179049
/proc/29321/stat,1749223273071,209334,4344
/proc/stat,1749223274072,1702266,179079
/proc/29321/stat,1749223274072,209676,4368
/proc/stat,1749223275087,1702645,179085
/proc/29321/stat,1749223275087,210055,4370
/proc/stat,1749223276080,1703011,179100
/proc/29321/stat,1749223276080,210417,4382
/proc/stat,1749223277108,1703399,179107
/proc/29321/stat,1749223277109,210804,4385
/proc/stat,1749223278061,1703741,179124
/proc/29321/stat,1749223278062,211142,4398
/proc/stat,1749223279073,1704101,179150
/proc/29321/stat,1749223279074,211497,4420
/proc/stat,1749223280110,1704487,179164
/proc/29321/stat,1749223280110,211881,4429
/proc/stat,1749223281081,1704853,179170
/proc/29321/stat,1749223281081,212244,4433
/proc/stat,1749223282078,1705205,179196
/proc/29321/stat,1749223282078,212592,4455
/proc/stat,1749223283080,1705584,179203
/proc/29321/stat,1749223283081,212961,4457
/proc/stat,1749223284077,1705902,179250
/proc/29321/stat,1749223284078,213278,4499
/proc/stat,1749223285073,1706244,179280
/proc/29321/stat,1749223285074,213619,4525
/proc/stat,1749223286085,1706624,179288
/proc/29321/stat,1749223286085,213995,4528
/proc/stat,1749223287099,1707005,179295
/proc/29321/stat,1749223287100,214374,4530
/proc/stat,1749223288073,1707373,179300
/proc/29321/stat,1749223288073,214739,4532
/proc/stat,1749223289089,1707760,179307
/proc/29321/stat,1749223289090,215119,4535
/proc/stat,1749223290085,1708102,179336
/proc/29321/stat,1749223290086,215456,4560
/proc/stat,1749223291081,1708472,179347
/proc/29321/stat,1749223291082,215820,4570
/proc/stat,1749223292115,1708851,179365
/proc/29321/stat,1749223292116,216196,4584
/proc/stat,1749223293112,1709227,179374
/proc/29321/stat,1749223293113,216565,4590
/proc/stat,1749223294094,1709581,179399
/proc/29321/stat,1749223294095,216912,4613
/proc/stat,1749223295080,1709948,179411
/proc/29321/stat,1749223295080,217275,4620
/proc/stat,1749223296082,1710332,179417
/proc/29321/stat,1749223296082,217653,4622
/proc/stat,1749223297086,1710659,179460
/proc/29321/stat,1749223297087,217979,4660
/proc/stat,1749223298109,1711053,179467
/proc/29321/stat,1749223298109,218366,4663
/proc/stat,1749223299089,1711420,179474
/proc/29321/stat,1749223299089,218732,4666
/proc/stat,1749223300081,1711805,179479
/proc/29321/stat,1749223300082,219112,4666
/proc/stat,1749223301071,1712175,179491
/proc/29321/stat,1749223301071,219473,4672
/proc/stat,1749223302081,1712486,179554
/proc/29321/stat,1749223302081,219781,4730
/proc/stat,1749223303079,1712859,179562
/proc/29321/stat,1749223303080,220150,4733
/proc/stat,1749223304098,1713240,179570
/proc/29321/stat,1749223304099,220528,4735
/proc/stat,1749223305081,1713607,179576
/proc/29321/stat,1749223305081,220895,4739
/proc/stat,1749223306078,1713987,179581
/proc/29321/stat,1749223306079,221267,4740
/proc/stat,1749223307104,1714378,179584
/proc/29321/stat,1749223307104,221650,4741
/proc/stat,1749223308080,1714746,179591
/proc/29321/stat,1749223308080,222016,4742
/proc/stat,1749223309077,1715123,179598
/proc/29321/stat,1749223309078,222388,4745
/proc/stat,1749223310072,1715499,179604
/proc/29321/stat,1749223310073,222760,4747
/proc/stat,1749223311145,1715903,179614
/proc/29321/stat,1749223311145,223156,4754
/proc/stat,1749223312121,1716270,179628
/proc/29321/stat,1749223312121,223521,4763
/proc/stat,1749223313075,1716596,179661
/proc/29321/stat,1749223313076,223838,4791
/proc/stat,1749223314071,1716889,179733
/proc/29321/stat,1749223314071,224130,4860
/proc/stat,1749223315073,1717262,179747
/proc/29321/stat,1749223315074,224496,4870
/proc/stat,1749223316085,1717644,179753
/proc/29321/stat,1749223316086,224874,4872
/proc/stat,1749223317095,1718023,179760
/proc/29321/stat,1749223317095,225252,4875
/proc/stat,1749223318082,1718391,179769
/proc/29321/stat,1749223318082,225618,4878
/proc/stat,1749223319091,1718768,179776
/proc/29321/stat,1749223319091,225994,4880
/proc/stat,1749223320093,1719150,179780
/proc/29321/stat,1749223320094,226370,4881
/proc/stat,1749223321080,1719523,179785
/proc/29321/stat,1749223321080,226739,4881
/proc/stat,1749223322083,1719902,179790
/proc/29321/stat,1749223322084,227114,4883
/proc/stat,1749223323092,1720282,179795
/proc/29321/stat,1749223323093,227492,4883
/proc/stat,1749223324084,1720657,179802
/proc/29321/stat,1749223324085,227862,4886
/proc/stat,1749223325117,1721048,179808
/proc/29321/stat,1749223325118,228236,4887
/proc/stat,1749223326084,1721412,179815
/proc/29321/stat,1749223326084,228562,4890
/proc/stat,1749223327088,1721790,179821
/proc/29321/stat,1749223327088,228939,4891
/proc/stat,1749223328091,1722172,179826
/proc/29321/stat,1749223328092,229314,4892
/proc/stat,1749223329081,1722547,179830
/proc/29321/stat,1749223329081,229685,4894
/proc/stat,1749223330083,1722925,179836
/proc/29321/stat,1749223330083,230060,4895
/proc/stat,1749223331085,1723306,179846
/proc/29321/stat,1749223331086,230437,4900
/proc/stat,1749223332113,1723677,179875
/proc/29321/stat,1749223332113,230810,4923
/proc/stat,1749223333110,1724033,179896
/proc/29321/stat,1749223333111,231161,4939
/proc/stat,1749223334116,1724333,179962
/proc/29321/stat,1749223334117,231460,5001
/proc/stat,1749223335095,1724689,179980
/proc/29321/stat,1749223335096,231814,5013
/proc/stat,1749223336072,1725055,179988
/proc/29321/stat,1749223336073,232179,5016
/proc/stat,1749223337078,1725435,179995
/proc/29321/stat,1749223337079,232554,5019
/proc/stat,1749223338112,1725825,180000
/proc/29321/stat,1749223338112,232939,5020
/proc/stat,1749223339082,1726192,180006
/proc/29321/stat,1749223339083,233301,5022
/proc/stat,1749223340101,1726574,180013
/proc/29321/stat,1749223340102,233682,5023
/proc/stat,1749223341089,1726948,180020
/proc/29321/stat,1749223341090,234045,5025
/proc/stat,1749223342093,1727331,180025
/proc/29321/stat,1749223342094,234418,5027
/proc/stat,1749223343073,1727701,180030
/proc/29321/stat,1749223343074,234780,5027
/proc/stat,1749223344091,1728081,180035
/proc/29321/stat,1749223344091,235157,5029
/proc/stat,1749223345095,1728459,180042
/proc/29321/stat,1749223345095,235531,5031
/proc/stat,1749223346084,1728832,180048
/proc/29321/stat,1749223346085,235902,5033
/proc/stat,1749223347085,1729210,180052
/proc/29321/stat,1749223347086,236276,5033
/proc/stat,1749223348092,1729594,180056
/proc/29321/stat,1749223348093,236652,5034
/proc/stat,1749223349113,1729988,180064
/proc/29321/stat,1749223349114,236944,5036
/proc/stat,1749223350088,1730354,180068
/proc/29321/stat,1749223350088,237306,5037
/proc/stat,1749223351147,1730754,180076
/proc/29321/stat,1749223351148,237704,5040
/proc/stat,1749223352097,1731099,180102
/proc/29321/stat,1749223352098,238046,5060
/proc/stat,1749223353074,1731442,180130
/proc/29321/stat,1749223353074,238386,5084
/proc/stat,1749223354090,1731787,180168
/proc/29321/stat,1749223354090,238728,5116
/proc/stat,1749223355072,1732160,180173
/proc/29321/stat,1749223355072,239090,5117
/proc/stat,1749223356084,1732542,180179
/proc/29321/stat,1749223356084,239466,5119
/proc/stat,1749223357079,1732914,180186
/proc/29321/stat,1749223357079,239836,5121
/proc/stat,1749223358070,1733292,180192
/proc/29321/stat,1749223358071,240207,5124
/proc/stat,1749223359086,1733676,180198
/proc/29321/stat,1749223359087,240588,5124
/proc/stat,1749223360095,1734051,180204
/proc/29321/stat,1749223360095,240964,5125
/proc/stat,1749223361081,1734420,180211
/proc/29321/stat,1749223361081,241332,5128
/proc/stat,1749223362112,1734808,180219
/proc/29321/stat,1749223362112,241720,5131
/proc/stat,1749223363097,1735177,180235
/proc/29321/stat,1749223363098,242082,5143
/proc/stat,1749223364093,1735508,180274
/proc/29321/stat,1749223364094,242415,5176
/proc/stat,1749223365080,1735850,180304
/proc/29321/stat,1749223365081,242754,5202
/proc/stat,1749223366089,1736230,180311
/proc/29321/stat,1749223366089,243130,5204
/proc/stat,1749223367074,1736596,180319
/proc/29321/stat,1749223367074,243495,5207
/proc/stat,1749223368078,1736976,180325
/proc/29321/stat,1749223368079,243870,5210
/proc/stat,1749223369069,1737350,180330
/proc/29321/stat,1749223369070,244241,5211
/proc/stat,1749223370073,1737724,180337
/proc/29321/stat,1749223370073,244617,5212
/proc/stat,1749223371085,1738110,180344
/proc/29321/stat,1749223371086,244995,5214
/proc/stat,1749223372090,1738481,180361
/proc/29321/stat,1749223372090,245363,5225
/proc/stat,1749223373080,1738856,180372
/proc/29321/stat,1749223373080,245727,5233
/proc/stat,1749223374111,1739247,180379
/proc/29321/stat,1749223374111,246113,5235
/proc/stat,1749223375084,1739587,180412
/proc/29321/stat,1749223375085,246429,5264
/proc/stat,1749223376079,1739960,180424
/proc/29321/stat,1749223376079,246786,5271
/proc/stat,1749223377096,1740334,180440
/proc/29321/stat,1749223377096,247158,5283
/proc/stat,1749223378093,1740683,180468
/proc/29321/stat,1749223378094,247499,5306
/proc/stat,1749223379092,1741059,180479
/proc/29321/stat,1749223379093,247871,5313
/proc/stat,1749223380088,1741428,180491
/proc/29321/stat,1749223380089,248241,5318
/proc/stat,1749223381141,1741818,180509
/proc/29321/stat,1749223381142,248624,5331
/proc/stat,1749223382075,1742175,180512
/proc/29321/stat,1749223382075,248976,5332
/proc/stat,1749223383087,1742558,180522
/proc/29321/stat,1749223383088,249355,5337
/proc/stat,1749223384088,1742937,180529
/proc/29321/stat,1749223384089,249734,5338
/proc/stat,1749223385086,1743317,180538
/proc/29321/stat,1749223385086,250102,5343
/proc/stat,1749223386091,1743698,180545
/proc/29321/stat,1749223386092,250481,5346
/proc/stat,1749223387097,1744062,180569
/proc/29321/stat,1749223387098,250839,5363
/proc/stat,1749223388076,1744419,180580
/proc/29321/stat,1749223388077,251195,5371
/proc/stat,1749223389082,1744779,180602
/proc/29321/stat,1749223389082,251553,5388
/proc/stat,1749223390079,1745150,180608
/proc/29321/stat,1749223390079,251925,5390
/proc/stat,1749223391137,1745546,180624
/proc/29321/stat,1749223391137,252316,5401
/proc/stat,1749223392077,1745891,180638
/proc/29321/stat,1749223392078,252659,5409
/proc/stat,1749223393108,1746276,180647
/proc/29321/stat,1749223393109,253044,5413
/proc/stat,1749223394080,1746628,180670
/proc/29321/stat,1749223394081,253391,5432
/proc/stat,1749223395140,1747032,180676
/proc/29321/stat,1749223395140,253792,5433
/proc/stat,1749223396067,1747342,180713
/proc/29321/stat,1749223396068,254100,5466
/proc/stat,1749223397073,1747692,180746
/proc/29321/stat,1749223397074,254439,5495
/proc/stat,1749223398088,1748074,180752
/proc/29321/stat,1749223398088,254819,5496
/proc/stat,1749223399093,1748451,180758
/proc/29321/stat,1749223399094,255191,5497
/proc/stat,1749223400071,1748820,180764
/proc/29321/stat,1749223400071,255557,5499
/proc/stat,1749223401075,1749196,180770
/proc/29321/stat,1749223401076,255932,5501
/proc/stat,1749223402073,1749573,180776
/proc/29321/stat,1749223402073,256304,5503
/proc/stat,1749223403073,1749954,180780
/proc/29321/stat,1749223403074,256679,5503
/proc/stat,1749223404092,1750338,180785
/proc/29321/stat,1749223404092,257060,5503
/proc/stat,1749223405075,1750710,180789
/proc/29321/stat,1749223405075,257428,5504
/proc/stat,1749223406079,1751088,180794
/proc/29321/stat,1749223406080,257805,5505
/proc/stat,1749223407091,1751466,180801
/proc/29321/stat,1749223407091,258179,5508
/proc/stat,1749223408080,1751836,180806
/proc/29321/stat,1749223408080,258548,5509
/proc/stat,1749223409095,1752212,180816
/proc/29321/stat,1749223409096,258915,5514
/proc/stat,1749223410073,1752575,180822
/proc/29321/stat,1749223410073,259276,5516
/proc/stat,1749223411090,1752951,180832
/proc/29321/stat,1749223411091,259648,5521
/proc/stat,1749223412089,1753332,180839
/proc/29321/stat,1749223412089,260026,5522
/proc/stat,1749223413074,1753696,180857
/proc/29321/stat,1749223413075,260388,5535
/proc/stat,1749223414083,1754076,180862
/proc/29321/stat,1749223414084,260766,5535
/proc/stat,1749223415079,1754453,180869
/proc/29321/stat,1749223415080,261140,5537
/proc/stat,1749223416071,1754819,180884
/proc/29321/stat,1749223416071,261501,5549
/proc/stat,1749223417084,1755150,180922
/proc/29321/stat,1749223417085,261832,5582
/proc/stat,1749223418091,1755536,180929
/proc/29321/stat,1749223418092,262213,5583
/proc/stat,1749223419081,1755896,180947
/proc/29321/stat,1749223419081,262569,5597
/proc/stat,1749223420128,1756293,180952
/proc/29321/stat,1749223420129,262965,5599
/proc/stat,1749223421062,1756644,180962
/proc/29321/stat,1749223421063,263312,5603
/proc/stat,1749223422076,1756945,181035
/proc/29321/stat,1749223422077,263609,5672
/proc/stat,1749223423070,1757292,181062
/proc/29321/stat,1749223423071,263950,5694
/proc/stat,1749223424085,1757673,181070
/proc/29321/stat,1749223424086,264330,5697
/proc/stat,1749223425072,1758046,181074
/proc/29321/stat,1749223425072,264698,5698
/proc/stat,1749223426072,1758422,181081
/proc/29321/stat,1749223426072,265071,5701
/proc/stat,1749223427098,1758808,181088
/proc/29321/stat,1749223427099,265448,5704
/proc/stat,1749223428072,1759178,181094
/proc/29321/stat,1749223428073,265813,5705
/proc/stat,1749223429080,1759556,181101
/proc/29321/stat,1749223429081,266187,5707
/proc/stat,1749223430079,1759934,181108
/proc/29321/stat,1749223430080,266561,5709
/proc/stat,1749223431081,1760313,181114
/proc/29321/stat,1749223431082,266936,5711
/proc/stat,1749223432081,1760687,181121
/proc/29321/stat,1749223432082,267304,5714
/proc/stat,1749223433096,1761064,181130
/proc/29321/stat,1749223433096,267680,5717
/proc/stat,1749223434081,1761436,181137
/proc/29321/stat,1749223434081,268049,5719
/proc/stat,1749223435085,1761817,181142
/proc/29321/stat,1749223435085,268425,5719
/proc/stat,1749223436167,1762206,181172
/proc/29321/stat,1749223436168,268807,5745
/proc/stat,1749223437121,1762574,181177
/proc/29321/stat,1749223437122,269170,5747
/proc/stat,1749223438076,1762918,181194
/proc/29321/stat,1749223438076,269511,5761
/proc/stat,1749223439094,1763258,181235
/proc/29321/stat,1749223439095,269843,5796
/proc/stat,1749223440069,1763626,181241
/proc/29321/stat,1749223440069,270207,5799
/proc/stat,1749223441077,1764004,181246
/proc/29321/stat,1749223441077,270581,5801
/proc/stat,1749223442094,1764387,181252
/proc/29321/stat,1749223442095,270960,5802
/proc/stat,1749223443085,1764760,181257
/proc/29321/stat,1749223443086,271331,5803
/proc/stat,1749223444081,1765134,181263
/proc/29321/stat,1749223444082,271701,5806
/proc/stat,1749223445083,1765511,181270
/proc/29321/stat,1749223445084,272071,5807
/proc/stat,1749223446117,1765903,181276
/proc/29321/stat,1749223446117,272457,5809
/proc/stat,1749223447091,1766278,181281
/proc/29321/stat,1749223447091,272828,5811
/proc/stat,1749223448106,1766632,181311
/proc/29321/stat,1749223448107,273179,5838
/proc/stat,1749223449085,1766948,181361
/proc/29321/stat,1749223449085,273490,5883
/proc/stat,1749223450085,1767322,181370
/proc/29321/stat,1749223450085,273862,5887
/proc/stat,1749223451108,1767707,181376
/proc/29321/stat,1749223451108,274236,5888
/proc/stat,1749223452079,1768075,181380
/proc/29321/stat,1749223452080,274602,5890
/proc/stat,1749223453087,1768454,181386
/proc/29321/stat,1749223453088,274976,5892
/proc/stat,1749223454081,1768827,181389
/proc/29321/stat,1749223454081,275348,5893
/proc/stat,1749223455083,1769206,181393
/proc/29321/stat,1749223455083,275722,5894
/proc/stat,1749223456100,1769592,181398
/proc/29321/stat,1749223456101,276104,5895
/proc/stat,1749223457086,1769952,181424
/proc/29321/stat,1749223457086,276367,5913
/proc/stat,1749223458080,1770334,181429
/proc/29321/stat,1749223458082,276720,5914
/proc/stat,1749223459084,1770673,181468
/proc/29321/stat,1749223459085,277051,5950
/proc/stat,1749223460083,1771032,181486
/proc/29321/stat,1749223460084,277407,5964
/proc/stat,1749223461100,1771414,181493
/proc/29321/stat,1749223461100,277786,5966
/proc/stat,1749223462076,1771778,181502
/proc/29321/stat,1749223462076,278149,5968
/proc/stat,1749223463091,1772163,181507
/proc/29321/stat,1749223463092,278529,5969
/proc/stat,1749223464071,1772531,181513
/proc/29321/stat,1749223464072,278896,5970
/proc/stat,1749223465073,1772900,181524
/proc/29321/stat,1749223465074,279265,5975
/proc/stat,1749223466086,1773281,181530
/proc/29321/stat,1749223466087,279643,5976
/proc/stat,1749223467092,1773664,181534
/proc/29321/stat,1749223467093,280022,5979
/proc/stat,1749223468084,1774028,181554
/proc/29321/stat,1749223468084,280384,5993
/proc/stat,1749223469114,1774390,181582
/proc/29321/stat,1749223469115,280733,6018
/proc/stat,1749223470084,1774757,181588
/proc/29321/stat,1749223470085,281089,6021
/proc/stat,1749223471070,1775127,181594
/proc/29321/stat,1749223471070,281454,6023
/proc/stat,1749223472090,1775513,181599
/proc/29321/stat,1749223472090,281834,6024
/proc/stat,1749223473077,1775814,181661
/proc/29321/stat,1749223473078,282130,6084
/proc/stat,1749223474076,1776183,181675
/proc/29321/stat,1749223474077,282497,6093
/proc/stat,1749223475076,1776544,181690
/proc/29321/stat,1749223475076,282855,6103
/proc/stat,1749223476092,1776924,181697
/proc/29321/stat,1749223476093,283234,6104
/proc/stat,1749223477073,1777292,181709
/proc/29321/stat,1749223477074,283597,6111
/proc/stat,1749223478112,1777664,181741
/proc/29321/stat,1749223478112,283967,6138
/proc/stat,1749223479091,1778036,181747
/proc/29321/stat,1749223479092,284337,6139
/proc/stat,1749223480073,1778346,181800
/proc/29321/stat,1749223480073,284642,6188
/proc/stat,1749223481087,1778725,181808
/proc/29321/stat,1749223481088,285013,6191
/proc/stat,1749223482078,1779104,181813
/proc/29321/stat,1749223482079,285385,6192
/proc/stat,1749223483075,1779476,181819
/proc/29321/stat,1749223483075,285756,6194
/proc/stat,1749223484087,1779855,181826
/proc/29321/stat,1749223484088,286133,6196
/proc/stat,1749223485102,1780237,181832
/proc/29321/stat,1749223485103,286512,6198
/proc/stat,1749223486076,1780603,181839
/proc/29321/stat,1749223486077,286877,6199
/proc/stat,1749223487130,1781001,181848
/proc/29321/stat,1749223487131,287271,6204
/proc/stat,1749223488113,1781369,181862
/proc/29321/stat,1749223488113,287637,6214
/proc/stat,1749223489081,1781734,181868
/proc/29321/stat,1749223489082,288000,6216
/proc/stat,1749223490073,1782063,181914
/proc/29321/stat,1749223490074,288321,6259
/proc/stat,1749223491106,1782453,181921
/proc/29321/stat,1749223491106,288708,6261
/proc/stat,1749223492085,1782804,181943
/proc/29321/stat,1749223492086,289054,6279
/proc/stat,1749223493098,1783189,181948
/proc/29321/stat,1749223493099,289434,6281
/proc/stat,1749223494070,1783532,181972
/proc/29321/stat,1749223494070,289773,6300
/proc/stat,1749223495080,1783914,181978
/proc/29321/stat,1749223495081,290154,6302
/proc/stat,1749223496094,1784294,181991
/proc/29321/stat,1749223496094,290529,6310
/proc/stat,1749223497076,1784670,181994
/proc/29321/stat,1749223497077,290896,6310
/proc/stat,1749223498076,1785051,182004
/proc/29321/stat,1749223498077,291273,6314
/proc/stat,1749223499105,1785445,182010
/proc/29321/stat,1749223499106,291663,6316
/proc/stat,1749223500081,1785778,182042
/proc/29321/stat,1749223500081,291990,6346
/proc/stat,1749223501087,1786082,182112
/proc/29321/stat,1749223501087,292291,6408
/proc/stat,1749223502098,1786461,182119
/proc/29321/stat,1749223502098,292665,6411
/proc/stat,1749223503070,1786829,182125
/proc/29321/stat,1749223503071,293030,6413
/proc/stat,1749223504093,1787217,182133
/proc/29321/stat,1749223504094,293412,6416
/proc/stat,1749223505097,1787594,182141
/proc/29321/stat,1749223505097,293787,6419
/proc/stat,1749223506082,1787962,182146
/proc/29321/stat,1749223506082,294154,6420
/proc/stat,1749223507081,1788338,182153
/proc/29321/stat,1749223507082,294527,6422
/proc/stat,1749223508081,1788715,182159
/proc/29321/stat,1749223508081,294900,6424
/proc/stat,1749223509081,1789095,182165
/proc/29321/stat,1749223509082,295276,6425
/proc/stat,1749223510084,1789473,182170
/proc/29321/stat,1749223510085,295652,6427
/proc/stat,1749223511109,1789862,182174
/proc/29321/stat,1749223511109,296031,6428
/proc/stat,1749223512071,1790224,182179
/proc/29321/stat,1749223512071,296389,6429
/proc/stat,1749223513074,1790602,182186
/proc/29321/stat,1749223513075,296763,6431
/proc/stat,1749223514070,1790976,182192
/proc/29321/stat,1749223514070,297134,6432
/proc/stat,1749223515081,1791354,182201
/proc/29321/stat,1749223515081,297509,6437
/proc/stat,1749223516079,1791727,182208
/proc/29321/stat,1749223516079,297878,6439
/proc/stat,1749223517074,1792103,182213
/proc/29321/stat,1749223517075,298252,6440
/proc/stat,1749223518107,1792490,182220
/proc/29321/stat,1749223518107,298638,6442
/proc/stat,1749223519047,1792814,182232
