Timestamp,Domain,Power (Watts),DRAM Power (Watts), Energy (micro joules), DRAM Energy (micro joules)
1749222702080,package-0,8.016275,4.547962,76508064758,23589816257
1749222704012,package-0,8.670205,4.864916,76524489033,23599034190
1749222706012,package-0,8.825234,4.967211,76542042333,23608902207
1749222708012,package-0,8.801064,4.956469,76559578115,23618768820
1749222710012,package-0,8.791237,4.93706,76577135077,23628635982
1749222712017,package-0,8.528787,4.792224,76594484520,23638389497
1749222714012,package-0,8.788063,4.927478,76611797891,23648089668
1749222716012,package-0,8.774331,4.933154,76629324153,23657936444
1749222718012,package-0,8.799293,4.940417,76646874034,23667774981
1749222720012,package-0,8.989601,5.057726,76664616543,23677730949
1749222722012,package-0,8.680092,4.899951,76681897626,23687459745
1749222724012,package-0,8.812599,4.953601,76699226073,23697177555
1749222726013,package-0,5.307055,1.945246,76711818876,23702772633
1749222728013,package-0,5.315722,1.951655,76722390443,23706664286
1749222730014,package-0,5.740769,1.93896,76733817293,23710539093
1749222732013,package-0,5.304735,1.947444,76744373907,23714413839
1749222734016,package-0,5.263353,1.942866,76754922525,23718295604
1749222736012,package-0,5.245348,1.927119,76765376417,23722119996
1749222738013,package-0,5.194811,1.929622,76775783006,23725961417
1749222740013,package-0,4.964037,1.787471,76785808615,23729620648
1749222742013,package-0,5.262926,1.927607,76796216792,23733431185
1749222744013,package-0,5.282397,1.929439,76806704009,23737267113
1749222746013,package-0,5.32512,1.94897,76817278444,23741153944
1749222748013,package-0,5.289354,1.949275,76827839025,23745036624
1749222750013,package-0,5.304918,1.943598,76838428048,23748917107
1749222752013,package-0,5.281237,1.942317,76848964521,23752783858
1749222754013,package-0,5.294237,1.944514,76859529374,23756660618
1749222756013,package-0,5.289598,1.934077,76870116566,23760537744
1749222758014,package-0,5.144213,1.905696,76880527977,23764385391
1749222760012,package-0,5.041796,1.812618,76890819577,23768138372
1749222762013,package-0,5.245226,1.924067,76901221650,23771952571
1749222764014,package-0,5.237841,1.912532,76911690129,23775782517
1749222766015,package-0,5.249682,1.918147,76922166787,23779611853
1749222768015,package-0,5.251818,1.922419,76932645276,23783449978
1749222770012,package-0,5.276903,1.932735,76943137558,23787298113
1749222772012,package-0,5.745225,1.955073,76954611406,23791193305
1749222774014,package-0,5.281114,1.947566,76965167897,23795078488
1749222776013,package-0,5.29619,1.936396,76975732934,23798959826
1749222778012,package-0,5.174242,1.929255,76986156552,23802827675
1749222780012,package-0,5.220994,1.859431,76996601105,23806596220
1749222782013,package-0,5.303026,1.940364,77007194157,23810478168
1749222784013,package-0,5.308824,1.938716,77017758156,23814355600
1749222786013,package-0,5.311693,1.967952,77028326732,23818257384
1749222788013,package-0,5.271532,1.935786,77038870956,23822121937
1749222790015,package-0,5.286974,1.941279,77049438800,23825998148
1749222792012,package-0,5.295091,1.951411,77059975455,23829868743
1749222794012,package-0,5.2614,1.919734,77070493494,23833711995
1749222796012,package-0,5.271043,1.924617,77080961912,23837542674
1749222798013,package-0,5.159838,1.909297,77091253329,23841338990
1749222800013,package-0,4.971301,1.802974,77101294685,23844982047
1749222802012,package-0,5.24547,1.920344,77111779827,23848816815
1749222804015,package-0,5.306078,1.94665,77122323989,23852688509
1749222806012,package-0,5.318468,1.945368,77132894458,23856572166
1749222808013,package-0,5.2791,1.941463,77143441733,23860438795
1749222810012,package-0,5.288012,1.940058,77154012690,23864318057
1749222812012,package-0,5.27788,1.938838,77164552824,23868181023
1749222814012,package-0,5.681015,1.952876,77176002196,23872066389
1749222816012,package-0,5.306138,1.947322,77186581881,23875945835
1749222818013,package-0,5.272264,1.940547,77196970099,23879787927
1749222820013,package-0,5.238817,1.932734,77207264201,23883559463
1749222822014,package-0,5.261461,1.933284,77217766311,23887395330
1749222824013,package-0,5.228807,1.920039,77228216357,23891225886
1749222826013,package-0,5.252733,1.921687,77238687949,23895052598
1749222828013,package-0,5.248461,1.922114,77249144893,23898885290
1749222830016,package-0,5.303392,1.93072,77259692229,23902748073
1749222832012,package-0,5.284044,1.936091,77270190554,23906598039
1749222834012,package-0,5.215929,1.958857,77280679175,23910498542
1749222836014,package-0,5.228746,1.915217,77291192026,23914361081
1749222838012,package-0,5.182482,1.897334,77301478194,23918146105
1749222840013,package-0,5.526231,2.004878,77312101030,23922002480
1749222842012,package-0,5.281175,1.939814,77322656301,23925873136
1749222844012,package-0,5.29033,1.941768,77333219201,23929750812
1749222846013,package-0,5.288133,1.93542,77343792294,23933622262
1749222848012,package-0,5.283678,1.936945,77354330292,23937489256
1749222850013,package-0,5.291063,1.937129,77364891300,23941363026
1749222852012,package-0,5.267137,1.931697,77375425880,23945224161
1749222853016,package-0,5.290697,1.945979,77380727197,23947174168
1749222855012,package-0,5.741014,1.915034,77391686093,23951005152
1749222857012,package-0,5.098254,1.883357,77402320282,23954842117
1749222859012,package-0,5.171374,1.888973,77412508122,23958548407
1749222861012,package-0,5.259875,1.921564,77422983254,23962379268
1749222863012,package-0,5.250475,1.916743,77433450390,23966202867
1749222865012,package-0,5.277696,1.936763,77443982162,23970069801
1749222867015,package-0,5.277696,1.927668,77454509784,23973921902
1749222869013,package-0,5.273424,1.935664,77465028373,23977781451
1749222871017,package-0,5.267931,1.924128,77475564723,23981637520
1749222873012,package-0,5.253648,1.916011,77486015929,23985456724
1749222875012,package-0,5.298875,1.932918,77496547091,23989308399
1749222877012,package-0,5.159105,1.87231,77506787360,23993053995
1749222879012,package-0,5.208239,1.904963,77517110210,23996814666
1749222881012,package-0,5.281175,1.927546,77527607009,24000666402
1749222883012,package-0,5.25432,1.92303,77538064014,24004497508
1749222885012,package-0,5.245958,1.912166,77548524436,24008317872
1749222887012,package-0,5.283556,1.929683,77559030696,24012158377
1749222889012,package-0,5.24016,1.922358,77569471465,24015978374
1749222891012,package-0,5.296678,1.949885,77580011965,24019850557
1749222893018,package-0,5.279466,1.930232,77590604040,24023729026
1749222895014,package-0,5.264146,1.946833,77601072519,24027622021
1749222897012,package-0,5.688706,1.907832,77611824079,24031393923
1749222899012,package-0,5.29973,1.948603,77622637100,24035265068
1749222901012,package-0,5.282519,1.937617,77633334339,24039159040
1749222903012,package-0,5.265368,1.943293,77643844627,24043057101
1749222905012,package-0,5.300462,1.946772,77654257930,24046863610
1749222907012,package-0,5.27678,1.934199,77664779082,24050720534
1749222909012,package-0,5.27501,1.930476,77675299807,24054568730
1749222911012,package-0,5.255846,1.916988,77685819678,24058417109
1749222913012,package-0,5.154344,1.911067,77696211802,24062265793
1749222915012,package-0,5.16472,1.882991,77706479720,24066004919
1749222917012,package-0,5.101916,1.885005,77716791584,24069800441
1749222919012,package-0,5.140429,1.897151,77727105278,24073622941
1749222921012,package-0,5.119554,1.894649,77737422939,24077442573
1749222923012,package-0,5.133898,1.899958,77747730347,24081259457
1749222925012,package-0,5.198534,1.901179,77758166417,24085071642
1749222927012,package-0,5.273546,1.929805,77768618111,24088891396
1749222929012,package-0,5.270128,1.937129,77779125958,24092755033
1749222931013,package-0,5.279527,1.94195,77789628616,24096658099
1749222933012,package-0,5.210558,1.909907,77800051624,24100473153
1749222935012,package-0,5.244188,1.941645,77810575767,24104351317
1749222937012,package-0,5.262804,1.940791,77821043819,24108234303
1749222939012,package-0,5.729966,1.899226,77831878081,24112029337
1749222941012,package-0,5.000842,1.811763,77842245181,24115692780
1749222943012,package-0,5.262071,1.91833,77852747656,24119538107
1749222945012,package-0,5.251574,1.919734,77863187205,24123359142
1749222947013,package-0,5.265978,1.92248,77873672530,24127196229
1749222949012,package-0,5.242296,1.917109,77884131243,24131022086
1749222951014,package-0,5.284777,1.944148,77894665030,24134886517
1749222953014,package-0,5.274889,1.932124,77905214075,24138755404
1749222955016,package-0,5.288317,1.948969,77915732603,24142665733
1749222957017,package-0,5.296251,1.938349,77926295625,24146542493
1749222959012,package-0,5.181932,1.914362,77936712590,24150380984
1749222961012,package-0,5.069689,1.834529,77947181802,24154209161
1749222963012,package-0,5.254747,1.937862,77957551587,24158047469
1749222965012,package-0,5.234483,1.915583,77967969590,24161855137
1749222967012,package-0,5.282946,1.934077,77978391378,24165661829
1749222969012,package-0,5.299486,1.933772,77988968133,24169538894
1749222971012,package-0,5.250902,1.970027,77999477078,24173442205
1749222973012,package-0,5.292284,1.944331,78009947877,24177284358
1749222975012,package-0,5.243822,1.936091,78020384373,24181156174
1749222977012,package-0,5.231554,1.916011,78030762887,24184945593
1749222979012,package-0,5.161181,1.883479,78041143842,24188734158
1749222981012,package-0,5.756882,1.919978,78052015335,24192531633
1749222983012,package-0,5.196703,1.934931,78062611377,24196367622
1749222985012,package-0,5.26024,1.956355,78073043296,24200238828
1749222987012,package-0,5.19713,1.933466,78083422237,24204094958
1749222989012,package-0,5.217089,1.953486,78093852874,24207978798
1749222991012,package-0,5.231066,1.957942,78104357913,24211885527
1749222993012,package-0,5.244859,1.957881,78114834937,24215784809
1749222995012,package-0,5.231371,1.956599,78125272899,24219673471
1749222997012,package-0,5.233385,1.942317,78135738387,24223550963
1749222999012,package-0,5.172656,1.923213,78146070148,24227381825
1749223001012,package-0,5.106371,1.851618,78156394462,24231149332
1749223003012,package-0,5.253649,1.921321,78166866298,24234981964
1749223005012,package-0,5.178087,1.922725,78177057556,24238777609
1749223007012,package-0,5.168932,1.927607,78187429417,24242636119
1749223009012,package-0,5.206225,1.924861,78197833260,24246477540
1749223011012,package-0,5.251208,1.944575,78208290814,24250364554
1749223013012,package-0,5.26195,1.94427,78218759049,24254260662
1749223015012,package-0,5.261766,1.945613,78229227222,24258156771
1749223017012,package-0,5.242357,1.939204,78239663109,24262036949
1749223019012,package-0,5.274706,1.949153,78250152035,24265945264
1749223021014,package-0,5.307665,1.951594,78260858367,24269877566
1749223023012,package-0,5.255541,1.935054,78271194156,24273703667
1749223025012,package-0,5.073535,1.844478,78281487831,24277502180
1749223027012,package-0,5.242235,1.930232,78291941722,24281368076
1749223029012,package-0,5.031725,1.849848,78302013413,24285088586
1749223031012,package-0,5.115283,1.892939,78312369466,24288916030
1749223033012,package-0,5.186998,1.935542,78322765923,24292775334
1749223035012,package-0,5.163927,1.909968,78333156705,24296618647
1749223037012,package-0,5.19536,1.927851,78343540162,24300478134
1749223039012,package-0,4.910205,1.762629,78353561682,24304103613
1749223041012,package-0,5.269762,1.92718,78364011057,24307927883
1749223043013,package-0,5.238329,1.916072,78374407942,24311734514
1749223045015,package-0,5.272814,1.938228,78384932268,24315597725
1749223047012,package-0,5.270494,1.93426,78395454702,24319452878
1749223049012,package-0,5.185533,1.913936,78405921533,24323302661
1749223051012,package-0,5.27202,1.964655,78416270445,24327160866
1749223053012,package-0,5.168749,1.928645,78426629427,24331010527
1749223055012,package-0,5.031054,1.840938,78436885504,24334790730
1749223057012,package-0,5.251878,1.969965,78447385660,24338703500
1749223059013,package-0,5.20891,1.94427,78457849074,24342585815
1749223061012,package-0,5.190294,1.931635,78468250841,24346449879
1749223063012,package-0,5.201708,1.929744,78478629538,24350296183
1749223065012,package-0,5.133166,1.908625,78488922664,24354118683
1749223067012,package-0,5.088061,1.895198,78499213104,24357919699
1749223069012,package-0,5.136584,1.9154,78509571964,24361746715
1749223071012,package-0,5.228869,1.955744,78519935829,24365574159
1749223073012,package-0,5.19774,1.942378,78530396190,24369458854
1749223075012,package-0,5.256578,1.962275,78540771957,24373341717
1749223077012,package-0,5.110399,1.869196,78550928791,24377038729
1749223079012,package-0,5.316942,1.949336,78561510674,24380919213
1749223081013,package-0,5.288743,1.935542,78572273402,24384844801
1749223083015,package-0,5.296313,1.94543,78583005492,24388785709
1749223085017,package-0,5.270129,1.937007,78593357028,24392585809
1749223087012,package-0,5.286119,1.939387,78603890692,24396443770
1749223089012,package-0,5.277392,1.935481,78614428385,24400308323
1749223091012,package-0,5.233324,1.963924,78624888258,24404196314
1749223093012,package-0,5.258409,1.936701,78635411485,24408063369
1749223095012,package-0,5.081225,1.88299,78645566672,24411833928
1749223097012,package-0,5.132067,1.906917,78655847590,24415631038
1749223099012,package-0,5.171923,1.917231,78666205047,24419466172
1749223101012,package-0,5.121752,1.896357,78676511783,24423273352
1749223103012,package-0,5.143846,1.907466,78686834205,24427088589
1749223105012,package-0,5.219713,1.94311,78697260692,24430957109
1749223107012,package-0,5.242052,1.944514,78707737655,24434844612
1749223109012,package-0,5.214037,1.926936,78718165119,24438715757
1749223111012,package-0,5.230822,1.93481,78728614372,24442601855
1749223113012,package-0,5.249254,1.944453,78739060939,24446483376
1749223115012,package-0,5.265856,1.951167,78749535949,24450381071
1749223117012,package-0,5.260484,1.936458,78760020175,24454285114
1749223119012,package-0,4.933581,1.771541,78769958504,24457910959
1749223121012,package-0,5.21361,1.899409,78780391705,24461719726
1749223123012,package-0,5.232958,1.913875,78790832657,24465538076
1749223125012,package-0,5.231432,1.916011,78801289845,24469366679
1749223127012,package-0,5.22008,1.914119,78811757714,24473200837
1749223129012,package-0,5.247423,1.919307,78822234371,24477032065
1749223131012,package-0,5.293565,1.934138,78832761627,24480888744
1749223133012,package-0,5.281176,1.934383,78843318363,24484757265
1749223135012,package-0,5.282763,1.938289,78853867164,24488616508
1749223137012,package-0,5.244005,1.937129,78864390574,24492487042
1749223139012,package-0,5.212023,1.939021,78874714401,24496351473
1749223141012,package-0,5.340867,1.961543,78885375872,24500232140
1749223143012,package-0,5.287218,1.940059,78895907278,24504102247
1749223145012,package-0,5.297472,1.947626,78906489832,24507986819
1749223147012,package-0,5.292345,1.946101,78917049436,24511863763
1749223149012,package-0,5.273363,1.959224,78927570955,24515777388
1749223151012,package-0,5.273729,1.949824,78937950567,24519632786
1749223153012,package-0,5.165209,1.896846,78948352274,24523487329
1749223155012,package-0,5.215807,1.938594,78958788343,24527364700
1749223157012,package-0,5.25847,1.919917,78969063097,24531108098
1749223158015,package-0,5.242724,1.919307,78974316563,24533031494
1749223160012,package-0,5.214464,1.946711,78984600899,24536850820
1749223162012,package-0,4.947192,1.784908,78994783063,24540574932
1749223164012,package-0,5.277391,1.926448,79005248795,24544398775
1749223166012,package-0,5.290209,1.948848,79015837880,24548288352
1749223168012,package-0,5.271899,1.935603,79026400353,24552167737
1749223170012,package-0,5.305589,1.942744,79037004512,24556062685
1749223172013,package-0,5.296495,1.959467,79047578460,24559962577
1749223174012,package-0,5.276964,1.984614,79058121280,24563890546
1749223176012,package-0,5.124132,1.912349,79068468482,24567735202
1749223178012,package-0,5.020129,1.833491,79078722423,24571501610
1749223180012,package-0,5.175401,1.918025,79089135543,24575364027
1749223182012,package-0,4.988086,1.794918,79099192708,24579028325
1749223184012,package-0,5.200976,1.902461,79109556451,24582821955
1749223186012,package-0,5.232836,1.918635,79120023343,24586652756
1749223188012,package-0,5.242113,1.927607,79130488526,24590491369
1749223190012,package-0,5.26787,1.927851,79140997288,24594331569
1749223192012,package-0,5.295763,1.943659,79151545662,24598209916
1749223194015,package-0,5.298692,1.944087,79162120464,24602089240
1749223196012,package-0,5.271776,1.962641,79172597427,24605996883
1749223198012,package-0,5.203295,1.926204,79182957996,24609836107
1749223200012,package-0,5.393785,1.970942,79193541038,24613732642
1749223202012,package-0,5.048693,1.865778,79203854915,24617534146
1749223204012,package-0,5.163072,1.885615,79214262359,24621384173
1749223206012,package-0,5.333239,1.959345,79224719181,24625213692
1749223208012,package-0,5.288866,1.930171,79235224891,24629061583
1749223210012,package-0,5.298937,1.943477,79245776866,24632936085
1749223212013,package-0,5.27672,1.958125,79256322860,24636831949
1749223214013,package-0,5.187548,1.901606,79266742755,24640683318
1749223216012,package-0,5.21068,1.9201,79277028495,24644493428
1749223218012,package-0,5.207811,1.928462,79287289333,24648277842
1749223220012,package-0,5.213854,1.92956,79297680237,24652128540
1749223222012,package-0,5.190844,1.927668,79308054966,24655978933
1749223224012,package-0,5.141649,1.906001,79318333443,24659780071
1749223226012,package-0,5.224963,1.919062,79328579633,24663510957
1749223228013,package-0,5.287951,1.934017,79339158036,24667389488
1749223230012,package-0,5.291796,1.945612,79349708851,24671271130
1749223232012,package-0,5.277513,1.946772,79360267723,24675148928
1749223234012,package-0,5.302049,1.955805,79370852962,24679036613
1749223236012,package-0,5.277574,1.942683,79381386565,24682909223
1749223238012,package-0,5.284411,1.948298,79391876468,24686817111
1749223240012,package-0,5.247118,1.934627,79402347266,24690717004
1749223242012,package-0,5.08391,1.847834,79412620372,24694513136
1749223244012,package-0,5.234423,1.92187,79422985153,24698298771
1749223246012,package-0,5.195604,1.947932,79433250324,24702122187
1749223248012,package-0,4.967944,1.790645,79443310479,24705775559
1749223250012,package-0,5.273057,1.927485,79453786465,24709609045
1749223252012,package-0,5.286547,1.943415,79464349915,24713487941
1749223254012,package-0,5.317492,1.954036,79474955601,24717384782
1749223256012,package-0,5.292406,1.945613,79485510200,24721260749
1749223258012,package-0,5.308092,1.95312,79496096965,24725148068
1749223260012,package-0,5.514756,2.002985,79506880812,24729081651
1749223262012,package-0,5.304185,1.945186,79517471727,24732969337
1749223264012,package-0,5.273912,1.980097,79528000753,24736904751
1749223266012,package-0,5.240588,1.961543,79538370783,24740770342
1749223268012,package-0,5.180346,1.932735,79548606291,24744552071
1749223270012,package-0,5.249315,1.934077,79559110781,24748431028
1749223272012,package-0,5.263719,1.951533,79569555334,24752327869
1749223274012,package-0,5.225573,1.919551,79579910166,24756143594
1749223276012,package-0,5.236315,1.928401,79590277266,24759987273
1749223278012,package-0,5.119311,1.878779,79600520221,24763771931
1749223280012,package-0,5.247423,1.935786,79610943656,24767641001
1749223282014,package-0,5.233873,1.9107,79621248439,24771436218
1749223284012,package-0,5.131091,1.853694,79631395142,24775114126
1749223286012,package-0,5.303514,1.949214,79641957065,24778998882
1749223288017,package-0,5.164842,1.919551,79652437690,24782871126
1749223290012,package-0,5.261705,1.958064,79662772014,24786704978
1749223292012,package-0,5.266771,1.953182,79673210342,24790584241
1749223294012,package-0,5.250719,1.946528,79683589222,24794442629
1749223296012,package-0,5.130908,1.878108,79693952355,24798278435
1749223298012,package-0,5.258349,1.952632,79704457394,24802186689
1749223300012,package-0,5.25963,1.939937,79714961334,24806092746
1749223302012,package-0,5.249925,1.931269,79725161991,24809818505
1749223304012,package-0,5.257311,1.928339,79735654946,24813663893
1749223306012,package-0,5.24724,1.921443,79746118725,24817502629
1749223308012,package-0,5.223864,1.913813,79756584824,24821338190
1749223310012,package-0,5.123461,1.90716,79766953632,24825171371
1749223312012,package-0,5.201647,1.927729,79777400383,24829065221
1749223314012,package-0,5.26964,1.932002,79787657681,24832812465
1749223316012,package-0,5.287035,1.939875,79798199707,24836686417
1749223318012,package-0,5.283861,1.956782,79808755466,24840578680
1749223320012,package-0,5.519395,2.00323,79819563239,24844517452
1749223322012,package-0,5.28734,1.94073,79830116984,24848399644
1749223324012,package-0,5.285326,1.944453,79840684157,24852286048
1749223326012,package-0,5.29265,1.953548,79851261156,24856188382
1749223328012,package-0,5.297227,1.946834,79861845235,24860071917
1749223330012,package-0,5.13518,1.925594,79872253900,24863936348
1749223332012,package-0,5.216723,1.928034,79882690702,24867819272
1749223334013,package-0,5.175219,1.89764,79892829165,24871513416
1749223336014,package-0,5.259874,1.924616,79903324438,24875358193
1749223338012,package-0,5.255052,1.935054,79913808359,24879210601
1749223340012,package-0,5.25487,1.921137,79924297224,24883055683
1749223342017,package-0,5.257555,1.928645,79934808672,24886913279
1749223344012,package-0,5.285692,1.935969,79945310109,24890761657
1749223346012,package-0,5.291979,1.944392,79955888452,24894652883
1749223348013,package-0,5.29967,1.953364,79966480588,24898565898
1749223350012,package-0,5.266649,1.946895,79976991974,24902445832
1749223352012,package-0,5.188829,1.929377,79987286198,24906305868
1749223354012,package-0,5.302721,1.947566,79997681130,24910112499
1749223356021,package-0,5.293504,1.939204,80008276989,24914010377
1749223358012,package-0,5.286913,1.948115,80018780808,24917884696
1749223360012,package-0,5.272021,1.934382,80029336201,24921761822
1749223362012,package-0,5.218737,1.952937,80039759758,24925636873
1749223364012,package-0,5.10509,1.854915,80049952176,24929345665
1749223366012,package-0,5.249071,1.919794,80060412110,24933182874
1749223368012,package-0,5.240587,1.921626,80070884739,24937028141
1749223370012,package-0,5.272508,1.941523,80081376289,24940889825
1749223372012,package-0,5.254809,1.970637,80091733502,24944757613
1749223374012,package-0,5.100694,1.916255,80102061905,24948588719
1749223376012,package-0,5.216478,1.961054,80112510792,24952487268
1749223378012,package-0,5.220263,1.9508,80122857751,24956316482
1749223380012,package-0,5.392565,1.980097,80133497128,24960233342
1749223382012,package-0,5.274828,1.9779,80144031891,24964156611
1749223384012,package-0,5.223375,1.952632,80154467899,24968039231
1749223386012,package-0,5.17528,1.924129,80164883034,24971907324
1749223388012,package-0,5.221666,1.911494,80175352611,24975750881
1749223390015,package-0,5.209337,1.940913,80185850204,24979625932
1749223392012,package-0,5.210375,1.934748,80196234272,24983469916
1749223394012,package-0,5.171861,1.917353,80206623527,24987327389
1749223396012,package-0,5.094836,1.854304,80216665372,24990998278
1749223398012,package-0,5.231676,1.913081,80227108888,24994820229
1749223400012,package-0,5.224047,1.916866,80237563695,24998652800
1749223402012,package-0,5.236009,1.925166,80247999703,25002477924
1749223404012,package-0,5.285692,1.939204,80258510663,25006327585
1749223406012,package-0,5.286974,1.936519,80269058304,25010205932
1749223408012,package-0,5.242784,1.922847,80279567127,25014054494
1749223410012,package-0,5.25078,1.924434,80290057274,25017888163
1749223412012,package-0,5.244737,1.957332,80300526424,25021790314
1749223414012,package-0,5.122668,1.897212,80310929230,25025624227
1749223416012,package-0,5.068591,1.855098,80321220341,25029425609
1749223418012,package-0,5.228563,1.940119,80331685890,25033319886
1749223420012,package-0,5.254808,1.946834,80342184765,25037221427
1749223422012,package-0,5.083239,1.849116,80352170884,25040844891
1749223424012,package-0,5.231737,1.910457,80362612996,25044664889
1749223426012,package-0,5.238817,1.91363,80373068719,25048491661
1749223428012,package-0,5.23137,1.917903,80383527371,25052321730
1749223430012,package-0,5.264513,1.926143,80394021607,25056169193
1749223432012,package-0,5.277025,1.934626,80404560948,25060037774
1749223434020,package-0,5.269396,1.942438,80415150704,25063926741
1749223436012,package-0,5.24254,1.968074,80425462628,25067772801
1749223438012,package-0,5.059863,1.844355,80435747941,25071548914
1749223440012,package-0,5.492112,1.996699,80446525501,25075479385
1749223442012,package-0,5.274828,1.934932,80457080467,25079346685
1749223444012,package-0,5.282213,1.937068,80467640559,25083225520
1749223446012,package-0,5.242723,1.968318,80478115996,25087115647
1749223448012,package-0,5.05321,1.842891,80488366947,25090869666
1749223450012,package-0,5.295152,1.945735,80498931983,25094748928
1749223452012,package-0,5.262316,1.931513,80509452037,25098610124
1749223454012,package-0,5.244188,1.919307,80519964949,25102465278
1749223456012,package-0,5.095079,1.896907,80530171710,25106250791
1749223458012,package-0,5.066332,1.837153,80540470390,25110037402
1749223460012,package-0,5.234605,1.907893,80550841579,25113820962
1749223462012,package-0,5.23955,1.923396,80561319214,25117673064
1749223464012,package-0,5.279161,1.941462,80571847751,25121529682
1749223466012,package-0,5.259203,1.950373,80582347724,25125409494
1749223468012,package-0,5.200426,1.899714,80592770061,25129248107
1749223470013,package-0,5.286669,1.9331,80603310195,25133117421
1749223472012,package-0,4.968127,1.802852,80613528309,25136845134
1749223474012,package-0,5.199572,1.904475,80623938438,25140662690
1749223476012,package-0,5.13225,1.898555,80634332088,25144489951
1749223478012,package-0,5.266893,1.962947,80644797943,25148399670
1749223480012,package-0,5.233385,1.928828,80655055729,25152144716
1749223482012,package-0,5.230273,1.924739,80665516213,25155989555
1749223484012,package-0,5.247789,1.922786,80675985851,25159827009
1749223486012,package-0,5.232042,1.923274,80686433334,25163669528
1749223488012,package-0,5.220751,1.925777,80696852253,25167541772
1749223490012,package-0,5.210375,1.93127,80707081902,25171336318
1749223492012,package-0,5.265245,1.935786,80717498623,25175197270
1749223494012,package-0,5.238451,1.928401,80727910096,25179066217
1749223496012,package-0,5.261339,1.951655,80738381871,25182970626
1749223498012,package-0,5.276109,1.961787,80748894844,25186898412
1749223500012,package-0,5.23955,1.888362,80759130170,25190631129
1749223502012,package-0,5.283128,1.948177,80769683121,25194510453
1749223504012,package-0,5.298448,1.942927,80780257496,25198394293
1749223506012,package-0,5.282091,1.940425,80790798546,25202269039
1749223508012,package-0,5.278307,1.93896,80801357845,25206146531
1749223510012,package-0,5.274889,1.93481,80811904632,25210019080
1749223512012,package-0,5.280382,1.941645,80822459170,25213899746
1749223514012,package-0,5.228319,1.920528,80832960791,25217749468
1749223516012,package-0,5.239428,1.919245,80843425242,25221581367
1749223518012,package-0,5.086107,1.884516,80853721297,25225376096
