Timestamp,Domain,Power (Watts),DRAM Power (Watts), Energy (micro joules), DRAM Energy (micro joules)
1749220771113,package-0,7.868937,4.645984,66543474240,19536233617
1749220773005,package-0,8.210856,4.85155,66558758808,19545284436
1749220775005,package-0,8.263041,4.873828,66575218483,19554999560
1749220777005,package-0,8.039347,4.733814,66591401180,19564539636
1749220779008,package-0,8.148966,4.840808,66607725296,19574122314
1749220781005,package-0,8.28129,4.853381,66624103245,19583758459
1749220783006,package-0,8.138468,4.780627,66640465142,19593334423
1749220785005,package-0,8.252238,4.796497,66656912976,19602960375
1749220787005,package-0,8.074748,4.65221,66673216828,19612382958
1749220789005,package-0,8.31022,4.816271,66689781910,19622026976
1749220791012,package-0,8.285258,4.794239,66706215340,19631541540
1749220793005,package-0,8.233988,4.76073,66722655727,19641022045
1749220795005,package-0,8.174967,4.683825,66739110214,19650490282
1749220797005,package-0,8.324991,4.797961,66755730472,19660094628
1749220799006,package-0,8.379495,4.811267,66772303732,19669654601
1749220801005,package-0,5.089159,1.967525,66785690966,19676337934
1749220803009,package-0,4.9099,1.850093,66795494103,19680024570
1749220805006,package-0,4.894519,1.823543,66805169371,19683632410
1749220807005,package-0,4.844531,1.797298,66814873142,19687246048
1749220809006,package-0,4.886951,1.854671,66824565989,19690891119
1749220811006,package-0,4.874683,1.84283,66834309006,19694569882
1749220813007,package-0,4.84685,1.807796,66844089498,19698228564
1749220815005,package-0,4.831408,1.726925,66853697872,19701744119
1749220817006,package-0,4.943347,1.855158,66863439119,19705345000
1749220819007,package-0,4.989428,1.880123,66873389716,19709087606
1749220821006,package-0,4.841968,1.812435,66883105878,19712718517
1749220823005,package-0,4.974658,1.885066,66892914630,19716417238
1749220825009,package-0,4.967822,1.869319,66902825737,19720144584
1749220827011,package-0,4.865833,1.806758,66912630766,19723799116
1749220829006,package-0,4.975939,1.858393,66922472598,19727486484
1749220831007,package-0,4.914111,1.860713,66932275491,19731194422
1749220833007,package-0,4.845386,1.821895,66941990737,19734850235
1749220835008,package-0,4.93474,1.859004,66951664601,19738482367
1749220837009,package-0,5.010241,1.885676,66961585413,19742218136
1749220839006,package-0,4.931201,1.828181,66971449524,19745910082
1749220841006,package-0,4.90874,1.847285,66981075476,19749541237
1749220843007,package-0,4.959216,1.864558,66990979686,19753262724
1749220845005,package-0,8.247659,4.768542,67006227999,19761720466
1749220847005,package-0,8.113199,4.663502,67022587332,19771151290
1749220849005,package-0,8.313272,4.809435,67039045298,19780677937
1749220851005,package-0,6.21849,2.978996,67053359959,19788309998
1749220853005,package-0,4.913501,1.851558,67063219675,19792032950
1749220855009,package-0,4.847216,1.80218,67072984847,19795679730
1749220857006,package-0,4.827868,1.810847,67082551595,19799266940
1749220859006,package-0,4.958484,1.862056,67092389522,19802965417
1749220861005,package-0,4.966356,1.858455,67102548553,19806734878
1749220863005,package-0,4.910022,1.836054,67112320196,19810379277
1749220865006,package-0,5.003711,1.876887,67122287822,19814124324
1749220866011,package-0,4.960558,1.860103,67127263700,19815988211
1749220868005,package-0,4.593555,1.615108,67136709477,19819401288
1749220870006,package-0,6.522261,3.223258,67148089147,19824354217
1749220872005,package-0,8.145976,4.66753,67164349482,19833747321
1749220874005,package-0,8.189066,4.720935,67180566786,19843137311
1749220876005,package-0,8.096171,4.695606,67196669956,19852418843
1749220878005,package-0,8.005717,4.605396,67212906547,19861768184
1749220880005,package-0,6.833844,3.529532,67227971999,19870059423
1749220882006,package-0,4.988451,1.878291,67237906605,19873795741
1749220884005,package-0,4.964526,1.862544,67247760706,19877487870
1749220886005,package-0,4.917895,1.814509,67257601318,19881129157
1749220888006,package-0,4.945666,1.853999,67267416479,19884816709
1749220890005,package-0,4.954516,1.86108,67277328746,19888530506
1749220892006,package-0,4.823963,1.804622,67286986009,19892119303
1749220894006,package-0,5.571763,1.862239,67297787189,19895843658
1749220896006,package-0,4.95061,1.849482,67307631586,19899501974
1749220897014,package-0,4.823657,1.79095,67312465252,19901294877
1749220899008,package-0,4.876086,1.827144,67322168536,19904926094
1749220901005,package-0,4.932482,1.849971,67331995781,19908618345
1749220903005,package-0,4.745898,1.768306,67341657133,19912223438
1749220905006,package-0,4.86455,1.833858,67351203312,19915792887
1749220907005,package-0,4.958666,1.86114,67360963053,19919455292
1749220909006,package-0,4.926501,1.841121,67370733353,19923115439
1749220911005,package-0,4.883959,1.842891,67380377798,19926721997
1749220913005,package-0,4.931506,1.853267,67390182827,19930409793
1749220915009,package-0,4.890124,1.838069,67400011842,19934097894
1749220917005,package-0,4.754932,1.774776,67409610634,19937672531
1749220919006,package-0,4.725207,1.644466,67418960585,19941001074
1749220921005,package-0,4.891772,1.817195,67428958851,19944708768
1749220923006,package-0,5.284167,2.148859,67439090600,19948682573
1749220925005,package-0,8.173135,4.738452,67455302838,19958048333
1749220927005,package-0,8.179606,4.697803,67471622072,19967422394
1749220929005,package-0,8.206278,4.716907,67487990072,19976873175
1749220931005,package-0,8.22941,4.771777,67504358743,19986325299
1749220933005,package-0,8.211161,4.745898,67520696592,19995737140
1749220935005,package-0,8.20402,4.723377,67537064409,20005124873
1749220936007,package-0,8.132853,4.647266,67545213741,20009781538
1749220937010,package-0,8.152872,4.683765,67553382726,20014483430
1749220939005,package-0,8.102152,4.661121,67569643549,20023873238
1749220941005,package-0,8.249491,4.773608,67585970717,20033310408
1749220943005,package-0,4.980884,1.86938,67596025562,20037133885
1749220945005,package-0,4.938708,1.850032,67605795190,20040783595
1749220947005,package-0,5.001086,1.876521,67615732909,20044520646
1749220949006,package-0,4.962512,1.855037,67625664341,20048244330
1749220951006,package-0,4.908374,1.853144,67635379648,20051877316
1749220953005,package-0,4.971484,1.882258,67645321456,20055629077
1749220955005,package-0,4.836658,1.808162,67655101033,20059288919
1749220957005,package-0,5.018542,1.832514,67664458492,20062595062
1749220959006,package-0,4.870105,1.829219,67674274202,20066275473
1749220961009,package-0,4.935046,1.844356,67684158271,20069984936
1749220963006,package-0,4.875049,1.830562,67693828717,20073609744
1749220965005,package-0,4.851184,1.808528,67703610858,20077275506
1749220967005,package-0,4.944079,1.84991,67713502922,20080982711
1749220969005,package-0,4.925951,1.854976,67723260221,20084643712
1749220971005,package-0,4.865161,1.836116,67733063175,20088328883
1749220973005,package-0,4.878894,1.827449,67742864419,20091991472
1749220975005,package-0,4.916613,1.865474,67752587966,20095646858
1749220977005,package-0,5.266954,1.857295,67762786365,20099354002
1749220979005,package-0,4.880297,1.815059,67773177940,20103031910
1749220980009,package-0,4.971728,1.803462,67778161997,20104839583
1749220982005,package-0,4.966417,1.869685,67788069320,20108573033
1749220984005,package-0,4.915576,1.826594,67797900777,20112253138
1749220986005,package-0,4.912463,1.847591,67807682185,20115913713
1749220988006,package-0,4.971728,1.872065,67817601716,20119645270
1749220990005,package-0,4.763049,1.713802,67827347540,20123237119
1749220992017,package-0,4.862414,1.842769,67837043072,20126890125
1749220994005,package-0,4.976367,1.867244,67846877581,20130584757
1749220996005,package-0,4.889331,1.811519,67856743156,20134266205
1749220998005,package-0,4.903613,1.850642,67866465726,20137895895
1749221000006,package-0,4.954333,1.856441,67876260989,20141575268
1749221002005,package-0,4.97185,1.865351,67886132729,20145270937
1749221004005,package-0,4.808825,1.796748,67895755751,20148857415
1749221006006,package-0,4.915209,1.851924,67905414662,20152480086
1749221008005,package-0,4.967638,1.866572,67915300745,20156194859
1749221010005,package-0,4.879565,1.808101,67925104187,20159855495
1749221012006,package-0,4.838062,1.816157,67934719336,20163445146
1749221014006,package-0,4.972338,1.872615,67944613292,20167173164
1749221016007,package-0,4.934984,1.846614,67954494309,20170883665
1749221018008,package-0,5.770737,2.62774,67965081929,20175306932
1749221020005,package-0,8.184183,4.716175,67981439187,20184731713
1749221022005,package-0,8.17631,4.723743,67997681760,20194091979
1749221024005,package-0,8.170328,4.692371,68014033647,20203506201
1749221026010,package-0,8.077616,4.633838,68030259069,20212850110
1749221028005,package-0,8.219584,4.710071,68046667963,20222306018
1749221030005,package-0,8.368203,4.830005,68063138074,20231809778
1749221032005,package-0,8.286844,4.810046,68079401705,20241212525
1749221034005,package-0,7.991069,4.601123,68095541678,20250531837
1749221036005,package-0,7.290447,3.904287,68110926709,20259128861
1749221038005,package-0,4.955492,1.863703,68120786486,20262807074
1749221040008,package-0,5.230944,1.933711,68130917747,20266594540
1749221042005,package-0,4.907214,1.820491,68140724179,20270256518
1749221044005,package-0,4.896838,1.8482,68150497958,20273929543
1749221046005,package-0,4.926868,1.849604,68160381173,20277642119
1749221048017,package-0,4.884631,1.841914,68170266340,20281367024
1749221050005,package-0,4.966845,1.86523,68180009113,20285032909
1749221052005,package-0,4.979785,1.872859,68189922235,20288755250
1749221054007,package-0,4.758227,1.735347,68199594573,20292316825
1749221056005,package-0,4.907275,1.836605,68208996160,20295666915
1749221058005,package-0,4.916064,1.842281,68218688885,20299258153
1749221060005,package-0,4.865405,1.807002,68228460161,20302907069
1749221062005,package-0,4.832751,1.81811,68238149467,20306533891
1749221064005,package-0,4.894946,1.830195,68247913114,20310185737
1749221066005,package-0,4.865954,1.807491,68257674197,20313831114
1749221068005,package-0,4.874621,1.837519,68267334268,20317447193
1749221070005,package-0,4.927783,1.852351,68277140090,20321140177
1749221072005,package-0,4.872485,1.824153,68286901906,20324804108
1749221074005,package-0,4.760547,1.770686,68296525172,20328384421
1749221076006,package-0,4.828845,1.825984,68306087953,20331968701
1749221078005,package-0,4.966417,1.86584,68315969702,20335686526
1749221080005,package-0,4.83678,1.795711,68325729199,20339328241
1749221082006,package-0,4.934131,1.85638,68335553637,20343021469
1749221084006,package-0,4.976611,1.869868,68345494468,20346751134
1749221086005,package-0,4.851489,1.810786,68355252561,20350385158
1749221088005,package-0,4.962756,1.88,68365100009,20354102190
1749221089009,package-0,4.975695,1.878718,68370085653,20355982800
1749221091007,package-0,4.949328,1.861262,68379951228,20359691836
1749221093005,package-0,4.832629,1.803157,68389588044,20363278497
1749221095005,package-0,4.90581,1.84405,68399344489,20366941634
1749221097005,package-0,4.943042,1.856624,68409196698,20370640661
1749221099005,package-0,4.82323,1.80035,68418927752,20374278286
1749221101005,package-0,4.880054,1.829463,68428767815,20377933916
1749221103005,package-0,4.922229,1.853205,68438575529,20381626655
1749221105005,package-0,4.865588,1.809993,68448383609,20385290159
1749221107006,package-0,4.753101,1.767146,68457958658,20388863087
1749221109005,package-0,4.989306,1.878047,68467898757,20392605692
1749221111005,package-0,4.972033,1.868342,68477831532,20396339020
1749221113005,package-0,4.828845,1.801937,68487519861,20399942710
1749221115005,package-0,4.980395,1.877071,68497409607,20403669202
1749221117005,package-0,4.981616,1.87701,68507355016,20407408084
1749221119005,package-0,4.834766,1.822688,68517073253,20411059197
1749221121005,package-0,4.916674,1.840694,68526585740,20414474411
1749221123005,package-0,4.862414,1.829646,68536314719,20418095312
1749221125005,package-0,4.854846,1.802242,68546116879,20421756741
1749221127005,package-0,4.862109,1.838313,68555797702,20425395647
1749221129005,package-0,4.914294,1.850581,68565463815,20429030831
1749221131005,package-0,4.836597,1.816889,68575217269,20432693724
1749221133005,package-0,6.89964,3.616201,68586956191,20438113388
1749221135005,package-0,8.152445,4.694995,68603323276,20447541953
1749221137005,package-0,8.212015,4.73125,68619801932,20457070981
1749221139005,package-0,8.278543,4.808886,68636116283,20466486057
1749221141005,package-0,8.016215,4.607471,68652318756,20475795787
1749221143005,package-0,8.10856,4.656483,68668605518,20485191210
1749221145005,package-0,8.281717,4.785998,68685288886,20494811546
1749221147005,package-0,6.477523,3.239005,68699605195,20502541507
1749221149005,package-0,4.788379,1.734187,68709338752,20506134088
1749221151006,package-0,4.826159,1.815853,68719086468,20509790146
1749221152013,package-0,4.767932,1.785823,68723878692,20511586833
1749221154006,package-0,4.864795,1.822505,68733660894,20515262910
1749221156005,package-0,4.934497,1.849056,68743500041,20518957481
1749221158005,package-0,4.813464,1.796565,68753086381,20522526380
1749221160005,package-0,5.106188,1.886775,68762964652,20526197025
1749221162005,package-0,4.96953,1.868953,68772750088,20529883173
1749221164005,package-0,4.8698,1.809626,68782563906,20533549606
1749221166005,package-0,4.832873,1.725704,68791893960,20536861915
1749221168005,package-0,4.909228,1.84521,68801734389,20540554044
1749221170005,package-0,4.928698,1.850459,68811554127,20544248737
1749221172005,package-0,4.778797,1.791377,68821158656,20547842477
1749221174005,package-0,4.933276,1.842036,68831002869,20551531921
1749221176005,package-0,4.970874,1.861567,68840866369,20555237783
1749221178005,package-0,4.896288,1.824215,68850554332,20558842938
1749221180005,package-0,4.867663,1.831538,68860328416,20562528231
1749221182005,package-0,4.914783,1.83105,68870178062,20566238426
1749221184005,package-0,4.693958,1.752376,68879705625,20569788344
1749221186005,package-0,4.926013,1.839839,68889491428,20573464421
1749221188005,package-0,4.970873,1.857905,68899392464,20577177119
1749221190005,package-0,4.895495,1.840693,68909202070,20580850083
1749221192005,package-0,4.985583,1.871822,68919084308,20584566566
1749221194005,package-0,4.822558,1.764766,68928835260,20588184720
1749221196005,package-0,4.811022,1.80749,68938456939,20591781940
1749221198005,package-0,4.976184,1.874873,68948358709,20595515573
1749221200005,package-0,4.920032,1.842159,68958142192,20599183899
1749221202005,package-0,4.651966,1.725337,68967551897,20602670523
1749221204005,package-0,4.891467,1.842952,68977242180,20606324139
1749221206005,package-0,4.846485,1.811457,68986978117,20609968844
1749221208005,package-0,4.750538,1.769161,68996597416,20613555383
1749221210005,package-0,4.864185,1.841975,69006317606,20617223281
1749221212005,package-0,4.95,1.858515,69016184646,20620934392
1749221214005,package-0,4.818408,1.780452,69025887929,20624545955
1749221216005,package-0,4.920336,1.865901,69035616969,20628209764
1749221218005,package-0,4.91228,1.842586,69045448670,20631904457
1749221220005,package-0,5.132922,1.873652,69055539892,20635636808
1749221222005,package-0,4.96477,1.870783,69065337596,20639304340
1749221224005,package-0,4.92174,1.817806,69075210129,20642980784
1749221226005,package-0,4.900622,1.822383,69085066244,20646661621
1749221228005,package-0,4.429615,1.527096,69094303647,20649982536
1749221230006,package-0,4.858081,1.783687,69104153537,20653599592
1749221232005,package-0,4.951891,1.859553,69114014534,20657300937
1749221234005,package-0,4.837024,1.815975,69123769759,20660954859
1749221236005,package-0,5.303392,1.829585,69133808551,20664544327
1749221238005,package-0,4.921008,1.850459,69144060356,20668238043
1749221240005,package-0,4.87456,1.822078,69153858243,20671906247
1749221242005,package-0,4.850818,1.821467,69163573612,20675557360
1749221244005,package-0,4.898364,1.835567,69173317178,20679223794
1749221246005,package-0,4.936145,1.846308,69183136794,20682902129
1749221248005,package-0,4.923266,1.852534,69192918202,20686571553
1749221250005,package-0,4.923877,1.841121,69202775965,20690265209
1749221252005,package-0,4.839404,1.796505,69212566162,20693920412
1749221254005,package-0,4.931812,1.847163,69222363989,20697595634
1749221256005,package-0,4.918017,1.808162,69232235118,20701271467
1749221258005,package-0,4.840381,1.804378,69241951768,20704900547
1749221260005,package-0,4.959155,1.874385,69251822531,20708634302
1749221262005,package-0,4.905383,1.832515,69261662960,20712334671
1749221264005,package-0,4.818958,1.786922,69271368197,20715959235
1749221266005,package-0,4.830066,1.81042,69280915780,20719539181
1749221268005,package-0,4.915392,1.851924,69290709028,20723229297
1749221270005,package-0,4.932238,1.857784,69300554462,20726940591
1749221272005,package-0,4.819385,1.810603,69310137934,20730508025
1749221274005,package-0,4.962573,1.866023,69319881378,20734170064
1749221276005,package-0,5.003222,1.877315,69329813176,20737895519
1749221278005,package-0,4.856066,1.78979,69339543742,20741502138
1749221280006,package-0,5.145067,1.891292,69349635269,20745254326
1749221282015,package-0,4.970813,1.86822,69359630300,20749014936
1749221284005,package-0,4.780566,1.798091,69369227870,20752606785
1749221286005,package-0,4.813526,1.818416,69378919191,20756263941
1749221288005,package-0,4.917407,1.853694,69388710548,20759956253
1749221290005,package-0,4.936266,1.8399,69398484326,20763612189
1749221292005,package-0,4.543201,1.623226,69407726612,20766969236
1749221294005,package-0,4.929492,1.848323,69417408716,20770489124
1749221296005,package-0,4.834155,1.820613,69427091736,20774073344
1749221298005,package-0,4.841052,1.792293,69436885961,20777725617
1749221300005,package-0,4.93651,1.863032,69446629161,20781394553
1749221302005,package-0,4.886889,1.847224,69456438218,20785095288
1749221304005,package-0,4.846667,1.812983,69466196372,20788752383
1749221306005,package-0,4.860645,1.84228,69475891233,20792403741
1749221308005,package-0,4.984362,1.875972,69485719332,20796103439
1749221310005,package-0,4.902209,1.826533,69495480233,20799757665
1749221312005,package-0,4.906665,1.860041,69505172652,20803393764
1749221314005,package-0,4.941821,1.855647,69515074787,20807119524
1749221316005,package-0,4.875781,1.812312,69524899591,20810792488
1749221318005,package-0,4.880664,1.842708,69534602264,20814426817
1749221320005,package-0,5.452317,1.86883,69544984195,20818159473
1749221322005,package-0,4.876392,1.828914,69555170754,20821847208
1749221324005,package-0,4.83977,1.818721,69564830458,20825474640
1749221326005,package-0,4.913623,1.842036,69574624867,20829152792
1749221328005,package-0,4.931628,1.849178,69584475793,20832855725
1749221330005,package-0,4.737903,1.777278,69594013306,20836418277
1749221332005,package-0,4.901843,1.840572,69603711950,20840060907
1749221334005,package-0,4.906298,1.841853,69613505504,20843731063
1749221336005,package-0,4.768298,1.766108,69623195360,20847339391
1749221338005,package-0,4.852283,1.832454,69632826256,20850959988
1749221340005,package-0,5.108751,1.883906,69642869992,20854705156
1749221342005,package-0,4.877917,1.812557,69652673861,20858373360
1749221344005,package-0,4.802844,1.798275,69662271554,20861963561
1749221346005,package-0,5.373155,2.220758,69672548383,20866033374
1749221348005,package-0,8.147685,4.658252,69688877382,20875389307
1749221350005,package-0,8.148661,4.681628,69705255575,20884793519
1749221352005,package-0,8.112162,4.645252,69720777813,20893501810
1749221354005,package-0,8.048197,4.608692,69736870118,20902770402
1749221356005,package-0,8.025004,4.598804,69753119527,20912129387
1749221358005,package-0,8.124674,4.679309,69769232950,20921396697
1749221360005,package-0,4.793994,1.80743,69781942085,20927712477
1749221362005,package-0,5.479661,1.853022,69792156597,20931266117
1749221364005,package-0,4.953905,1.860408,69802266007,20934944209
1749221366005,package-0,4.760852,1.787226,69811800407,20938522324
1749221368005,package-0,4.904651,1.839962,69821511747,20942181129
1749221370005,package-0,4.915575,1.852413,69831299441,20945869474
1749221372005,package-0,4.785876,1.784481,69840887002,20949435566
1749221374005,package-0,4.868823,1.820124,69850486282,20953020639
1749221376005,package-0,4.90227,1.833918,69860292714,20956698181
1749221378005,package-0,4.859362,1.81036,69870115992,20960369559
1749221380005,package-0,4.888843,1.833003,69879898011,20964033978
1749221382005,package-0,4.93413,1.857295,69889704809,20967725680
1749221383008,package-0,4.87218,1.826655,69894586511,20969554044
1749221385005,package-0,4.701465,1.761226,69904054138,20973086018
1749221387005,package-0,4.884631,1.838069,69913737463,20976718394
1749221389005,package-0,4.851306,1.817439,69923431774,20980349854
1749221391005,package-0,4.79784,1.79272,69933080309,20983958121
1749221393005,package-0,4.813098,1.808406,69942633202,20987538678
1749221395005,package-0,4.901172,1.835994,69952443785,20991224155
1749221397005,package-0,4.974231,1.861506,69962333408,20994935266
1749221399005,package-0,4.883227,1.83874,69972033578,20998568252
1749221400007,package-0,5.204149,1.935908,69977251094,21000508433
1749221402005,package-0,4.820728,1.749752,69987021211,21004117677
1749221404005,package-0,5.408007,1.810176,69997327276,21007749991
1749221406005,package-0,4.810474,1.70898,70006921978,21011028914
1749221408008,package-0,4.911791,1.850276,70016756913,21014724217
1749221410006,package-0,5.002245,1.872066,70026691702,21018452418
1749221412005,package-0,4.793872,1.795284,70036344510,21022067277
1749221414005,package-0,4.923144,1.851131,70046139345,21025750983
1749221416005,package-0,4.935168,1.85882,70056008461,21029460934
1749221417009,package-0,4.912402,1.837214,70060936183,21031303703
1749221419005,package-0,4.876086,1.840877,70070572449,21034920088
1749221421005,package-0,4.887194,1.837825,70080361914,21038607334
1749221423005,package-0,4.894092,1.827082,70090240124,21042314539
1749221425005,package-0,4.946338,1.866206,70100034044,21045986283
1749221427005,package-0,4.973559,1.864253,70109947654,21049712042
1749221429005,package-0,4.862353,1.797725,70119696042,21053326108
1749221431005,package-0,4.840076,1.825069,70129337497,21056947742
1749221433005,package-0,4.912157,1.838924,70139184578,21060648599
1749221435005,package-0,4.954944,1.850703,70149109053,21064368560
1749221437005,package-0,4.872241,1.826899,70158843464,21068003499
1749221439005,package-0,4.952136,1.857905,70168657587,21071696483
1749221441005,package-0,4.939563,1.857356,70178472808,21075380250
1749221443005,package-0,4.757068,1.782222,70188047124,21078945793
1749221445005,package-0,4.950793,1.865046,70197816020,21082629377
1749221447005,package-0,5.215013,1.840083,70208500441,21086314854
1749221449008,package-0,4.801074,1.783199,70218251698,21089954554
1749221451005,package-0,4.897693,1.845943,70227902003,21093584550
1749221453005,package-0,4.912586,1.846614,70237731812,21097283576
1749221455005,package-0,4.842028,1.80035,70247499059,21100933225
1749221457005,package-0,4.834704,1.795894,70257147289,21104531055
1749221459005,package-0,4.966906,1.868526,70267072862,21108270120
1749221461005,package-0,4.935717,1.840755,70277196371,21112029815
1749221463005,package-0,4.876758,1.82983,70286895138,21115653097
1749221465005,package-0,4.959337,1.871577,70296796052,21119384288
1749221467005,package-0,4.939075,1.841182,70306680488,21123085268
1749221469005,package-0,4.588611,1.553524,70316125776,21126458001
1749221471005,package-0,4.873706,1.791682,70325881305,21130065169
1749221473005,package-0,4.947863,1.861262,70335663140,21133742711
1749221475005,package-0,4.759631,1.777889,70345318999,21137353725
1749221477005,package-0,4.891161,1.842219,70355030461,21140990922
1749221479005,package-0,4.922473,1.852107,70364871623,21144698127
1749221481005,package-0,4.869677,1.821101,70374576920,21148349119
1749221483006,package-0,4.842211,1.827754,70384185782,21151966541
1749221485005,package-0,4.940905,1.85815,70394025662,21155665873
1749221487005,package-0,4.939807,1.842951,70403876040,21159358978
1749221489005,package-0,5.188341,1.843257,70414392492,21162985190
1749221491005,package-0,4.942126,1.855281,70424255565,21166687512
1749221493005,package-0,4.869677,1.805842,70433983323,21170285830
1749221495005,package-0,4.916003,1.859004,70443817405,21173985406
1749221497009,package-0,4.938098,1.862117,70453752316,21177728255
1749221499005,package-0,4.834521,1.802119,70463497957,21181390111
1749221501005,package-0,4.906481,1.849361,70473226936,21185046413
1749221503005,package-0,4.958484,1.867732,70483108320,21188766923
1749221505005,package-0,4.917162,1.833248,70492955218,21192447578
1749221507005,package-0,4.885424,1.82928,70502642327,21196074644
1749221509005,package-0,4.934313,1.852046,70512511259,21199780994
1749221511005,package-0,4.943835,1.854426,70522414005,21203502420
1749221513005,package-0,4.841418,1.815303,70532064188,21207109528
1749221515005,package-0,4.96007,1.854609,70541966445,21210823263
1749221517005,package-0,4.915575,1.830196,70551854237,21214526684
1749221519005,package-0,4.935046,1.866999,70561597560,21218161745
1749221520013,package-0,5.20714,1.934138,70566849865,21220111081
1749221522005,package-0,4.958666,1.873653,70576698717,21223822925
1749221524005,package-0,4.846668,1.821223,70586419884,21227461770
1749221526005,package-0,5.006701,1.879817,70596370725,21231205169
1749221528005,package-0,4.983081,1.87707,70606317050,21234942708
1749221530005,package-0,4.823535,1.81103,70615972603,21238540050
1749221532005,package-0,4.838489,1.716365,70625180954,21241752566
1749221534005,package-0,4.785999,1.744502,70634878134,21245341729
1749221536006,package-0,4.848315,1.807185,70644603817,21248978439
1749221538017,package-0,4.821521,1.813349,70654271212,21252599523
1749221540005,package-0,4.875964,1.827938,70663790657,21256179898
1749221542005,package-0,4.895434,1.837092,70673532087,21259842913
1749221544005,package-0,4.824511,1.802303,70683110859,21263417245
1749221546005,package-0,4.886645,1.844477,70692851801,21267089293
1749221547007,package-0,4.926562,1.852596,70697783612,21268943781
1749221549005,package-0,4.925952,1.851009,70707614581,21272642258
1749221551005,package-0,4.807971,1.801143,70717247613,21276237341
1749221553005,package-0,4.923144,1.85345,70727105498,21279951321
1749221555005,package-0,4.948657,1.844966,70736871525,21283548114
1749221557005,package-0,4.801684,1.792476,70746508402,21287140573
1749221559005,package-0,4.932361,1.856868,70756389908,21290868957
1749221561005,package-0,4.933276,1.849666,70766235647,21294571035
1749221563005,package-0,4.732593,1.766902,70775799709,21298131816
1749221565005,package-0,4.904834,1.841426,70785540346,21301799776
1749221567005,package-0,4.9229,1.84753,70795369361,21305489647
1749221569005,package-0,4.790759,1.786799,70804985791,21309065687
1749221571005,package-0,4.957141,1.865596,70814779529,21312745549
1749221573005,package-0,5.240649,1.871821,70825596579,21316486933
1749221575005,package-0,4.843982,1.816219,70835322689,21320129014
1749221577005,package-0,4.961413,1.870906,70845157197,21323825232
1749221579005,package-0,4.986559,1.882075,70855100653,21327573025
1749221581005,package-0,4.830127,1.802119,70865008221,21331236956
1749221583017,package-0,4.929248,1.857966,70874917131,21334963021
1749221585005,package-0,4.968066,1.863948,70884745048,21338659850
1749221587005,package-0,4.80028,1.792293,70894471402,21342303273
1749221589005,package-0,4.947131,1.870112,70904249759,21345975505
1749221591005,package-0,4.959826,1.862605,70914153298,21349693635
1749221593005,package-0,4.824694,1.803829,70923897169,21353334129
1749221595005,package-0,4.702625,1.648555,70932938101,21356461989
1749221597005,package-0,4.849536,1.790584,70942673183,21360091253
1749221599005,package-0,4.86632,1.821224,70952444093,21363753231
1749221601007,package-0,4.804431,1.799495,70962092445,21367369615
1749221603005,package-0,4.855334,1.82397,70971682508,21370959328
1749221605005,package-0,4.926684,1.855464,70981457874,21374640898
1749221607005,package-0,5.764511,2.621331,70992071616,21379076006
1749221609004,package-0,8.236917,4.742847,71008371257,21388494134
1749221611004,package-0,8.221781,4.747119,71024669006,21397914276
1749221613005,package-0,8.128641,4.691334,71040884052,21407250312
1749221615004,package-0,8.093669,4.639087,71057137185,21416604047
1749221617005,package-0,8.222452,4.73601,71073519101,21426061176
1749221619004,package-0,8.166728,4.719287,71089878129,21435491816
1749221621004,package-0,7.431317,4.124073,71105461280,21444301852
1749221623005,package-0,4.796313,1.806148,71115149548,21447962366
1749221625005,package-0,4.896655,1.835872,71124954272,21451647720
1749221627006,package-0,4.587573,1.674923,71134339074,21455121283
1749221629005,package-0,4.929553,1.85638,71144032348,21458766293
1749221631005,package-0,4.925708,1.855769,71153832433,21462441149
1749221633005,package-0,4.912463,1.836238,71163600840,21466073891
1749221635005,package-0,4.917773,1.826595,71173435349,21469750579
1749221637005,package-0,4.954821,1.862789,71183319723,21473469991
1749221639005,package-0,4.685474,1.698543,71192857235,21476980419
1749221641005,package-0,4.964892,1.866695,71202823762,21480578249
1749221643005,package-0,4.902942,1.843928,71212549873,21484186821
1749221645006,package-0,4.820239,1.79919,71222340985,21487849654
1749221647005,package-0,4.786243,1.792415,71231895221,21491415013
1749221649005,package-0,4.91344,1.844721,71241652032,21495082972
1749221651005,package-0,4.901599,1.834346,71251445464,21498753984
1749221653005,package-0,4.798633,1.78033,71261077703,21502322578
1749221655005,package-0,4.917285,1.840937,71270786662,21505959348
1749221657005,package-0,5.122302,1.847407,71281411147,21509619373
1749221659005,package-0,4.790332,1.785091,71290954762,21513130839
1749221661005,package-0,4.895434,1.842158,71300706568,21516796662
1749221663005,package-0,4.926135,1.85174,71310543213,21520496176
1749221665005,package-0,4.834887,1.807247,71320237341,21524118421
1749221667008,package-0,4.954638,1.868159,71330046459,21527818606
1749221669005,package-0,4.93645,1.854426,71339911485,21531519097
1749221671005,package-0,4.812854,1.798518,71349660423,21535165206
1749221673005,package-0,4.916125,1.847225,71359412778,21538836767
1749221675005,package-0,4.975634,1.868953,71369295687,21542542934
1749221677005,package-0,4.819263,1.806147,71379062264,21546196916
1749221679005,package-0,4.952136,1.862117,71388883589,21549886909
1749221681005,package-0,4.945361,1.850581,71398750995,21553596128
1749221683005,package-0,4.764514,1.757198,71408380182,21557162831
1749221685005,package-0,4.763782,1.740291,71418025299,21560734599
1749221687005,package-0,4.939318,1.857173,71427888066,21564432587
1749221689005,package-0,4.775378,1.774898,71437541972,21568040122
1749221691005,package-0,4.884021,1.843318,71447243852,21571687391
1749221693005,package-0,4.95653,1.848689,71457103751,21575385928
1749221695005,package-0,4.86449,1.806025,71466853055,21579016351
1749221697005,package-0,4.914844,1.84753,71476585818,21582663620
1749221699005,package-0,4.942126,1.858394,71486411781,21586357092
1749221700008,package-0,5.143786,1.906795,71491568934,21588268403
1749221702005,package-0,4.702381,1.750178,71501117005,21591816367
1749221704008,package-0,4.918262,1.843867,71510599281,21595201185
1749221706005,package-0,4.948901,1.862361,71520471814,21598914738
1749221708005,package-0,4.903308,1.837764,71530329943,21602611994
1749221710005,package-0,4.904346,1.843562,71539997460,21606229477
1749221712005,package-0,4.979967,1.873165,71549924741,21609956397
1749221714005,package-0,4.846973,1.801143,71559615879,21613580411
1749221716005,package-0,4.825244,1.819941,71569242685,21617192645
1749221718008,package-0,4.874682,1.82989,71579032943,21620863900
1749221720005,package-0,4.824756,1.789119,71588734945,21624477111
1749221722005,package-0,4.884326,1.835017,71598446895,21628119924
1749221724005,package-0,6.341354,3.079216,71609692716,21633043679
1749221726004,package-0,8.167093,4.70409,71625896898,21642366409
1749221728004,package-0,8.15043,4.656299,71642286565,21651794180
1749221730004,package-0,8.203592,4.710437,71658553858,21661174466
1749221732004,package-0,8.18046,4.70293,71674882124,21670581547
1749221734004,package-0,8.234964,4.764942,71691311342,21680045390
1749221736004,package-0,6.790144,3.535269,71706342737,21688336689
1749221737013,package-0,4.916614,1.855158,71711292981,21690206496
1749221739005,package-0,4.959337,1.861506,71721122850,21693896367
1749221741005,package-0,4.858203,1.800044,71730948875,21697564632
1749221743005,package-0,4.806506,1.807002,71740508604,21701145616
1749221745005,package-0,4.930529,1.848018,71750218235,21704785439
1749221747005,package-0,4.902514,1.828609,71760036508,21708449553
1749221749005,package-0,4.405446,1.499142,71769169908,21711693807
1749221751005,package-0,4.88457,1.824397,71779003867,21715342540
1749221753005,package-0,4.969958,1.863215,71788829464,21719037843
1749221755005,package-0,4.899157,1.843318,71798553560,21722680473
1749221756012,package-0,4.857715,1.828548,71803416158,21724510791
1749221758005,package-0,4.90575,1.839839,71813176021,21728171426
1749221760005,package-0,5.064623,1.862972,71823167511,21731880035
1749221762005,package-0,4.813403,1.799495,71832798285,21735470663
1749221764005,package-0,4.932421,1.83697,71842505230,21739115673
1749221766005,package-0,4.900683,1.845149,71852331194,21742801943
1749221768005,package-0,4.834216,1.81042,71862025749,21746408928
1749221770005,package-0,4.957446,1.865413,71871774809,21750030562
1749221772005,package-0,4.932543,1.850154,71881623538,21753731236
1749221774005,package-0,4.7448,1.782771,71891175211,21757302821
1749221776005,package-0,4.884326,1.82928,71900866958,21760935014
1749221778005,package-0,4.951343,1.841792,71910683767,21764612861
1749221780005,package-0,4.780689,1.785395,71920305263,21768198850
1749221782005,package-0,4.835803,1.823909,71929922975,21771809010
1749221784008,package-0,4.958545,1.860347,71939746986,21775493204
1749221786005,package-0,4.85863,1.802669,71949456494,21779090302
1749221788009,package-0,4.897814,1.837886,71959251757,21782761557
1749221790005,package-0,4.953906,1.856684,71969103661,21786446240
1749221792005,package-0,4.81853,1.800167,71978891783,21790102359
1749221794010,package-0,4.925341,1.830379,71988685886,21793757928
1749221796005,package-0,4.92943,1.841304,71998537057,21797441024
1749221798005,package-0,4.899401,1.821346,72008428267,21801125158
1749221800005,package-0,4.873217,1.821285,72018055745,21804722683
1749221802005,package-0,4.924914,1.840999,72027864619,21808392229
1749221804005,package-0,4.825976,1.785762,72037616791,21812019600
1749221806005,package-0,4.740161,1.768367,72047134955,21815570006
1749221808005,package-0,4.941211,1.847896,72056942853,21819243825
1749221810005,package-0,4.899219,1.820613,72066769427,21822906901
1749221812005,package-0,4.823352,1.696285,72076213555,21826257845
1749221814005,package-0,4.881458,1.836055,72086035735,21829943199
1749221816005,package-0,4.934435,1.849665,72095908695,21833649000
1749221818005,package-0,4.851855,1.831477,72105583841,21837276676
1749221820006,package-0,5.111498,1.89471,72115608047,21841019160
1749221822005,package-0,4.841724,1.819453,72125360036,21844682358
1749221824005,package-0,4.860461,1.805171,72135098780,21848308936
1749221826004,package-0,8.21525,4.739429,72150637315,21857038162
1749221828004,package-0,8.243265,4.783068,72166730474,21866301138
1749221830004,package-0,7.984843,4.587696,72182872706,21875557218
1749221832004,package-0,8.256571,4.747729,72199283797,21885024540
1749221833009,package-0,8.110697,4.668506,72207418786,21889706596
1749221835004,package-0,8.106058,4.645557,72223621442,21899037016
1749221837005,package-0,4.862353,1.80212,72234344193,21903583819
1749221839005,package-0,4.905322,1.839351,72244046927,21907167123
1749221841005,package-0,4.833728,1.813655,72253777615,21910806945
1749221843008,package-0,4.891955,1.827143,72263522524,21914454457
1749221845005,package-0,4.927661,1.856685,72273352821,21918149822
1749221847005,package-0,4.806018,1.793514,72283077894,21921781160
1749221849005,package-0,4.875293,1.833369,72292749622,21925399864
1749221851005,package-0,4.916552,1.851436,72302588586,21929101637
1749221853005,package-0,4.868335,1.798884,72312336425,21932736515
1749221855005,package-0,4.882495,1.813839,72321995031,21936341731
1749221857005,package-0,4.916857,1.845637,72331873972,21940048691
1749221859005,package-0,4.943835,1.840877,72341753342,21943737769
1749221861005,package-0,4.269337,1.385495,72350820030,21946913176
1749221863005,package-0,4.862964,1.790218,72360556944,21950484456
1749221865005,package-0,4.878406,1.824885,72370359531,21954160410
1749221867005,package-0,4.769458,1.790889,72380000192,21957764039
1749221869005,package-0,4.841418,1.815486,72389611923,21961368888
1749221871005,package-0,4.845202,1.820552,72399371175,21965032636
1749221873005,package-0,4.878467,1.822811,72409188655,21968697605
1749221875005,package-0,4.848682,1.835445,72418793489,21972318384
1749221877005,package-0,4.906542,1.844722,72428670111,21976039261
1749221879005,package-0,4.83684,1.796382,72438463604,21979693365
1749221881005,package-0,4.936327,1.861018,72448429887,21983390194
1749221883005,package-0,4.80138,1.736568,72458195610,21986991076
1749221885005,package-0,4.92998,1.820796,72468061307,21990660073
1749221887005,package-0,4.953723,1.868952,72477873660,21994343840
1749221889005,package-0,4.954882,1.871821,72487777809,21998082417
1749221891005,package-0,4.923998,1.837641,72497632215,22001769175
1749221893005,package-0,4.9406,1.864131,72507307178,22005405702
1749221895005,package-0,4.936572,1.849849,72517168969,22009104728
1749221897005,package-0,4.853381,1.793086,72526948302,22012745038
1749221899005,package-0,4.869983,1.82513,72536587987,22016350193
1749221901005,package-0,4.948657,1.855648,72546452220,22020053858
1749221903005,package-0,4.876574,1.795711,72556271103,22023697647
1749221905005,package-0,4.917529,1.853145,72565984091,22027338690
1749221907005,package-0,4.961901,1.868404,72575894649,22031064755
1749221909005,package-0,4.919055,1.835078,72585688508,22034690722
1749221911005,package-0,5.359361,2.257135,72595862005,22038750343
1749221913004,package-0,8.190653,4.706226,72612290491,22048224562
1749221915004,package-0,7.884807,4.428944,72628277755,22057311392
1749221917005,package-0,4.857409,1.805965,72638073628,22060972149
1749221919005,package-0,4.393543,1.417965,72647221676,22064157687
1749221921005,package-0,4.905139,1.817501,72657013887,22067793909
1749221922009,package-0,4.849841,1.83166,72661882893,22069630879
1749221924005,package-0,4.837023,1.802486,72671646784,22073282298
1749221926016,package-0,4.902514,1.840877,72681413422,22076954347
1749221928005,package-0,4.883776,1.832088,72691148565,22080608329
1749221930005,package-0,4.881274,1.833614,72700983562,22084301618
1749221932005,package-0,4.838123,1.790889,72710666216,22087892917
1749221934005,package-0,4.906237,1.852534,72720442741,22091586450
1749221936005,package-0,4.949084,1.850398,72730325833,22095289322
1749221938005,package-0,4.794666,1.773555,72739945743,22098861334
1749221940007,package-0,5.193651,1.92486,72750005531,22102628841
1749221942005,package-0,4.961596,1.858271,72759883924,22106343309
1749221944005,package-0,4.830127,1.784908,72769592762,22109933999
1749221946005,package-0,4.946948,1.861324,72779374719,22113622588
1749221948009,package-0,4.933642,1.847102,72789256896,22117325886
1749221950005,package-0,7.621807,4.250721,72801764066,22123389225
1749221952005,package-0,4.949389,1.864375,72812104982,22127493646
1749221954005,package-0,4.939441,1.842646,72822013160,22131198348
1749221956005,package-0,4.903613,1.837398,72831738538,22134834692
1749221958005,package-0,4.988086,1.874202,72841671679,22138568569
1749221960005,package-0,4.881763,1.821772,72851493065,22142250932
1749221962005,package-0,4.767688,1.780941,72861041502,22145817452
1749221964005,package-0,4.85741,1.826778,72870774693,22149485045
1749221966005,package-0,4.903247,1.84991,72880609384,22153182057
1749221968005,package-0,4.887011,1.837336,72890302108,22156801493
1749221970004,package-0,8.272379,4.786365,72905861395,22165535480
1749221972004,package-0,8.261453,4.797107,72922092554,22174881159
1749221974005,package-0,7.919657,4.453175,72938268172,22184073274
1749221976004,package-0,5.788682,2.683281,72952207834,22191444898
1749221978005,package-0,4.940966,1.860896,72962032210,22195124271
1749221980005,package-0,4.871447,1.829646,72971828877,22198805353
1749221982005,package-0,4.885668,1.831905,72981627802,22202482590
1749221984005,package-0,4.848316,1.811458,72991371369,22206125708
1749221986005,package-0,4.874804,1.843257,73001035101,22209747281
1749221988005,package-0,4.844287,1.768367,73010786480,22213360064
1749221990005,package-0,4.855334,1.815242,73020515886,22216990609
1749221992005,package-0,4.939807,1.856136,73030327446,22220686645
1749221994005,package-0,4.946581,1.857173,73040196927,22224398000
1749221996005,package-0,4.843981,1.802302,73049953860,22228036174
1749221998005,package-0,4.956653,1.858393,73059767068,22231717561
1749222000005,package-0,5.197435,1.924433,73069880506,22235486106
1749222002006,package-0,4.833361,1.80688,73079571460,22239093214
1749222004005,package-0,4.964099,1.8717,73089418664,22242803959
1749222006005,package-0,4.951464,1.861994,73099315489,22246525018
1749222008005,package-0,4.877856,1.809505,73109119663,22250168381
1749222010005,package-0,4.943835,1.860286,73118807932,22253788489
1749222012005,package-0,4.968371,1.860774,73128717636,22257500576
1749222014005,package-0,4.874011,1.804011,73138417257,22261058367
1749222016005,package-0,4.964831,1.866328,73148289241,22264775094
1749222018005,package-0,4.979113,1.871089,73158210602,22268498534
1749222020005,package-0,4.811816,1.793331,73167958868,22272135732
1749222022005,package-0,4.983446,1.873591,73177879802,22275882243
1749222024005,package-0,4.96831,1.866511,73187822587,22279619111
1749222026005,package-0,4.832324,1.812984,73197518485,22283245933
1749222028005,package-0,4.948779,1.856624,73207372281,22286947950
1749222030005,package-0,4.972155,1.868709,73217275148,22290671573
1749222032005,package-0,4.803393,1.787654,73227001014,22294300958
1749222034005,package-0,5.039355,1.848689,73236454115,22297682480
1749222036005,package-0,4.935107,1.834407,73246300281,22301361182
1749222038005,package-0,4.900684,1.82989,73256175989,22305062710
1749222040005,package-0,4.709644,1.752376,73265654785,22308599506
1749222042004,package-0,8.107218,4.693897,73279308132,22315760559
1749222044005,package-0,8.092021,4.68462,73295463181,22325073829
1749222046004,package-0,8.076273,4.634327,73311634465,22334363356
1749222048005,package-0,4.930285,1.858393,73324090121,22340379148
1749222050010,package-0,4.957873,1.847163,73334007943,22344096241
1749222052005,package-0,4.916308,1.851741,73343680098,22347732157
1749222054005,package-0,4.894275,1.840022,73353523396,22351432770
1749222056005,package-0,4.83269,1.783809,73363307855,22355075644
1749222058005,package-0,4.8286,1.808101,73372944366,22358682690
1749222060005,package-0,5.126757,1.897273,73383016301,22362435977
1749222062005,package-0,4.940173,1.843196,73392932230,22366138360
1749222064005,package-0,4.887927,1.848384,73402625260,22369760177
1749222066005,package-0,4.969226,1.861873,73412523306,22373477025
1749222068009,package-0,4.880481,1.815974,73422394069,22377171229
1749222070005,package-0,4.890429,1.843379,73432107728,22380811235
1749222072005,package-0,4.942493,1.862422,73441954200,22384522041
1749222074005,package-0,4.807361,1.791133,73451720898,22388179136
1749222076005,package-0,4.799366,1.791256,73461281360,22391751820
1749222078005,package-0,4.929003,1.844234,73471086510,22395431620
1749222080005,package-0,4.861255,1.808101,73480826476,22399063813
1749222082007,package-0,4.833301,1.776912,73490477025,22402625327
1749222084005,package-0,4.940112,1.847041,73500301157,22406297986
1749222086005,package-0,4.92876,1.827144,73510179489,22409979312
1749222088005,package-0,4.944872,1.777339,73519616232,22413334772
1749222090005,package-0,4.935657,1.859859,73529229001,22416898911
1749222092005,package-0,4.885729,1.829525,73539051668,22420586463
1749222094005,package-0,4.759143,1.779964,73548679695,22424190274
1749222096005,package-0,4.952319,1.868159,73558432966,22427872027
1749222098005,package-0,4.926562,1.853755,73568229389,22431553231
1749222100005,package-0,4.772571,1.781062,73577929071,22435178039
1749222102005,package-0,7.449749,4.123219,73590154626,22441091903
1749222104004,package-0,5.369615,2.288202,73603609364,22447986539
1749222106005,package-0,4.887622,1.828853,73613374171,22451655414
1749222108005,package-0,4.906054,1.830013,73623180176,22455315378
1749222110005,package-0,4.749988,1.763789,73632780005,22458879333
1749222112005,package-0,4.921618,1.847529,73642568737,22462554067
1749222114009,package-0,4.959338,1.857173,73652507860,22466275799
1749222116005,package-0,4.815784,1.800593,73662167320,22469883028
1749222118005,package-0,4.926806,1.863886,73671989072,22473587425
1749222120007,package-0,5.154161,1.902889,73682107027,22477352492
1749222122005,package-0,4.875354,1.820918,73691874519,22481003605
1749222124005,package-0,4.970447,1.87237,73701731611,22484711359
1749222126005,package-0,4.967089,1.873103,73711600421,22488431443
1749222128009,package-0,8.19401,4.710804,73726714030,22496739344
1749222130004,package-0,6.114731,2.914727,73741059208,22504403265
1749222132005,package-0,4.899035,1.846309,73750804239,22508044552
1749222134005,package-0,4.919543,1.832942,73760661025,22511732836
1749222136005,package-0,4.783496,1.768428,73770350881,22515332863
1749222138005,package-0,4.888598,1.83282,73780097438,22518979643
1749222140005,package-0,4.92699,1.840633,73789935609,22522661824
1749222142005,package-0,4.83623,1.791072,73799710913,22526294993
1749222144005,package-0,4.907886,1.839289,73809454785,22529854432
1749222146009,package-0,4.879687,1.833735,73819283983,22533520133
1749222148006,package-0,4.919421,1.838496,73829088951,22537189985
1749222150005,package-0,4.888416,1.838313,73838753233,22540813144
1749222152005,package-0,4.891833,1.83575,73848564731,22544496729
1749222154005,package-0,4.879687,1.833674,73858393807,22548192520
1749222156005,package-0,4.837573,1.805965,73868003829,22551761298
1749222158005,package-0,4.86626,1.830562,73877745870,22555422177
1749222160005,package-0,4.893604,1.843196,73887590022,22559119433
1749222162005,package-0,5.921249,2.77758,73898329435,22563678320
1749222164004,package-0,6.855451,3.543875,73913374013,22571954971
1749222166005,package-0,4.845691,1.808589,73923041774,22575553534
1749222168005,package-0,4.956225,1.856318,73932856080,22579242245
1749222170005,package-0,4.923877,1.844356,73942627784,22582896411
1749222172005,package-0,4.848559,1.80157,73952300305,22586482583
1749222174005,package-0,4.961168,1.867366,73962125780,22590180450
1749222176005,package-0,4.961779,1.863337,73971980064,22593889058
1749222178005,package-0,4.844348,1.806087,73981672300,22597501415
1749222180005,package-0,5.199327,1.921687,73991781527,22601272157
1749222182005,package-0,4.950487,1.856257,74001665718,22604974052
1749222184005,package-0,4.938342,1.862055,74011461653,22608647260
1749222186005,package-0,4.827563,1.760615,74021240314,22612269382
1749222188005,package-0,4.885669,1.826411,74031080743,22615958643
1749222190004,package-0,7.521954,4.176992,74044002158,22622453988
1749222192005,package-0,4.952563,1.864131,74053812130,22626147765
1749222194005,package-0,4.892322,1.8175,74063631014,22629822194
1749222196005,package-0,4.796008,1.799007,74073385383,22633474895
1749222198005,package-0,4.919482,1.834407,74082959517,22637058259
1749222199009,package-0,4.916308,1.842952,74087895966,22638908780
1749222201005,package-0,4.826037,1.785579,74097642645,22642532794
1749222203004,package-0,8.078226,4.554188,74110436375,22648845705
1749222205004,package-0,7.877665,4.44994,74126349786,22657950357
1749222207012,package-0,4.868335,1.828853,74136146270,22661629852
1749222209005,package-0,4.944262,1.853145,74145931157,22665305807
1749222211005,package-0,4.823657,1.793208,74155613200,22668928356
1749222213005,package-0,4.825854,1.811763,74165317948,22672574160
1749222215005,package-0,4.908923,1.841426,74175179312,22676281365
1749222217005,package-0,4.82976,1.780757,74184918850,22679890364
1749222219005,package-0,4.879687,1.8352,74194645388,22683557347
1749222221005,package-0,4.937975,1.853022,74204519691,22687265772
1749222223005,package-0,4.806507,1.79333,74214191725,22690882279
1749222225005,package-0,4.883593,1.828059,74223857654,22694484809
1749222227005,package-0,4.884265,1.829219,74233667688,22698156309
1749222229005,package-0,4.803394,1.77502,74243400024,22701778553
1749222231005,package-0,4.920458,1.854609,74253185826,22705460489
1749222233005,package-0,4.932727,1.850399,74263092051,22709184479
1749222235005,package-0,4.849292,1.803645,74272914414,22712851034
1749222237005,package-0,4.915393,1.849971,74282606833,22716485424
1749222239005,package-0,4.97655,1.861079,74292528560,22720206301
1749222241005,package-0,4.910876,1.814143,74302611847,22723933037
1749222243005,package-0,4.925341,1.846736,74312436956,22727620100
1749222245005,package-0,4.960131,1.861262,74322345378,22731343113
1749222247005,package-0,4.851184,1.794246,74332118669,22734975672
1749222249005,package-0,4.94823,1.853755,74342011893,22738694901
1749222251005,package-0,4.972766,1.865779,74351944607,22742420050
1749222253005,package-0,4.848254,1.806148,74361636415,22746028745
1749222255005,package-0,7.267132,3.916555,74373750459,22751767133
1749222257005,package-0,4.901721,1.824214,74384471928,22756230440
1749222259005,package-0,4.569386,1.546871,74393822918,22759553429
1749222261005,package-0,4.723682,1.689754,74403405596,22763053603
1749222263005,package-0,4.936449,1.851192,74413263358,22766749761
1749222265005,package-0,4.817676,1.774471,74422970548,22770354305
1749222267005,package-0,4.959155,1.858271,74432753360,22774041612
1749222269005,package-0,4.941272,1.853877,74442602212,22777734596
1749222271005,package-0,4.789783,1.798335,74452303298,22781366484
1749222273013,package-0,4.944568,1.867732,74462089833,22785054585
1749222275005,package-0,4.903674,1.84283,74471868189,22788733225
1749222277005,package-0,6.59123,3.355399,74483401057,22793942013
1749222279004,package-0,6.452498,3.15728,74498025898,22801827003
1749222281005,package-0,4.810656,1.801753,74507696100,22805433561
1749222283005,package-0,4.908801,1.840023,74517396393,22809065693
1749222285005,package-0,4.84502,1.817622,74527151495,22812718271
1749222287005,package-0,4.811694,1.795711,74536835613,22816323975
1749222289005,package-0,4.905077,1.834346,74546561784,22819966361
1749222291005,package-0,4.963488,1.861628,74556454215,22823677227
1749222293005,package-0,4.811877,1.789485,74566209805,22827321322
1749222295005,package-0,4.822436,1.76324,74575891909,22830894250
1749222297005,package-0,4.97185,1.868831,74585797035,22834622451
1749222299005,package-0,4.860034,1.820857,74595593336,22838291936
1749222301006,package-0,4.869678,1.834224,74605484180,22841975093
1749222303005,package-0,4.922229,1.840999,74615301721,22845656969
1749222305009,package-0,4.922045,1.833858,74625097960,22849314125
1749222307005,package-0,6.058579,2.879937,74635982210,22853993068
1749222309004,package-0,7.074017,3.705252,74651302727,22862468327
1749222311005,package-0,4.935901,1.852229,74661030913,22866100031
1749222313005,package-0,4.957751,1.853999,74670967838,22869824570
1749222315005,package-0,4.746265,1.737239,74680607584,22873376380
1749222317005,package-0,4.789172,1.765254,74689963700,22876702055
1749222319009,package-0,4.779773,1.712947,74699585746,22880233113
1749222321005,package-0,4.889148,1.817927,74709320584,22883861094
1749222323005,package-0,4.813891,1.807002,74718927676,22887451295
1749222325005,package-0,4.93236,1.847041,74728726662,22891125480
1749222327005,package-0,4.886584,1.826351,74738510573,22894793867
1749222329005,package-0,5.421556,2.367608,74748740771,22898954012
1749222331004,package-0,7.640544,4.206776,74764593941,22907914255
1749222333005,package-0,4.851184,1.819515,74774267744,22911526002
1749222335005,package-0,4.954089,1.860896,74784071247,22915179068
1749222337005,package-0,4.939196,1.838374,74793936334,22918861127
1749222339005,package-0,4.91814,1.856929,74803669464,22922507297
1749222341005,package-0,4.911425,1.832027,74813456914,22926166467
1749222343005,package-0,4.919848,1.834956,74823269450,22929834060
1749222345005,package-0,4.795642,1.782527,74832853471,22933389898
1749222347005,package-0,4.937366,1.839473,74842644889,22937048580
1749222349005,package-0,4.921619,1.83343,74852501126,22940722704
1749222351005,package-0,4.898914,1.835932,74862205874,22944346718
1749222353005,package-0,4.937914,1.846858,74872075599,22948032622
1749222355004,package-0,8.105997,4.648731,74888353512,22957356390
1749222357005,package-0,4.937426,1.84637,74898182222,22961052120
1749222359005,package-0,4.890063,1.81451,74908037177,22964731371
1749222361005,package-0,4.845935,1.813716,74917919415,22968397682
1749222363005,package-0,4.930713,1.850154,74927793780,22972106230
1749222365005,package-0,4.94823,1.83813,74937655266,22975779499
1749222367005,package-0,4.800342,1.793025,74947307707,22979374827
1749222369005,package-0,4.969043,1.859309,74957225406,22983091614
1749222371005,package-0,4.902087,1.822261,74967100869,22986778983
1749222373005,package-0,4.445789,1.449093,74976346084,22990020430
1749222375005,package-0,4.801136,1.787776,74985857413,22993558506
1749222377005,package-0,4.934008,1.842098,74995572903,22997132167
1749222379005,package-0,4.8073,1.798701,75005216738,23000732682
1749222381005,package-0,4.865283,1.82928,75014850014,23004345039
1749222383005,package-0,4.818286,1.81103,75024551650,23007987241
1749222385004,package-0,8.058146,4.652393,75040091710,23016766211
1749222387005,package-0,4.844714,1.824886,75050489632,23020993678
1749222389005,package-0,4.80968,1.772212,75060033736,23024449052
1749222391005,package-0,4.9229,1.858028,75069655050,23028031197
1749222393005,package-0,4.97362,1.87353,75079543818,23031755735
1749222395005,package-0,4.895679,1.822444,75089372712,23035434132
1749222397005,package-0,4.864917,1.829768,75099012030,23039044901
1749222399005,package-0,4.947131,1.861628,75108865093,23042756134
1749222401005,package-0,4.846606,1.797481,75118630083,23046396201
1749222403009,package-0,4.693774,1.74792,75128147087,23049932263
1749222405005,package-0,4.917468,1.842769,75137876433,23053584720
1749222407005,package-0,4.930774,1.846065,75147741581,23057278192
1749222409005,package-0,4.836048,1.803584,75157381205,23060866989
1749222411005,package-0,4.944018,1.852534,75167230483,23064553808
1749222413005,package-0,6.86186,3.555228,75179048935,23069957054
1749222415004,package-0,6.300216,3.032463,75193503610,23077679446
1749222417005,package-0,4.885241,1.80981,75203374983,23081363091
1749222419005,package-0,4.867602,1.834957,75213005757,23084959762
1749222421005,package-0,4.916919,1.841914,75223072321,23088703404
1749222423005,package-0,4.908557,1.831782,75232892059,23092371974
1749222425005,package-0,4.899646,1.839046,75242674199,23096022417
1749222427005,package-0,4.983996,1.872737,75252623759,23099753486
1749222429005,package-0,4.892382,1.810848,75262458389,23103421751
1749222431005,package-0,4.46587,1.482174,75271720817,23106701588
1749222433005,package-0,4.875171,1.78857,75281494229,23110313579
1749222435005,package-0,5.110583,1.846613,75291489443,23113991059
1749222437005,package-0,4.773059,1.78741,75301747412,23117556785
1749222439005,package-0,4.823779,1.805415,75311372326,23121168409
1749222441005,package-0,4.898425,1.837824,75321106615,23124823795
1749222443005,package-0,4.815173,1.793208,75330791039,23128439936
1749222445005,package-0,4.893054,1.846553,75340463988,23132072800
1749222447005,package-0,4.919665,1.842219,75350245152,23135736853
1749222449005,package-0,6.068344,2.837578,75361236457,23140426905
1749222451004,package-0,8.082011,4.610035,75377488124,23149742006
1749222453005,package-0,4.906787,1.847651,75389296016,23155205126
1749222455005,package-0,4.929126,1.858638,75399005464,23158839700
1749222457005,package-0,4.918444,1.832453,75408883307,23162533049
1749222459005,package-0,4.819079,1.793513,75418521588,23166114766
1749222461005,package-0,4.833301,1.809199,75428171405,23169740062
1749222463005,package-0,4.919299,1.838435,75438007683,23173413576
1749222465005,package-0,4.866076,1.819881,75447720305,23177027336
1749222467005,package-0,4.856982,1.78741,75457456120,23180655623
1749222469005,package-0,4.904895,1.829097,75467214274,23184300267
1749222471005,package-0,4.815478,1.797603,75476838333,23187893641
1749222473005,package-0,4.969287,1.868037,75486632132,23191586808
1749222475005,package-0,4.949084,1.859309,75496467312,23195282233
1749222477005,package-0,5.327684,2.251337,75506648133,23199341915
1749222479004,package-0,7.868144,4.380116,75522657735,23208456150
1749222481005,package-0,4.875415,1.817012,75532605281,23212121729
1749222483005,package-0,4.913012,1.843623,75542490570,23215829666
1749222485005,package-0,4.945422,1.855159,75552217779,23219398077
1749222487005,package-0,4.497059,1.567989,75561576581,23222771054
1749222489005,package-0,4.950427,1.851314,75571538714,23226435535
1749222491005,package-0,4.952929,1.856746,75581398979,23230108438
1749222493005,package-0,4.871448,1.81988,75591166471,23233750457
1749222495005,package-0,4.765308,1.790584,75600683781,23237314230
1749222497005,package-0,4.888415,1.832576,75610394205,23240954907
1749222499005,package-0,4.851916,1.802669,75620087356,23244571658
1749222501005,package-0,4.755908,1.79211,75629646536,23248146417
1749222503005,package-0,4.905688,1.838863,75639416653,23251810714
1749222505005,package-0,7.984721,4.531421,75652295709,23258181730
1749222507004,package-0,5.087024,1.995722,75665584921,23264927074
1749222509005,package-0,4.816394,1.791865,75675333614,23268571047
1749222511005,package-0,4.843921,1.819026,75684988130,23272196221
1749222513005,package-0,4.893176,1.827449,75694812080,23275873641
1749222515005,package-0,4.915149,1.832759,75704635114,23279552953
1749222517009,package-0,4.879199,1.836421,75714348101,23283180324
1749222519005,package-0,5.207506,1.848751,75724450187,23286873735
1749222520007,package-0,5.528611,1.837336,75729984780,23288712902
1749222522005,package-0,4.806506,1.778316,75739698317,23292316287
1749222524005,package-0,4.914844,1.836177,75749475026,23295987786
1749222526005,package-0,4.950366,1.853023,75759186732,23299567672
1749222528005,package-0,4.819019,1.810298,75768839051,23303172277
1749222530005,package-0,4.906481,1.84405,75778614355,23306850490
1749222532009,package-0,4.935657,1.848628,75788514782,23310564897
1749222534005,package-0,4.811756,1.782771,75798184313,23314162361
1749222536005,package-0,4.912951,1.853755,75807926475,23317838987
1749222538005,package-0,4.911181,1.837153,75817749631,23321523609
1749222540005,package-0,5.067919,1.869807,75827749911,23325226908
1749222542005,package-0,4.968677,1.875667,75837586922,23328928559
1749222544005,package-0,4.946826,1.846492,75847434614,23332604758
1749222546005,package-0,6.494307,3.224113,75858890029,23337676461
1749222548004,package-0,5.95781,2.808953,75873076150,23345199269
1749222550005,package-0,4.884875,1.811824,75882912245,23348871928
1749222552007,package-0,4.890735,1.851191,75892604481,23352520356
1749222554005,package-0,4.884753,1.82458,75902365503,23356167380
1749222556005,package-0,4.885058,1.820369,75912095276,23359806226
1749222558005,package-0,4.840015,1.80804,75921663916,23363370670
1749222560005,package-0,4.841174,1.807185,75931307202,23366981867
1749222562009,package-0,4.8781,1.833491,75941100878,23370651352
1749222564005,package-0,4.769763,1.78326,75950664208,23374203162
1749222566005,package-0,4.942187,1.86175,75960470396,23377895596
1749222568005,package-0,4.875049,1.832026,75970293308,23381580096
1749222570005,package-0,4.846301,1.809504,75980066537,23385231820
1749222572005,package-0,4.925768,1.844173,75989806136,23388892944
1749222574005,package-0,4.908374,1.83813,75999654134,23392578725
1749222576005,package-0,4.791187,1.780879,76009365352,23396193035
1749222578005,package-0,4.95122,1.857539,76019175263,23399874849
1749222580005,package-0,4.944079,1.853755,76029038885,23403574241
1749222582006,package-0,4.751514,1.761348,76038690594,23407156508
1749222584005,package-0,4.925463,1.84875,76048425310,23410809330
1749222586005,package-0,4.937243,1.843684,76058264701,23414488093
1749222588005,package-0,4.820117,1.794246,76067861967,23418018907
1749222590005,package-0,4.923389,1.841853,76077625187,23421679542
1749222592005,package-0,4.949389,1.870845,76087527505,23425419034
1749222594005,package-0,5.855149,2.708245,76098276013,23429962296
1749222596004,package-0,8.272928,4.765613,76114751251,23439472526
1749222598004,package-0,7.220441,3.860647,76130040519,23447973542
1749222600008,package-0,5.216356,1.929804,76140258815,23451787985
1749222602006,package-0,4.807605,1.788631,76149931276,23455388745
1749222604005,package-0,5.417894,1.810969,76160198156,23458711307
1749222606005,package-0,4.993273,1.880732,76170102916,23462437799
1749222608005,package-0,4.886524,1.822688,76179924974,23466112045
1749222610005,package-0,4.83623,1.817073,76189522239,23469694800
1749222612005,package-0,4.89818,1.844173,76199372311,23473400113
1749222614005,package-0,4.902942,1.830866,76209227877,23477088213
1749222616005,package-0,4.809497,1.803767,76218808785,23480664193
1749222618005,package-0,4.919848,1.836604,76228548384,23484313842
1749222620005,package-0,4.846362,1.799922,76238292073,23487951406
1749222622005,package-0,4.771167,1.747371,76247931757,23491521282
1749222624005,package-0,4.933459,1.860469,76257811737,23495235567
1749222626005,package-0,4.867052,1.810238,76267640935,23498911034
1749222628005,package-0,4.826831,1.810543,76277228741,23502491469
1749222630005,package-0,4.981432,1.869197,76287155961,23506220768
1749222632005,package-0,4.942187,1.839778,76297015677,23509904536
1749222634005,package-0,4.780017,1.769893,76306595548,23513475205
1749222636005,package-0,4.979602,1.864436,76316498904,23517184119
1749222638005,package-0,4.963549,1.853816,76326430641,23520899014
1749222640005,package-0,4.903735,1.844295,76336143568,23524524799
1749222642005,package-0,4.972155,1.874324,76346039233,23528248422
1749222644005,package-0,4.89635,1.820857,76355722314,23531804870
1749222646005,package-0,5.259264,1.782894,76366141965,23535373343
1749222648005,package-0,4.919238,1.842951,76375902621,23539035137
1749222650005,package-0,4.964648,1.862117,76385779000,23542741122
1749222652005,package-0,4.808459,1.800166,76395415999,23546327233
1749222654005,package-0,4.948595,1.864375,76405237873,23550024977
1749222656005,package-0,4.976855,1.857723,76415163019,23553740056
1749222658005,package-0,4.879016,1.816341,76424927581,23557369197
1749222660007,package-0,5.179369,1.911921,76435015080,23561122300
1749222662005,package-0,4.942187,1.853633,76444906229,23564838416
1749222664020,package-0,4.789905,1.76324,76454705032,23568472623
1749222666005,package-0,2.472284,0.546996,76461164915,23570113793
