SourceFile,Timestamp,userTime (Ticks),systemTime (Ticks)
/proc/stat,1749207576125,65377,20366
/proc/10805/stat,1749207576128,491,27
/proc/stat,1749207577025,65692,20382
/proc/10805/stat,1749207577026,799,41
/proc/stat,1749207578022,65943,20402
/proc/10805/stat,1749207578023,1051,60
/proc/stat,1749207579058,66236,20416
/proc/10805/stat,1749207579059,1347,73
/proc/stat,1749207580020,66479,20441
/proc/10805/stat,1749207580021,1589,96
/proc/stat,1749207581021,66679,20459
/proc/10805/stat,1749207581021,1792,113
/proc/stat,1749207582020,66878,20482
/proc/10805/stat,1749207582020,1993,136
/proc/stat,1749207583020,67075,20502
/proc/10805/stat,1749207583022,2193,155
/proc/stat,1749207584020,67284,20524
/proc/10805/stat,1749207584021,2400,176
/proc/stat,1749207585020,67480,20548
/proc/10805/stat,1749207585021,2598,200
/proc/stat,1749207586020,67678,20568
/proc/10805/stat,1749207586020,2802,219
/proc/stat,1749207587021,67881,20585
/proc/10805/stat,1749207587021,3006,234
/proc/stat,1749207588020,68079,20605
/proc/10805/stat,1749207588021,3208,254
/proc/stat,1749207589020,68272,20625
/proc/10805/stat,1749207589020,3407,273
/proc/stat,1749207590020,68470,20643
/proc/10805/stat,1749207590021,3608,289
/proc/stat,1749207591020,68665,20665
/proc/10805/stat,1749207591021,3803,311
/proc/stat,1749207592020,68860,20684
/proc/10805/stat,1749207592020,4002,329
/proc/stat,1749207593020,69062,20698
/proc/10805/stat,1749207593021,4208,341
/proc/stat,1749207594020,69255,20718
/proc/10805/stat,1749207594021,4405,361
/proc/stat,1749207595020,69448,20739
/proc/10805/stat,1749207595020,4602,382
/proc/stat,1749207596019,69640,20762
/proc/10805/stat,1749207596020,4796,405
/proc/stat,1749207597021,69835,20788
/proc/10805/stat,1749207597021,4989,430
/proc/stat,1749207598021,70027,20808
/proc/10805/stat,1749207598021,5184,450
/proc/stat,1749207599020,70221,20830
/proc/10805/stat,1749207599020,5380,470
/proc/stat,1749207600025,70424,20851
/proc/10805/stat,1749207600025,5583,489
/proc/stat,1749207601020,70620,20872
/proc/10805/stat,1749207601020,5782,509
/proc/stat,1749207602020,70812,20895
/proc/10805/stat,1749207602021,5979,530
/proc/stat,1749207603019,71009,20916
/proc/10805/stat,1749207603019,6179,550
/proc/stat,1749207604020,71205,20934
/proc/10805/stat,1749207604020,6380,567
/proc/stat,1749207605018,71400,20956
/proc/10805/stat,1749207605019,6578,588
/proc/stat,1749207606019,71591,20976
/proc/10805/stat,1749207606020,6775,608
/proc/stat,1749207607021,71786,20995
/proc/10805/stat,1749207607022,6974,627
/proc/stat,1749207608020,71981,21015
/proc/10805/stat,1749207608021,7173,645
/proc/stat,1749207609020,72177,21035
/proc/10805/stat,1749207609020,7372,664
/proc/stat,1749207610021,72370,21054
/proc/10805/stat,1749207610022,7572,682
/proc/stat,1749207611019,72567,21074
/proc/10805/stat,1749207611020,7770,702
/proc/stat,1749207612020,72760,21092
/proc/10805/stat,1749207612021,7969,719
/proc/stat,1749207613020,72960,21112
/proc/10805/stat,1749207613021,8168,738
/proc/stat,1749207614022,73156,21128
/proc/10805/stat,1749207614022,8371,753
/proc/stat,1749207615019,73357,21144
/proc/10805/stat,1749207615020,8575,768
/proc/stat,1749207616019,73558,21164
/proc/10805/stat,1749207616019,8775,787
/proc/stat,1749207617021,73755,21184
/proc/10805/stat,1749207617021,8975,805
/proc/stat,1749207618020,73950,21208
/proc/10805/stat,1749207618020,9169,828
/proc/stat,1749207619019,74142,21230
/proc/10805/stat,1749207619020,9365,849
/proc/stat,1749207620019,74333,21256
/proc/10805/stat,1749207620020,9558,873
/proc/stat,1749207621020,74534,21273
/proc/10805/stat,1749207621020,9763,889
/proc/stat,1749207622019,74724,21296
/proc/10805/stat,1749207622020,9959,911
/proc/stat,1749207623020,74920,21316
/proc/10805/stat,1749207623021,10156,931
/proc/stat,1749207624020,75114,21343
/proc/10805/stat,1749207624020,10349,957
/proc/stat,1749207625019,75308,21361
/proc/10805/stat,1749207625020,10550,974
/proc/stat,1749207626020,75502,21381
/proc/10805/stat,1749207626020,10748,993
/proc/stat,1749207627022,75698,21405
/proc/10805/stat,1749207627022,10943,1015
/proc/stat,1749207628019,75893,21426
/proc/10805/stat,1749207628019,11140,1035
/proc/stat,1749207629018,76082,21451
/proc/10805/stat,1749207629019,11334,1059
/proc/stat,1749207630021,76281,21472
/proc/10805/stat,1749207630021,11532,1080
/proc/stat,1749207631019,76470,21492
/proc/10805/stat,1749207631020,11727,1100
/proc/stat,1749207632019,76661,21514
/proc/10805/stat,1749207632020,11924,1120
/proc/stat,1749207633019,76852,21535
/proc/10805/stat,1749207633019,12122,1140
/proc/stat,1749207634018,77047,21558
/proc/10805/stat,1749207634019,12318,1162
/proc/stat,1749207635019,77246,21576
/proc/10805/stat,1749207635020,12518,1180
/proc/stat,1749207636019,77438,21596
/proc/10805/stat,1749207636019,12714,1199
/proc/stat,1749207637020,77628,21615
/proc/10805/stat,1749207637020,12914,1218
/proc/stat,1749207638019,77823,21634
/proc/10805/stat,1749207638019,13114,1236
/proc/stat,1749207639022,78019,21658
/proc/10805/stat,1749207639022,13309,1259
/proc/stat,1749207640021,78208,21684
/proc/10805/stat,1749207640021,13504,1283
/proc/stat,1749207641020,78403,21702
/proc/10805/stat,1749207641020,13704,1300
/proc/stat,1749207642019,78599,21726
/proc/10805/stat,1749207642019,13900,1322
/proc/stat,1749207643020,78791,21749
/proc/10805/stat,1749207643020,14096,1343
/proc/stat,1749207644020,78984,21772
/proc/10805/stat,1749207644020,14293,1364
/proc/stat,1749207645019,79180,21791
/proc/10805/stat,1749207645019,14491,1383
/proc/stat,1749207646023,79378,21808
/proc/10805/stat,1749207646024,14694,1398
/proc/stat,1749207647023,79572,21828
/proc/10805/stat,1749207647023,14893,1418
/proc/stat,1749207648020,79766,21850
/proc/10805/stat,1749207648021,15092,1438
/proc/stat,1749207649022,79966,21865
/proc/10805/stat,1749207649023,15296,1452
/proc/stat,1749207650022,80166,21885
/proc/10805/stat,1749207650022,15497,1471
/proc/stat,1749207651021,80358,21910
/proc/10805/stat,1749207651021,15690,1495
/proc/stat,1749207652020,80556,21928
/proc/10805/stat,1749207652021,15890,1512
/proc/stat,1749207653023,80755,21945
/proc/10805/stat,1749207653024,16093,1527
/proc/stat,1749207654023,80948,21965
/proc/10805/stat,1749207654024,16292,1546
/proc/stat,1749207655021,81145,21983
/proc/10805/stat,1749207655021,16493,1562
/proc/stat,1749207656022,81338,22005
/proc/10805/stat,1749207656023,16691,1583
/proc/stat,1749207657023,81532,22024
/proc/10805/stat,1749207657023,16890,1602
/proc/stat,1749207658021,81730,22043
/proc/10805/stat,1749207658021,17092,1619
/proc/stat,1749207659025,81928,22064
/proc/10805/stat,1749207659025,17290,1639
/proc/stat,1749207660025,82128,22082
/proc/10805/stat,1749207660025,17492,1656
/proc/stat,1749207661023,82323,22108
/proc/10805/stat,1749207661023,17686,1680
/proc/stat,1749207662021,82518,22131
/proc/10805/stat,1749207662022,17882,1701
/proc/stat,1749207663021,82718,22150
/proc/10805/stat,1749207663022,18085,1720
/proc/stat,1749207664022,82911,22174
/proc/10805/stat,1749207664022,18282,1743
/proc/stat,1749207665023,83139,22201
/proc/10805/stat,1749207665024,18505,1768
/proc/stat,1749207666021,83339,22222
/proc/10805/stat,1749207666021,18705,1787
/proc/stat,1749207667022,83538,22235
/proc/10805/stat,1749207667023,18910,1801
/proc/stat,1749207668019,83734,22256
/proc/10805/stat,1749207668020,19108,1820
/proc/stat,1749207669023,83929,22279
/proc/10805/stat,1749207669023,19305,1842
/proc/stat,1749207670024,84120,22302
/proc/10805/stat,1749207670024,19500,1865
/proc/stat,1749207671023,84317,22321
/proc/10805/stat,1749207671023,19702,1883
/proc/stat,1749207672021,84513,22342
/proc/10805/stat,1749207672021,19899,1903
/proc/stat,1749207673022,84710,22362
/proc/10805/stat,1749207673022,20099,1922
/proc/stat,1749207674022,84900,22388
/proc/10805/stat,1749207674022,20292,1947
/proc/stat,1749207675021,85096,22410
/proc/10805/stat,1749207675021,20489,1967
/proc/stat,1749207676021,85292,22428
/proc/10805/stat,1749207676021,20689,1985
/proc/stat,1749207677023,85485,22455
/proc/10805/stat,1749207677024,20884,2011
/proc/stat,1749207678025,85687,22469
/proc/10805/stat,1749207678025,21089,2025
/proc/stat,1749207679023,85882,22485
/proc/10805/stat,1749207679023,21292,2039
/proc/stat,1749207680020,86076,22503
/proc/10805/stat,1749207680021,21491,2057
/proc/stat,1749207681023,86276,22524
/proc/10805/stat,1749207681023,21693,2075
/proc/stat,1749207682024,86473,22543
/proc/10805/stat,1749207682025,21896,2093
/proc/stat,1749207683023,86670,22572
/proc/10805/stat,1749207683024,22089,2119
/proc/stat,1749207684024,86868,22591
/proc/10805/stat,1749207684025,22290,2138
/proc/stat,1749207685025,87063,22611
/proc/10805/stat,1749207685025,22489,2156
/proc/stat,1749207686025,87260,22630
/proc/10805/stat,1749207686025,22690,2174
/proc/stat,1749207687025,87452,22656
/proc/10805/stat,1749207687025,22886,2198
/proc/stat,1749207688024,87648,22681
/proc/10805/stat,1749207688024,23081,2222
/proc/stat,1749207689024,87847,22700
/proc/10805/stat,1749207689024,23283,2239
/proc/stat,1749207690025,88046,22716
/proc/10805/stat,1749207690025,23487,2254
/proc/stat,1749207691025,88247,22732
/proc/10805/stat,1749207691025,23690,2270
/proc/stat,1749207692026,88440,22755
/proc/10805/stat,1749207692026,23888,2291
/proc/stat,1749207693024,88636,22776
/proc/10805/stat,1749207693025,24088,2311
/proc/stat,1749207694024,88833,22795
/proc/10805/stat,1749207694025,24288,2329
/proc/stat,1749207695025,89027,22826
/proc/10805/stat,1749207695025,24478,2358
/proc/stat,1749207696024,89225,22841
/proc/10805/stat,1749207696025,24683,2372
/proc/stat,1749207697026,89425,22858
/proc/10805/stat,1749207697026,24887,2388
/proc/stat,1749207698025,89625,22878
/proc/10805/stat,1749207698025,25088,2405
/proc/stat,1749207699025,89820,22902
/proc/10805/stat,1749207699025,25284,2428
/proc/stat,1749207700025,90016,22917
/proc/10805/stat,1749207700026,25488,2443
/proc/stat,1749207701023,90212,22936
/proc/10805/stat,1749207701024,25688,2461
/proc/stat,1749207702024,90406,22955
/proc/10805/stat,1749207702024,25890,2479
/proc/stat,1749207703024,90600,22976
/proc/10805/stat,1749207703025,26090,2497
/proc/stat,1749207704026,90799,22997
/proc/10805/stat,1749207704027,26290,2516
/proc/stat,1749207705023,90996,23014
/proc/10805/stat,1749207705024,26492,2533
/proc/stat,1749207706025,91190,23040
/proc/10805/stat,1749207706025,26687,2556
/proc/stat,1749207707023,91381,23064
/proc/10805/stat,1749207707023,26883,2580
/proc/stat,1749207708022,91579,23087
/proc/10805/stat,1749207708023,27080,2601
/proc/stat,1749207709022,91770,23105
/proc/10805/stat,1749207709022,27280,2619
/proc/stat,1749207710024,91964,23130
/proc/10805/stat,1749207710025,27474,2643
/proc/stat,1749207711021,92159,23153
/proc/10805/stat,1749207711022,27671,2664
/proc/stat,1749207712023,92353,23175
/proc/10805/stat,1749207712024,27870,2685
/proc/stat,1749207713023,92546,23200
/proc/10805/stat,1749207713024,28065,2709
/proc/stat,1749207714025,92745,23224
/proc/10805/stat,1749207714025,28264,2731
/proc/stat,1749207715022,92936,23245
/proc/10805/stat,1749207715023,28461,2751
/proc/stat,1749207716023,93134,23260
/proc/10805/stat,1749207716023,28665,2766
/proc/stat,1749207717024,93330,23288
/proc/10805/stat,1749207717025,28864,2791
/proc/stat,1749207718024,93529,23306
/proc/10805/stat,1749207718025,29065,2808
/proc/stat,1749207719024,93722,23331
/proc/10805/stat,1749207719024,29261,2831
/proc/stat,1749207720025,93924,23350
/proc/10805/stat,1749207720026,29465,2847
/proc/stat,1749207721023,94118,23372
/proc/10805/stat,1749207721024,29662,2868
/proc/stat,1749207722024,94312,23393
/proc/10805/stat,1749207722025,29860,2888
/proc/stat,1749207723025,94524,23417
/proc/10805/stat,1749207723025,30069,2909
/proc/stat,1749207724024,94715,23442
/proc/10805/stat,1749207724024,30264,2932
/proc/stat,1749207725024,94912,23463
/proc/10805/stat,1749207725024,30464,2951
/proc/stat,1749207726023,95103,23484
/proc/10805/stat,1749207726024,30662,2972
/proc/stat,1749207727024,95301,23501
/proc/10805/stat,1749207727024,30865,2987
/proc/stat,1749207728025,95498,23522
/proc/10805/stat,1749207728026,31066,3005
/proc/stat,1749207729023,95699,23535
/proc/10805/stat,1749207729023,31273,3018
/proc/stat,1749207730024,95894,23553
/proc/10805/stat,1749207730024,31475,3035
/proc/stat,1749207731024,96090,23577
/proc/10805/stat,1749207731024,31672,3057
/proc/stat,1749207732023,96291,23594
/proc/10805/stat,1749207732023,31873,3073
/proc/stat,1749207733024,96485,23620
/proc/10805/stat,1749207733024,32067,3098
/proc/stat,1749207734023,96680,23644
/proc/10805/stat,1749207734023,32264,3120
/proc/stat,1749207735022,96869,23671
/proc/10805/stat,1749207735023,32456,3146
/proc/stat,1749207736024,97062,23690
/proc/10805/stat,1749207736025,32654,3166
/proc/stat,1749207737024,97258,23710
/proc/10805/stat,1749207737024,32855,3184
/proc/stat,1749207738024,97455,23728
/proc/10805/stat,1749207738024,33056,3201
/proc/stat,1749207739025,97648,23753
/proc/10805/stat,1749207739025,33251,3225
/proc/stat,1749207740025,97846,23768
/proc/10805/stat,1749207740025,33456,3239
