Timestamp,Domain,Power (Watts),DRAM Power (Watts), Energy (micro joules), DRAM Energy (micro joules)
1749207576080,package-0,15.895712,12.192168,35883885676,2781481770
1749207578006,package-0,14.959617,11.248079,35912425397,2802964748
1749207580006,package-0,13.955592,10.248509,35941246491,2824381136
1749207582006,package-0,14.055079,10.345188,35969240499,2844976359
1749207584006,package-0,13.900538,10.189488,35997214060,2865542285
1749207586006,package-0,14.0021,10.284336,36025338377,2886220638
1749207588006,package-0,13.74026,10.048132,36053097706,2906568670
1749207590006,package-0,13.85055,10.133885,36080937539,2926951613
1749207592006,package-0,13.727382,10.027807,36108492767,2947096154
1749207594006,package-0,13.945766,10.235692,36136230428,2967394991
1749207596006,package-0,13.898707,10.172215,36163911265,2987626995
1749207598006,package-0,13.912806,10.173131,36191561035,3007848684
1749207600006,package-0,14.091089,10.25864,36219550954,3028286070
1749207602006,package-0,13.907557,10.17545,36247397196,3048673225
1749207604006,package-0,13.931177,10.200535,36275309722,3069136124
1749207606006,package-0,13.908473,10.152501,36303091573,3089458521
1749207608006,package-0,13.927577,10.195409,36330948801,3109871189
1749207610006,package-0,13.949306,10.214756,36358622864,3130094159
1749207612006,package-0,13.93606,10.208042,36386490712,3150509695
1749207614006,package-0,13.939173,10.199681,36414332743,3170918396
1749207616006,package-0,13.840662,10.116124,36442079925,3191224679
1749207618006,package-0,13.86349,10.156407,36469772115,3211495379
1749207620006,package-0,14.050806,10.343357,36497509410,3231821804
1749207622006,package-0,13.833949,10.124364,36525126710,3252027441
1749207624006,package-0,13.888026,10.180272,36552827322,3272307846
1749207626006,package-0,13.826015,10.108617,36580380780,3292462457
1749207628006,package-0,13.870936,10.136632,36608110445,3312767886
1749207630006,package-0,13.754664,10.042699,36635776695,3333004712
1749207632006,package-0,13.927393,10.222447,36663561841,3353371115
1749207634006,package-0,14.057276,10.297459,36691529604,3373865813
1749207636006,package-0,14.034876,10.304661,36719219230,3394127846
1749207638006,package-0,13.995631,10.247898,36747171979,3414608201
1749207640006,package-0,13.934718,10.190221,36774969332,3434956050
1749207642006,package-0,13.834255,10.115086,36802702965,3455252262
1749207644006,package-0,13.828334,10.113255,36830487989,3475613599
1749207646006,package-0,11.342439,7.66856,36854200391,3491957674
1749207648006,package-0,11.47519,7.8007,36877088272,3507513847
1749207650006,package-0,11.452973,7.771404,36899974688,3523045058
1749207652006,package-0,11.444673,7.769938,36922872884,3538597935
1749207654006,package-0,11.428987,7.744182,36945779503,3554134944
1749207656006,package-0,11.487946,7.802959,36968715906,3569714494
1749207658006,package-0,11.448579,7.771342,36991612576,3585257789
1749207660008,package-0,11.403108,7.592449,37014486419,3600652281
1749207662006,package-0,11.512299,7.83427,37037396272,3616225117
1749207664006,package-0,11.486482,7.822062,37060283360,3631778971
1749207666006,package-0,11.447724,7.790019,37083144446,3647320130
1749207668006,package-0,11.454194,7.785014,37106062478,3662872153
1749207670007,package-0,11.448091,7.76176,37128986797,3678432538
1749207672006,package-0,11.442354,7.767253,37151869246,3693970096
1749207674006,package-0,11.492768,7.792583,37174801011,3709534754
1749207676006,package-0,11.491792,7.789287,37197714954,3725083176
1749207678007,package-0,11.474152,7.790446,37220602468,3740625128
1749207680006,package-0,11.491792,7.813151,37243501336,3756168728
1749207682006,package-0,9.432043,5.84636,37264268555,3769682915
1749207684006,package-0,9.466712,5.892257,37283188734,3781449547
1749207686006,package-0,9.473181,5.893723,37302106349,3793205072
1749207688006,package-0,9.481726,5.904221,37321029457,3804984155
1749207689009,package-0,9.479284,5.901902,37330519423,3810886057
1749207691006,package-0,9.472021,5.892563,37349396877,3822634379
1749207693006,package-0,9.479468,5.90245,37368331155,3834429575
1749207695006,package-0,9.475745,5.914841,37387240714,3846213908
1749207697006,package-0,9.459326,5.884262,37406150150,3857979564
1749207699006,package-0,9.438697,5.874496,37425046159,3869737529
1749207701006,package-0,9.479346,5.916489,37443993437,3881562939
1749207703008,package-0,9.470496,5.90178,37462929851,3893379437
1749207705006,package-0,9.466162,5.907761,37481820122,3905145703
1749207707006,package-0,9.460181,5.895981,37500727118,3916919049
1749207709006,package-0,9.469092,5.902329,37519655231,3928712293
1749207711007,package-0,9.485205,5.91716,37538577118,3940500837
1749207713006,package-0,9.457984,5.887436,37557477522,3952273573
1749207715006,package-0,9.482458,5.91008,37576413935,3964088545
1749207717006,package-0,9.420142,5.84752,37595305855,3975835952
1749207719006,package-0,9.478187,5.899582,37614229635,3987616866
1749207721007,package-0,9.468787,5.886765,37633110324,3999221268
1749207723008,package-0,9.431799,5.863266,37652053512,4011031479
1749207725006,package-0,9.46128,5.876999,37670924558,4022765702
1749207727006,package-0,9.455909,5.889267,37689843699,4034540330
1749207729006,package-0,9.455176,5.891465,37708764366,4046322710
1749207731006,package-0,9.457739,5.878648,37727668675,4058082934
1749207733006,package-0,9.468115,5.886094,37746587755,4069855975
1749207735006,package-0,9.46189,5.88591,37765502258,4081620654
1749207737006,package-0,9.456397,5.87883,37784411267,4093382343
1749207739006,package-0,9.466101,5.912278,37803323816,4105186756
