SourceFile,Timestamp,userTime (Ticks),systemTime (Ticks)
/proc/stat,1748990846378,2318908,283727
/proc/22533/stat,1748990846385,3243,204
/proc/stat,1748990847069,2319134,283747
/proc/22533/stat,1748990847074,3458,218
/proc/stat,1748990848065,2319430,283772
/proc/22533/stat,1748990848069,3753,238
/proc/stat,1748990849065,2319742,283795
/proc/22533/stat,1748990849070,4061,255
/proc/stat,1748990850067,2320049,283817
/proc/22533/stat,1748990850073,4359,275
/proc/stat,1748990851065,2320352,283835
/proc/22533/stat,1748990851071,4660,288
/proc/stat,1748990852066,2320659,283862
/proc/22533/stat,1748990852071,4956,310
/proc/stat,1748990853065,2320959,283886
/proc/22533/stat,1748990853069,5252,328
/proc/stat,1748990854063,2321260,283904
/proc/22533/stat,1748990854068,5551,343
/proc/stat,1748990855066,2321590,283925
/proc/22533/stat,1748990855071,5877,361
/proc/stat,1748990856066,2321904,283945
/proc/22533/stat,1748990856070,6186,377
/proc/stat,1748990857064,2322144,283967
/proc/22533/stat,1748990857069,6424,396
/proc/stat,1748990858064,2322426,283982
/proc/22533/stat,1748990858069,6702,407
/proc/stat,1748990859064,2322710,284004
/proc/22533/stat,1748990859068,6981,424
/proc/stat,1748990860066,2323044,284022
/proc/22533/stat,1748990860071,7310,439
/proc/stat,1748990861070,2323414,284042
/proc/22533/stat,1748990861074,7669,455
/proc/stat,1748990862082,2323762,284066
/proc/22533/stat,1748990862086,8011,477
/proc/stat,1748990863065,2324044,284083
/proc/22533/stat,1748990863069,8289,488
/proc/stat,1748990864060,2324262,284097
/proc/22533/stat,1748990864065,8508,497
/proc/stat,1748990865060,2324431,284106
/proc/22533/stat,1748990865063,8673,503
/proc/stat,1748990866068,2324745,284125
/proc/22533/stat,1748990866071,8980,519
/proc/stat,1748990867069,2325100,284155
/proc/22533/stat,1748990867073,9320,545
/proc/stat,1748990868065,2325451,284185
/proc/22533/stat,1748990868068,9666,571
/proc/stat,1748990869065,2325771,284207
/proc/22533/stat,1748990869068,9983,590
/proc/stat,1748990870076,2326084,284222
/proc/22533/stat,1748990870079,10294,600
/proc/stat,1748990871064,2326375,284243
/proc/22533/stat,1748990871067,10570,617
/proc/stat,1748990872062,2326620,284262
/proc/22533/stat,1748990872065,10807,632
/proc/stat,1748990873060,2326864,284280
/proc/22533/stat,1748990873065,11051,647
/proc/stat,1748990874061,2327086,284301
/proc/22533/stat,1748990874066,11272,661
/proc/stat,1748990875061,2327300,284317
/proc/22533/stat,1748990875064,11481,672
/proc/stat,1748990876063,2327511,284337
/proc/22533/stat,1748990876068,11694,688
/proc/stat,1748990877062,2327771,284353
/proc/22533/stat,1748990877066,11948,699
/proc/stat,1748990878064,2327980,284369
/proc/22533/stat,1748990878067,12139,711
/proc/stat,1748990879060,2328192,284387
/proc/22533/stat,1748990879063,12326,726
/proc/stat,1748990880061,2328384,284401
/proc/22533/stat,1748990880064,12521,735
/proc/stat,1748990881060,2328577,284418
/proc/22533/stat,1748990881063,12712,749
/proc/stat,1748990882062,2328768,284435
/proc/22533/stat,1748990882067,12903,763
/proc/stat,1748990883063,2328964,284454
/proc/22533/stat,1748990883066,13094,777
/proc/stat,1748990884062,2329149,284475
/proc/22533/stat,1748990884064,13280,793
/proc/stat,1748990885061,2329330,284502
/proc/22533/stat,1748990885064,13465,815
/proc/stat,1748990886060,2329514,284529
/proc/22533/stat,1748990886062,13646,839
/proc/stat,1748990887061,2329700,284551
/proc/22533/stat,1748990887063,13836,854
/proc/stat,1748990888060,2329887,284572
/proc/22533/stat,1748990888063,14023,871
/proc/stat,1748990889059,2330078,284587
/proc/22533/stat,1748990889062,14217,883
/proc/stat,1748990890060,2330268,284601
/proc/22533/stat,1748990890063,14411,893
/proc/stat,1748990891060,2330458,284618
/proc/22533/stat,1748990891064,14601,907
/proc/stat,1748990892061,2330648,284631
/proc/22533/stat,1748990892064,14794,919
/proc/stat,1748990893060,2330836,284652
/proc/22533/stat,1748990893063,14981,935
/proc/stat,1748990894063,2331032,284670
/proc/22533/stat,1748990894066,15172,949
/proc/stat,1748990895060,2331228,284687
/proc/22533/stat,1748990895063,15363,962
/proc/stat,1748990896064,2331433,284704
/proc/22533/stat,1748990896067,15572,976
/proc/stat,1748990897062,2331653,284729
/proc/22533/stat,1748990897064,15787,996
/proc/stat,1748990898060,2331839,284748
/proc/22533/stat,1748990898063,15976,1011
/proc/stat,1748990899060,2332027,284768
/proc/22533/stat,1748990899063,16166,1027
/proc/stat,1748990900062,2332217,284785
/proc/22533/stat,1748990900064,16358,1041
/proc/stat,1748990901060,2332406,284804
/proc/22533/stat,1748990901063,16542,1057
/proc/stat,1748990902062,2332613,284825
/proc/22533/stat,1748990902065,16746,1078
/proc/stat,1748990903063,2332808,284851
/proc/22533/stat,1748990903065,16948,1105
/proc/stat,1748990904060,2332996,284870
/proc/22533/stat,1748990904063,17136,1125
/proc/stat,1748990905062,2333188,284883
/proc/22533/stat,1748990905066,17327,1139
/proc/stat,1748990906062,2333381,284900
/proc/22533/stat,1748990906065,17514,1155
/proc/stat,1748990907062,2333574,284921
/proc/22533/stat,1748990907065,17704,1169
/proc/stat,1748990908061,2333764,284950
/proc/22533/stat,1748990908064,17893,1186
/proc/stat,1748990909063,2333962,284976
/proc/22533/stat,1748990909067,18085,1202
/proc/stat,1748990910061,2334164,284997
/proc/22533/stat,1748990910065,18279,1216
/proc/stat,1748990911060,2334360,285018
/proc/22533/stat,1748990911063,18472,1229
/proc/stat,1748990912060,2334557,285039
/proc/22533/stat,1748990912063,18664,1242
/proc/stat,1748990913059,2334753,285064
/proc/22533/stat,1748990913062,18855,1256
/proc/stat,1748990914061,2334946,285082
/proc/22533/stat,1748990914064,19050,1268
/proc/stat,1748990915061,2335136,285107
/proc/22533/stat,1748990915063,19241,1284
/proc/stat,1748990916059,2335333,285121
/proc/22533/stat,1748990916063,19436,1294
/proc/stat,1748990917060,2335529,285137
/proc/22533/stat,1748990917063,19627,1306
/proc/stat,1748990918062,2335736,285157
/proc/22533/stat,1748990918065,19837,1322
/proc/stat,1748990919061,2335933,285180
/proc/22533/stat,1748990919064,20037,1341
/proc/stat,1748990920075,2336118,285206
/proc/22533/stat,1748990920078,20224,1362
/proc/stat,1748990921061,2336308,285220
/proc/22533/stat,1748990921064,20415,1374
/proc/stat,1748990922060,2336502,285231
/proc/22533/stat,1748990922063,20614,1381
/proc/stat,1748990923060,2336693,285246
/proc/22533/stat,1748990923063,20806,1393
/proc/stat,1748990924061,2336890,285262
/proc/22533/stat,1748990924065,21000,1406
/proc/stat,1748990925061,2337078,285284
/proc/22533/stat,1748990925065,21187,1424
/proc/stat,1748990926064,2337272,285300
/proc/22533/stat,1748990926067,21381,1434
/proc/stat,1748990927063,2337469,285314
/proc/22533/stat,1748990927066,21577,1444
/proc/stat,1748990928062,2337672,285329
/proc/22533/stat,1748990928064,21771,1455
/proc/stat,1748990929061,2337856,285347
/proc/22533/stat,1748990929066,21962,1468
/proc/stat,1748990930061,2338045,285366
/proc/22533/stat,1748990930064,22152,1484
/proc/stat,1748990931062,2338250,285384
/proc/22533/stat,1748990931064,22343,1498
/proc/stat,1748990932060,2338445,285399
/proc/22533/stat,1748990932063,22537,1509
/proc/stat,1748990933060,2338644,285415
/proc/22533/stat,1748990933063,22729,1520
/proc/stat,1748990934060,2338838,285430
/proc/22533/stat,1748990934063,22923,1532
/proc/stat,1748990935059,2339022,285448
/proc/22533/stat,1748990935062,23108,1546
/proc/stat,1748990936061,2339193,285485
/proc/22533/stat,1748990936063,23279,1580
/proc/stat,1748990937060,2339379,285502
/proc/22533/stat,1748990937062,23470,1594
/proc/stat,1748990938060,2339570,285518
/proc/22533/stat,1748990938063,23664,1607
/proc/stat,1748990939063,2339770,285534
/proc/22533/stat,1748990939066,23860,1617
/proc/stat,1748990940061,2339961,285549
/proc/22533/stat,1748990940064,24052,1629
/proc/stat,1748990941063,2340158,285566
/proc/22533/stat,1748990941066,24244,1644
/proc/stat,1748990942069,2340353,285583
/proc/22533/stat,1748990942072,24438,1655
/proc/stat,1748990943060,2340543,285602
/proc/22533/stat,1748990943063,24627,1670
/proc/stat,1748990944059,2340733,285621
/proc/22533/stat,1748990944062,24817,1685
/proc/stat,1748990945059,2340924,285635
/proc/22533/stat,1748990945061,25012,1696
/proc/stat,1748990946064,2341116,285656
/proc/22533/stat,1748990946067,25202,1712
/proc/stat,1748990947060,2341302,285674
/proc/22533/stat,1748990947063,25390,1727
/proc/stat,1748990948060,2341493,285690
/proc/22533/stat,1748990948062,25583,1739
/proc/stat,1748990949061,2341687,285705
/proc/22533/stat,1748990949064,25776,1749
/proc/stat,1748990950060,2341880,285720
/proc/22533/stat,1748990950063,25967,1763
/proc/stat,1748990951060,2342072,285734
/proc/22533/stat,1748990951063,26161,1773
/proc/stat,1748990952060,2342254,285757
/proc/22533/stat,1748990952063,26345,1795
/proc/stat,1748990953059,2342449,285782
/proc/22533/stat,1748990953061,26528,1817
/proc/stat,1748990954060,2342640,285801
/proc/22533/stat,1748990954062,26718,1831
/proc/stat,1748990955060,2342834,285814
/proc/22533/stat,1748990955062,26912,1840
/proc/stat,1748990956060,2343021,285836
/proc/22533/stat,1748990956063,27100,1858
/proc/stat,1748990957060,2343214,285852
/proc/22533/stat,1748990957063,27291,1871
/proc/stat,1748990958060,2343405,285868
/proc/22533/stat,1748990958063,27486,1881
/proc/stat,1748990959059,2343599,285886
/proc/22533/stat,1748990959062,27676,1896
/proc/stat,1748990960060,2343788,285905
/proc/22533/stat,1748990960062,27865,1912
/proc/stat,1748990961060,2343981,285920
/proc/22533/stat,1748990961063,28060,1924
/proc/stat,1748990962060,2344174,285937
/proc/22533/stat,1748990962062,28251,1938
/proc/stat,1748990963062,2344363,285953
/proc/22533/stat,1748990963065,28442,1952
/proc/stat,1748990964061,2344549,285970
/proc/22533/stat,1748990964064,28633,1965
/proc/stat,1748990965060,2344738,285990
/proc/22533/stat,1748990965063,28821,1982
/proc/stat,1748990966060,2344929,286003
/proc/22533/stat,1748990966063,29016,1991
/proc/stat,1748990967060,2345123,286018
/proc/22533/stat,1748990967063,29209,2002
/proc/stat,1748990968061,2345310,286042
/proc/22533/stat,1748990968064,29398,2022
/proc/stat,1748990969062,2345494,286072
/proc/22533/stat,1748990969066,29573,2048
/proc/stat,1748990970060,2345678,286094
/proc/22533/stat,1748990970063,29757,2067
/proc/stat,1748990971062,2345868,286110
/proc/22533/stat,1748990971065,29949,2079
/proc/stat,1748990972062,2346064,286128
/proc/22533/stat,1748990972065,30139,2094
/proc/stat,1748990973066,2346260,286147
/proc/22533/stat,1748990973069,30330,2109
/proc/stat,1748990974064,2346452,286164
/proc/22533/stat,1748990974066,30521,2122
/proc/stat,1748990975059,2346642,286182
/proc/22533/stat,1748990975062,30710,2135
/proc/stat,1748990976060,2346821,286208
/proc/22533/stat,1748990976063,30894,2157
/proc/stat,1748990977060,2347009,286229
/proc/22533/stat,1748990977063,31083,2174
/proc/stat,1748990978060,2347202,286248
/proc/22533/stat,1748990978062,31273,2188
/proc/stat,1748990979059,2347388,286268
/proc/22533/stat,1748990979062,31462,2205
/proc/stat,1748990980059,2347580,286282
/proc/22533/stat,1748990980061,31656,2215
/proc/stat,1748990981060,2347775,286297
/proc/22533/stat,1748990981063,31848,2227
/proc/stat,1748990982060,2347969,286313
/proc/22533/stat,1748990982063,32040,2237
/proc/stat,1748990983060,2348162,286332
/proc/22533/stat,1748990983062,32231,2252
/proc/stat,1748990984061,2348349,286353
/proc/22533/stat,1748990984064,32419,2269
/proc/stat,1748990985060,2348539,286375
/proc/22533/stat,1748990985063,32609,2288
/proc/stat,1748990986061,2348716,286407
/proc/22533/stat,1748990986064,32785,2319
/proc/stat,1748990987059,2348914,286424
/proc/22533/stat,1748990987061,32976,2332
/proc/stat,1748990988060,2349109,286439
/proc/22533/stat,1748990988063,33169,2344
/proc/stat,1748990989059,2349298,286454
/proc/22533/stat,1748990989061,33361,2357
/proc/stat,1748990990059,2349485,286477
/proc/22533/stat,1748990990061,33548,2377
/proc/stat,1748990991060,2349679,286491
/proc/22533/stat,1748990991063,33743,2387
/proc/stat,1748990992060,2349866,286514
/proc/22533/stat,1748990992062,33929,2405
/proc/stat,1748990993091,2350074,286534
/proc/22533/stat,1748990993094,34127,2418
/proc/stat,1748990994060,2350261,286550
/proc/22533/stat,1748990994063,34314,2428
/proc/stat,1748990995060,2350451,286570
/proc/22533/stat,1748990995062,34503,2444
/proc/stat,1748990996059,2350644,286589
/proc/22533/stat,1748990996062,34693,2459
/proc/stat,1748990997060,2350835,286606
/proc/22533/stat,1748990997062,34884,2472
/proc/stat,1748990998059,2351024,286620
/proc/22533/stat,1748990998062,35076,2485
/proc/stat,1748990999059,2351214,286640
/proc/22533/stat,1748990999061,35264,2502
/proc/stat,1748991000058,2351406,286657
/proc/22533/stat,1748991000060,35453,2517
/proc/stat,1748991001060,2351596,286676
/proc/22533/stat,1748991001062,35642,2533
/proc/stat,1748991002073,2351785,286700
/proc/22533/stat,1748991002077,35829,2553
/proc/stat,1748991003059,2351969,286723
/proc/22533/stat,1748991003062,36012,2572
/proc/stat,1748991004059,2352160,286741
/proc/22533/stat,1748991004062,36203,2587
/proc/stat,1748991005059,2352348,286755
/proc/22533/stat,1748991005061,36394,2598
/proc/stat,1748991006059,2352532,286776
/proc/22533/stat,1748991006066,36582,2615
/proc/stat,1748991007059,2352717,286790
/proc/22533/stat,1748991007061,36770,2629
/proc/stat,1748991008059,2352906,286804
/proc/22533/stat,1748991008061,36962,2641
/proc/stat,1748991009061,2353088,286828
/proc/22533/stat,1748991009063,37150,2660
/proc/stat,1748991010059,2353281,286846
/proc/22533/stat,1748991010061,37341,2674
/proc/stat,1748991011061,2353472,286864
/proc/22533/stat,1748991011064,37530,2689
/proc/stat,1748991012060,2353667,286880
/proc/22533/stat,1748991012062,37722,2702
/proc/stat,1748991013058,2353857,286899
/proc/22533/stat,1748991013060,37910,2718
/proc/stat,1748991014059,2354042,286919
/proc/22533/stat,1748991014061,38101,2733
/proc/stat,1748991015058,2354239,286934
/proc/22533/stat,1748991015060,38293,2745
/proc/stat,1748991016060,2354433,286951
/proc/22533/stat,1748991016062,38485,2758
/proc/stat,1748991017060,2354624,286966
/proc/22533/stat,1748991017062,38679,2768
/proc/stat,1748991018061,2354823,286988
/proc/22533/stat,1748991018063,38872,2786
/proc/stat,1748991019059,2355008,287016
/proc/22533/stat,1748991019062,39057,2812
/proc/stat,1748991020061,2355193,287034
/proc/22533/stat,1748991020062,39247,2829
/proc/stat,1748991021060,2355389,287054
/proc/22533/stat,1748991021062,39437,2845
/proc/stat,1748991022059,2355582,287072
/proc/22533/stat,1748991022062,39630,2858
/proc/stat,1748991023059,2355775,287087
/proc/22533/stat,1748991023061,39819,2872
/proc/stat,1748991024060,2355967,287101
/proc/22533/stat,1748991024063,40013,2883
/proc/stat,1748991025059,2356164,287118
/proc/22533/stat,1748991025061,40205,2895
/proc/stat,1748991026059,2356355,287137
/proc/22533/stat,1748991026061,40396,2911
/proc/stat,1748991027059,2356550,287152
/proc/22533/stat,1748991027061,40590,2922
/proc/stat,1748991028059,2356741,287168
/proc/22533/stat,1748991028061,40782,2935
/proc/stat,1748991029060,2356926,287181
/proc/22533/stat,1748991029062,40976,2944
/proc/stat,1748991030074,2357123,287199
/proc/22533/stat,1748991030076,41173,2957
/proc/stat,1748991031059,2357309,287218
/proc/22533/stat,1748991031062,41359,2972
/proc/stat,1748991032059,2357512,287235
/proc/22533/stat,1748991032062,41562,2984
/proc/stat,1748991033059,2357707,287250
/proc/22533/stat,1748991033062,41756,2996
/proc/stat,1748991034061,2357906,287271
/proc/22533/stat,1748991034063,41954,3012
/proc/stat,1748991035061,2358087,287298
/proc/22533/stat,1748991035064,42136,3035
/proc/stat,1748991036059,2358266,287326
/proc/22533/stat,1748991036062,42318,3059
/proc/stat,1748991037066,2358468,287344
/proc/22533/stat,1748991037069,42519,3074
/proc/stat,1748991038061,2358664,287357
/proc/22533/stat,1748991038063,42714,3083
/proc/stat,1748991039059,2358850,287378
/proc/22533/stat,1748991039062,42903,3099
/proc/stat,1748991040059,2359034,287400
/proc/22533/stat,1748991040061,43089,3117
/proc/stat,1748991041061,2359229,287414
/proc/22533/stat,1748991041063,43285,3126
/proc/stat,1748991042060,2359424,287428
/proc/22533/stat,1748991042063,43480,3137
/proc/stat,1748991043059,2359615,287443
/proc/22533/stat,1748991043061,43674,3149
/proc/stat,1748991044059,2359801,287462
/proc/22533/stat,1748991044061,43863,3165
/proc/stat,1748991045059,2359992,287477
/proc/22533/stat,1748991045061,44054,3176
/proc/stat,1748991046059,2360180,287493
/proc/22533/stat,1748991046061,44247,3190
/proc/stat,1748991047063,2360372,287511
/proc/22533/stat,1748991047066,44437,3205
/proc/stat,1748991048060,2360568,287524
/proc/22533/stat,1748991048063,44630,3216
/proc/stat,1748991049061,2360762,287540
/proc/22533/stat,1748991049063,44824,3227
/proc/stat,1748991050059,2360955,287555
/proc/22533/stat,1748991050062,45016,3239
/proc/stat,1748991051059,2361139,287576
/proc/22533/stat,1748991051063,45201,3255
/proc/stat,1748991052060,2361318,287605
/proc/22533/stat,1748991052062,45378,3282
/proc/stat,1748991053059,2361518,287624
/proc/22533/stat,1748991053061,45579,3296
/proc/stat,1748991054059,2361707,287642
/proc/22533/stat,1748991054061,45767,3313
/proc/stat,1748991055059,2361895,287660
/proc/22533/stat,1748991055061,45957,3326
/proc/stat,1748991056060,2362089,287676
/proc/22533/stat,1748991056062,46149,3339
/proc/stat,1748991057060,2362276,287695
/proc/22533/stat,1748991057062,46338,3354
/proc/stat,1748991058067,2362468,287714
/proc/22533/stat,1748991058070,46530,3369
/proc/stat,1748991059063,2362660,287731
/proc/22533/stat,1748991059065,46720,3382
/proc/stat,1748991060058,2362850,287746
/proc/22533/stat,1748991060061,46913,3393
/proc/stat,1748991061059,2363038,287766
/proc/22533/stat,1748991061061,47101,3409
/proc/stat,1748991062061,2363233,287779
/proc/22533/stat,1748991062063,47295,3420
/proc/stat,1748991063059,2363426,287798
/proc/22533/stat,1748991063062,47485,3434
/proc/stat,1748991064059,2363619,287812
/proc/22533/stat,1748991064062,47679,3444
/proc/stat,1748991065060,2363816,287824
/proc/22533/stat,1748991065062,47874,3454
/proc/stat,1748991066059,2364001,287843
/proc/22533/stat,1748991066061,48064,3471
/proc/stat,1748991067059,2364191,287862
/proc/22533/stat,1748991067060,48253,3485
/proc/stat,1748991068060,2364380,287892
/proc/22533/stat,1748991068061,48442,3511
/proc/stat,1748991069059,2364554,287926
/proc/22533/stat,1748991069062,48617,3540
/proc/stat,1748991070059,2364742,287941
/proc/22533/stat,1748991070061,48809,3552
/proc/stat,1748991071060,2364935,287958
/proc/22533/stat,1748991071062,49001,3564
/proc/stat,1748991072060,2365130,287981
/proc/22533/stat,1748991072063,49186,3583
/proc/stat,1748991073060,2365323,287998
/proc/22533/stat,1748991073062,49379,3595
/proc/stat,1748991074059,2365512,288013
/proc/22533/stat,1748991074061,49569,3608
/proc/stat,1748991075060,2365700,288033
/proc/22533/stat,1748991075062,49758,3622
/proc/stat,1748991076061,2365899,288046
/proc/22533/stat,1748991076064,49955,3633
/proc/stat,1748991077060,2366094,288058
/proc/22533/stat,1748991077062,50148,3645
/proc/stat,1748991078059,2366283,288078
/proc/22533/stat,1748991078061,50337,3660
/proc/stat,1748991079059,2366468,288101
/proc/22533/stat,1748991079061,50524,3679
/proc/stat,1748991080060,2366661,288120
/proc/22533/stat,1748991080062,50716,3694
/proc/stat,1748991081060,2366855,288131
/proc/22533/stat,1748991081061,50914,3702
/proc/stat,1748991082060,2367044,288150
/proc/22533/stat,1748991082063,51103,3718
/proc/stat,1748991083061,2367229,288167
/proc/22533/stat,1748991083063,51292,3732
/proc/stat,1748991084061,2367416,288186
/proc/22533/stat,1748991084063,51482,3748
/proc/stat,1748991085060,2367594,288214
/proc/22533/stat,1748991085063,51661,3772
/proc/stat,1748991086059,2367776,288237
/proc/22533/stat,1748991086062,51846,3791
/proc/stat,1748991087059,2367966,288252
/proc/22533/stat,1748991087061,52039,3802
/proc/stat,1748991088060,2368158,288272
/proc/22533/stat,1748991088062,52224,3820
/proc/stat,1748991089059,2368342,288291
/proc/22533/stat,1748991089062,52409,3840
/proc/stat,1748991090059,2368523,288309
/proc/22533/stat,1748991090061,52593,3859
/proc/stat,1748991091059,2368706,288324
/proc/22533/stat,1748991091061,52777,3879
/proc/stat,1748991092059,2368896,288337
/proc/22533/stat,1748991092061,52968,3893
/proc/stat,1748991093060,2369076,288356
/proc/22533/stat,1748991093062,53153,3912
/proc/stat,1748991094063,2369268,288372
/proc/22533/stat,1748991094065,53343,3933
/proc/stat,1748991095062,2369542,288392
/proc/22533/stat,1748991095065,53617,3954
/proc/stat,1748991096061,2369806,288411
/proc/22533/stat,1748991096063,53869,3968
/proc/stat,1748991097061,2370003,288435
/proc/22533/stat,1748991097063,54064,3979
/proc/stat,1748991098060,2370194,288461
/proc/22533/stat,1748991098062,54256,3992
/proc/stat,1748991099060,2370391,288476
/proc/22533/stat,1748991099063,54450,4003
/proc/stat,1748991100063,2370597,288497
/proc/22533/stat,1748991100065,54645,4014
/proc/stat,1748991101067,2370792,288521
/proc/22533/stat,1748991101070,54834,4030
/proc/stat,1748991102063,2370964,288566
/proc/22533/stat,1748991102066,55000,4066
/proc/stat,1748991103059,2371159,288591
/proc/22533/stat,1748991103061,55191,4081
/proc/stat,1748991104060,2371354,288610
/proc/22533/stat,1748991104062,55384,4094
/proc/stat,1748991105060,2371552,288632
/proc/22533/stat,1748991105062,55573,4110
/proc/stat,1748991106060,2371748,288651
/proc/22533/stat,1748991106062,55768,4121
/proc/stat,1748991107059,2371936,288674
/proc/22533/stat,1748991107062,55960,4134
/proc/stat,1748991108059,2372128,288698
/proc/22533/stat,1748991108061,56150,4149
/proc/stat,1748991109059,2372321,288718
/proc/22533/stat,1748991109061,56341,4162
/proc/stat,1748991110059,2372509,288736
/proc/22533/stat,1748991110061,56533,4175
/proc/stat,1748991111058,2372696,288757
/proc/22533/stat,1748991111060,56721,4191
/proc/stat,1748991112059,2372881,288782
/proc/22533/stat,1748991112061,56904,4211
/proc/stat,1748991113059,2373076,288802
/proc/22533/stat,1748991113061,57095,4226
/proc/stat,1748991114059,2373269,288821
/proc/22533/stat,1748991114061,57285,4240
/proc/stat,1748991115059,2373456,288840
/proc/22533/stat,1748991115061,57473,4256
/proc/stat,1748991116060,2373643,288859
/proc/22533/stat,1748991116062,57662,4271
/proc/stat,1748991117059,2373834,288876
/proc/22533/stat,1748991117062,57855,4284
/proc/stat,1748991118060,2374016,288901
/proc/22533/stat,1748991118062,58034,4305
/proc/stat,1748991119059,2374191,288938
/proc/22533/stat,1748991119061,58206,4338
/proc/stat,1748991120063,2374381,288959
/proc/22533/stat,1748991120065,58396,4354
/proc/stat,1748991121060,2374568,288975
/proc/22533/stat,1748991121062,58582,4369
/proc/stat,1748991122059,2374756,288992
/proc/22533/stat,1748991122062,58772,4384
/proc/stat,1748991123059,2374947,289008
/proc/22533/stat,1748991123061,58963,4397
/proc/stat,1748991124058,2375138,289027
/proc/22533/stat,1748991124061,59153,4414
/proc/stat,1748991125058,2375342,289038
/proc/22533/stat,1748991125060,59350,4421
/proc/stat,1748991126058,2375534,289057
/proc/22533/stat,1748991126060,59541,4435
/proc/stat,1748991127058,2375725,289071
/proc/22533/stat,1748991127060,59732,4448
/proc/stat,1748991128058,2375918,289088
/proc/22533/stat,1748991128059,59922,4462
/proc/stat,1748991129058,2376110,289104
/proc/22533/stat,1748991129060,60113,4476
/proc/stat,1748991130059,2376302,289118
/proc/22533/stat,1748991130060,60307,4486
/proc/stat,1748991131059,2376487,289138
/proc/22533/stat,1748991131062,60493,4504
/proc/stat,1748991132059,2376682,289154
/proc/22533/stat,1748991132062,60685,4514
/proc/stat,1748991133058,2376876,289167
/proc/22533/stat,1748991133061,60880,4524
/proc/stat,1748991134058,2377066,289190
/proc/22533/stat,1748991134061,61067,4544
/proc/stat,1748991135059,2377249,289219
/proc/22533/stat,1748991135062,61244,4570
/proc/stat,1748991136058,2377437,289240
/proc/22533/stat,1748991136061,61432,4588
/proc/stat,1748991137059,2377628,289258
/proc/22533/stat,1748991137061,61623,4603
/proc/stat,1748991138058,2377820,289274
/proc/22533/stat,1748991138059,61816,4616
/proc/stat,1748991139059,2378012,289289
/proc/22533/stat,1748991139061,62010,4628
/proc/stat,1748991140059,2378206,289306
/proc/22533/stat,1748991140061,62202,4639
/proc/stat,1748991141058,2378398,289325
/proc/22533/stat,1748991141060,62391,4656
/proc/stat,1748991142058,2378585,289348
/proc/22533/stat,1748991142060,62576,4675
/proc/stat,1748991143058,2378775,289369
/proc/22533/stat,1748991143060,62762,4691
/proc/stat,1748991144059,2378962,289386
/proc/22533/stat,1748991144061,62953,4705
/proc/stat,1748991145058,2379150,289401
/proc/22533/stat,1748991145060,63144,4718
/proc/stat,1748991146059,2379339,289421
/proc/22533/stat,1748991146061,63334,4734
/proc/stat,1748991147058,2379529,289437
/proc/22533/stat,1748991147060,63526,4747
/proc/stat,1748991148059,2379718,289452
/proc/22533/stat,1748991148062,63719,4759
/proc/stat,1748991149058,2379909,289467
/proc/22533/stat,1748991149061,63913,4771
/proc/stat,1748991150058,2380101,289483
/proc/22533/stat,1748991150060,64103,4784
/proc/stat,1748991151060,2380283,289501
/proc/22533/stat,1748991151062,64285,4799
/proc/stat,1748991152058,2380462,289531
/proc/22533/stat,1748991152059,64461,4827
/proc/stat,1748991153058,2380656,289547
/proc/22533/stat,1748991153059,64652,4841
/proc/stat,1748991154059,2380848,289564
/proc/22533/stat,1748991154061,64844,4854
/proc/stat,1748991155059,2381036,289583
/proc/22533/stat,1748991155061,65033,4870
/proc/stat,1748991156061,2381228,289600
/proc/22533/stat,1748991156063,65223,4884
/proc/stat,1748991157058,2381418,289619
/proc/22533/stat,1748991157061,65413,4900
/proc/stat,1748991158058,2381605,289638
/proc/22533/stat,1748991158060,65602,4917
/proc/stat,1748991159059,2381788,289660
/proc/22533/stat,1748991159061,65788,4935
/proc/stat,1748991160058,2381979,289679
/proc/22533/stat,1748991160060,65979,4950
/proc/stat,1748991161058,2382169,289698
/proc/22533/stat,1748991161060,66169,4964
/proc/stat,1748991162058,2382362,289713
/proc/22533/stat,1748991162059,66363,4975
/proc/stat,1748991163057,2382552,289732
/proc/22533/stat,1748991163059,66552,4991
/proc/stat,1748991164058,2382742,289748
/proc/22533/stat,1748991164060,66743,5005
/proc/stat,1748991165063,2382934,289765
/proc/22533/stat,1748991165065,66936,5017
/proc/stat,1748991166061,2383126,289785
/proc/22533/stat,1748991166064,67125,5034
/proc/stat,1748991167060,2383312,289806
/proc/22533/stat,1748991167062,67314,5052
/proc/stat,1748991168060,2383489,289833
/proc/22533/stat,1748991168062,67490,5077
/proc/stat,1748991169059,2383666,289858
/proc/22533/stat,1748991169061,67670,5099
/proc/stat,1748991170059,2383850,289881
/proc/22533/stat,1748991170062,67858,5117
/proc/stat,1748991171059,2384044,289895
/proc/22533/stat,1748991171061,68051,5128
/proc/stat,1748991172059,2384232,289914
/proc/22533/stat,1748991172061,68241,5143
/proc/stat,1748991173058,2384423,289932
/proc/22533/stat,1748991173060,68430,5157
/proc/stat,1748991174059,2384618,289948
/proc/22533/stat,1748991174061,68622,5169
/proc/stat,1748991175059,2384818,289961
/proc/22533/stat,1748991175062,68818,5178
/proc/stat,1748991176059,2385005,289981
/proc/22533/stat,1748991176062,69006,5195
/proc/stat,1748991177059,2385200,289996
/proc/22533/stat,1748991177061,69198,5206
/proc/stat,1748991178058,2385389,290016
/proc/22533/stat,1748991178061,69388,5222
/proc/stat,1748991179058,2385583,290032
/proc/22533/stat,1748991179061,69579,5234
/proc/stat,1748991180058,2385775,290052
/proc/22533/stat,1748991180060,69769,5250
/proc/stat,1748991181057,2385965,290075
/proc/22533/stat,1748991181059,69954,5269
/proc/stat,1748991182058,2386154,290094
/proc/22533/stat,1748991182060,70143,5284
/proc/stat,1748991183058,2386347,290109
/proc/22533/stat,1748991183060,70336,5297
/proc/stat,1748991184060,2386537,290127
/proc/22533/stat,1748991184062,70528,5311
/proc/stat,1748991185060,2386706,290166
/proc/22533/stat,1748991185062,70696,5345
/proc/stat,1748991186058,2386902,290180
/proc/22533/stat,1748991186059,70890,5356
/proc/stat,1748991187058,2387091,290198
/proc/22533/stat,1748991187060,71079,5372
/proc/stat,1748991188058,2387290,290216
/proc/22533/stat,1748991188060,71268,5387
/proc/stat,1748991189058,2387483,290230
/proc/22533/stat,1748991189060,71461,5399
/proc/stat,1748991190058,2387689,290249
/proc/22533/stat,1748991190060,71652,5412
/proc/stat,1748991191058,2387881,290264
/proc/22533/stat,1748991191059,71845,5423
/proc/stat,1748991192058,2388070,290282
/proc/22533/stat,1748991192060,72036,5437
/proc/stat,1748991193058,2388262,290300
/proc/22533/stat,1748991193060,72229,5450
/proc/stat,1748991194058,2388457,290317
/proc/22533/stat,1748991194060,72421,5463
/proc/stat,1748991195057,2388648,290333
/proc/22533/stat,1748991195059,72614,5477
/proc/stat,1748991196057,2388839,290347
/proc/22533/stat,1748991196059,72808,5489
/proc/stat,1748991197058,2389028,290365
/proc/22533/stat,1748991197060,73000,5502
/proc/stat,1748991198058,2389220,290385
/proc/22533/stat,1748991198059,73187,5519
/proc/stat,1748991199058,2389412,290404
/proc/22533/stat,1748991199060,73376,5534
/proc/stat,1748991200065,2389592,290418
/proc/22533/stat,1748991200067,73558,5545
/proc/stat,1748991201059,2389772,290448
/proc/22533/stat,1748991201061,73737,5571
/proc/stat,1748991202059,2389952,290478
/proc/22533/stat,1748991202060,73915,5597
/proc/stat,1748991203058,2390147,290491
/proc/22533/stat,1748991203061,74112,5607
/proc/stat,1748991204058,2390332,290510
/proc/22533/stat,1748991204060,74300,5623
/proc/stat,1748991205058,2390515,290531
/proc/22533/stat,1748991205060,74486,5641
/proc/stat,1748991206057,2390714,290543
/proc/22533/stat,1748991206059,74683,5649
/proc/stat,1748991207058,2390904,290558
/proc/22533/stat,1748991207060,74878,5661
/proc/stat,1748991208058,2391092,290574
/proc/22533/stat,1748991208059,75068,5674
/proc/stat,1748991209058,2391281,290590
/proc/22533/stat,1748991209060,75260,5686
/proc/stat,1748991210058,2391473,290605
/proc/22533/stat,1748991210060,75453,5699
/proc/stat,1748991211057,2391665,290620
/proc/22533/stat,1748991211059,75646,5711
/proc/stat,1748991212059,2391856,290641
/proc/22533/stat,1748991212061,75834,5730
/proc/stat,1748991213058,2392046,290657
/proc/22533/stat,1748991213060,76026,5744
/proc/stat,1748991214059,2392236,290672
/proc/22533/stat,1748991214061,76222,5755
/proc/stat,1748991215058,2392427,290691
/proc/22533/stat,1748991215060,76412,5771
/proc/stat,1748991216058,2392620,290701
/proc/22533/stat,1748991216060,76610,5779
/proc/stat,1748991217057,2392806,290722
/proc/22533/stat,1748991217059,76795,5796
/proc/stat,1748991218059,2392978,290756
/proc/22533/stat,1748991218061,76969,5827
/proc/stat,1748991219058,2393176,290772
/proc/22533/stat,1748991219060,77164,5839
/proc/stat,1748991220058,2393372,290788
/proc/22533/stat,1748991220062,77358,5853
/proc/stat,1748991221058,2393568,290802
/proc/22533/stat,1748991221060,77553,5864
/proc/stat,1748991222057,2393758,290824
/proc/22533/stat,1748991222059,77742,5881
/proc/stat,1748991223061,2393952,290840
/proc/22533/stat,1748991223064,77937,5894
/proc/stat,1748991224057,2394140,290862
/proc/22533/stat,1748991224059,78124,5912
/proc/stat,1748991225060,2394329,290877
/proc/22533/stat,1748991225062,78317,5923
/proc/stat,1748991226059,2394515,290894
/proc/22533/stat,1748991226061,78509,5937
/proc/stat,1748991227061,2394709,290911
/proc/22533/stat,1748991227063,78703,5948
/proc/stat,1748991228062,2394907,290927
/proc/22533/stat,1748991228064,78895,5960
/proc/stat,1748991229067,2395104,290941
/proc/22533/stat,1748991229069,79091,5970
/proc/stat,1748991230064,2395311,290959
/proc/22533/stat,1748991230066,79283,5984
/proc/stat,1748991231058,2395514,290980
/proc/22533/stat,1748991231060,79469,6001
/proc/stat,1748991232058,2395702,291000
/proc/22533/stat,1748991232059,79658,6016
/proc/stat,1748991233059,2395886,291021
/proc/22533/stat,1748991233060,79840,6033
/proc/stat,1748991234059,2396067,291050
/proc/22533/stat,1748991234060,80019,6059
/proc/stat,1748991235059,2396249,291077
/proc/22533/stat,1748991235061,80200,6083
/proc/stat,1748991236058,2396436,291095
/proc/22533/stat,1748991236060,80387,6098
/proc/stat,1748991237058,2396625,291115
/proc/22533/stat,1748991237059,80578,6114
/proc/stat,1748991238058,2396814,291136
/proc/22533/stat,1748991238060,80765,6130
/proc/stat,1748991239058,2397014,291151
/proc/22533/stat,1748991239061,80959,6143
/proc/stat,1748991240058,2397207,291163
/proc/22533/stat,1748991240061,81156,6153
/proc/stat,1748991241058,2397399,291184
/proc/22533/stat,1748991241060,81342,6170
/proc/stat,1748991242059,2397594,291200
/proc/22533/stat,1748991242061,81534,6183
/proc/stat,1748991243058,2397795,291220
/proc/22533/stat,1748991243060,81731,6200
/proc/stat,1748991244058,2397984,291236
/proc/22533/stat,1748991244060,81923,6214
/proc/stat,1748991245057,2398172,291253
/proc/22533/stat,1748991245059,82113,6226
/proc/stat,1748991246057,2398359,291265
/proc/22533/stat,1748991246059,82306,6235
/proc/stat,1748991247059,2398546,291286
/proc/22533/stat,1748991247062,82500,6251
/proc/stat,1748991248062,2398767,291302
/proc/22533/stat,1748991248065,82718,6262
/proc/stat,1748991249058,2398964,291321
/proc/22533/stat,1748991249060,82906,6278
/proc/stat,1748991250058,2399153,291344
/proc/22533/stat,1748991250060,83092,6298
/proc/stat,1748991251058,2399333,291372
/proc/22533/stat,1748991251060,83271,6322
/proc/stat,1748991252057,2399518,291394
/proc/22533/stat,1748991252060,83459,6340
/proc/stat,1748991253058,2399705,291414
/proc/22533/stat,1748991253060,83645,6357
/proc/stat,1748991254057,2399902,291426
/proc/22533/stat,1748991254059,83840,6367
/proc/stat,1748991255057,2400092,291442
/proc/22533/stat,1748991255059,84032,6378
/proc/stat,1748991256058,2400279,291458
/proc/22533/stat,1748991256059,84223,6392
/proc/stat,1748991257058,2400464,291475
/proc/22533/stat,1748991257060,84410,6406
/proc/stat,1748991258058,2400657,291493
/proc/22533/stat,1748991258059,84600,6422
/proc/stat,1748991259058,2400841,291513
/proc/22533/stat,1748991259060,84786,6439
/proc/stat,1748991260058,2401032,291526
/proc/22533/stat,1748991260060,84981,6450
/proc/stat,1748991261058,2401221,291544
/proc/22533/stat,1748991261059,85169,6465
/proc/stat,1748991262058,2401406,291565
/proc/22533/stat,1748991262060,85357,6481
/proc/stat,1748991263058,2401608,291578
/proc/22533/stat,1748991263060,85550,6492
/proc/stat,1748991264058,2401802,291594
/proc/22533/stat,1748991264060,85742,6504
/proc/stat,1748991265058,2401996,291612
/proc/22533/stat,1748991265060,85931,6519
/proc/stat,1748991266057,2402184,291626
/proc/22533/stat,1748991266059,86123,6531
/proc/stat,1748991267058,2402354,291655
/proc/22533/stat,1748991267059,86294,6557
/proc/stat,1748991268058,2402529,291683
/proc/22533/stat,1748991268059,86473,6582
/proc/stat,1748991269058,2402717,291700
/proc/22533/stat,1748991269060,86664,6596
/proc/stat,1748991270058,2402906,291714
/proc/22533/stat,1748991270060,86856,6606
/proc/stat,1748991271058,2403099,291728
/proc/22533/stat,1748991271060,87049,6617
/proc/stat,1748991272058,2403289,291749
/proc/22533/stat,1748991272059,87236,6634
/proc/stat,1748991273057,2403477,291764
/proc/22533/stat,1748991273059,87426,6645
/proc/stat,1748991274057,2403663,291783
/proc/22533/stat,1748991274058,87614,6662
/proc/stat,1748991275058,2403853,291801
/proc/22533/stat,1748991275059,87803,6676
/proc/stat,1748991276057,2404047,291817
/proc/22533/stat,1748991276059,87996,6688
/proc/stat,1748991277058,2404236,291834
/proc/22533/stat,1748991277059,88184,6700
/proc/stat,1748991278058,2404429,291850
/proc/22533/stat,1748991278060,88376,6713
/proc/stat,1748991279057,2404624,291865
/proc/22533/stat,1748991279059,88566,6726
/proc/stat,1748991280059,2404813,291882
/proc/22533/stat,1748991280061,88753,6742
/proc/stat,1748991281057,2405005,291898
/proc/22533/stat,1748991281059,88944,6755
/proc/stat,1748991282058,2405198,291914
/proc/22533/stat,1748991282061,89137,6767
/proc/stat,1748991283059,2405384,291932
/proc/22533/stat,1748991283061,89323,6783
/proc/stat,1748991284058,2405561,291961
/proc/22533/stat,1748991284061,89500,6809
/proc/stat,1748991285059,2405744,291988
/proc/22533/stat,1748991285061,89679,6833
/proc/stat,1748991286058,2405938,292005
/proc/22533/stat,1748991286060,89871,6846
/proc/stat,1748991287058,2406125,292023
/proc/22533/stat,1748991287060,90058,6861
/proc/stat,1748991288058,2406310,292044
/proc/22533/stat,1748991288060,90244,6878
/proc/stat,1748991289058,2406498,292058
/proc/22533/stat,1748991289060,90437,6890
/proc/stat,1748991290058,2406690,292072
/proc/22533/stat,1748991290060,90630,6901
/proc/stat,1748991291058,2406878,292092
/proc/22533/stat,1748991291059,90818,6916
/proc/stat,1748991292058,2407062,292112
/proc/22533/stat,1748991292060,91006,6932
/proc/stat,1748991293059,2407252,292130
/proc/22533/stat,1748991293061,91193,6948
/proc/stat,1748991294058,2407443,292147
/proc/22533/stat,1748991294060,91380,6963
/proc/stat,1748991295059,2407685,292163
/proc/22533/stat,1748991295061,91571,6974
/proc/stat,1748991296057,2407872,292182
/proc/22533/stat,1748991296059,91758,6990
/proc/stat,1748991297058,2408063,292198
/proc/22533/stat,1748991297060,91950,7004
/proc/stat,1748991298057,2408255,292215
/proc/22533/stat,1748991298059,92139,7018
/proc/stat,1748991299058,2408447,292227
/proc/22533/stat,1748991299059,92332,7028
/proc/stat,1748991300064,2408724,292254
/proc/22533/stat,1748991300066,92508,7047
/proc/stat,1748991301059,2408896,292287
/proc/22533/stat,1748991301062,92680,7077
/proc/stat,1748991302058,2409076,292314
/proc/22533/stat,1748991302060,92858,7101
/proc/stat,1748991303058,2409264,292330
/proc/22533/stat,1748991303060,93051,7113
/proc/stat,1748991304058,2409454,292347
/proc/22533/stat,1748991304060,93241,7126
/proc/stat,1748991305058,2409643,292370
/proc/22533/stat,1748991305061,93428,7145
/proc/stat,1748991306058,2409827,292389
/proc/22533/stat,1748991306059,93615,7161
/proc/stat,1748991307059,2410008,292413
/proc/22533/stat,1748991307062,93797,7181
/proc/stat,1748991308058,2410197,292426
/proc/22533/stat,1748991308060,93992,7190
/proc/stat,1748991309059,2410384,292441
/proc/22533/stat,1748991309061,94180,7204
/proc/stat,1748991310058,2410572,292456
/proc/22533/stat,1748991310060,94371,7216
/proc/stat,1748991311057,2410763,292473
/proc/22533/stat,1748991311059,94561,7230
/proc/stat,1748991312058,2410952,292488
/proc/22533/stat,1748991312060,94752,7243
/proc/stat,1748991313058,2411141,292507
/proc/22533/stat,1748991313059,94940,7259
/proc/stat,1748991314058,2411328,292525
/proc/22533/stat,1748991314060,95130,7273
/proc/stat,1748991315058,2411515,292544
/proc/22533/stat,1748991315060,95317,7288
/proc/stat,1748991316058,2411705,292558
/proc/22533/stat,1748991316059,95509,7303
/proc/stat,1748991317058,2411954,292584
/proc/22533/stat,1748991317060,95678,7329
/proc/stat,1748991318058,2412123,292616
/proc/22533/stat,1748991318059,95847,7362
/proc/stat,1748991319058,2412307,292633
/proc/22533/stat,1748991319060,96031,7382
/proc/stat,1748991320058,2412491,292648
/proc/22533/stat,1748991320059,96218,7399
/proc/stat,1748991321058,2412677,292662
/proc/22533/stat,1748991321059,96403,7416
/proc/stat,1748991322058,2412859,292677
/proc/22533/stat,1748991322060,96593,7430
/proc/stat,1748991323058,2413041,292693
/proc/22533/stat,1748991323059,96779,7447
/proc/stat,1748991324058,2413223,292707
/proc/22533/stat,1748991324059,96966,7464
/proc/stat,1748991325057,2413406,292730
/proc/22533/stat,1748991325059,97151,7483
/proc/stat,1748991326058,2413589,292753
/proc/22533/stat,1748991326060,97341,7497
/proc/stat,1748991327058,2413779,292775
/proc/22533/stat,1748991327059,97534,7508
/proc/stat,1748991328057,2413971,292799
/proc/22533/stat,1748991328059,97725,7521
/proc/stat,1748991329057,2414157,292822
/proc/22533/stat,1748991329059,97915,7535
/proc/stat,1748991330057,2414352,292844
/proc/22533/stat,1748991330059,98105,7551
/proc/stat,1748991331058,2414545,292864
/proc/22533/stat,1748991331060,98294,7566
/proc/stat,1748991332057,2414744,292880
/proc/22533/stat,1748991332059,98485,7577
/proc/stat,1748991333057,2414936,292899
/proc/22533/stat,1748991333059,98677,7589
/proc/stat,1748991334059,2415113,292936
/proc/22533/stat,1748991334061,98852,7618
/proc/stat,1748991335057,2415291,292974
/proc/22533/stat,1748991335059,99027,7644
/proc/stat,1748991336059,2415477,293000
/proc/22533/stat,1748991336060,99214,7661
/proc/stat,1748991337058,2415665,293017
/proc/22533/stat,1748991337060,99408,7669
/proc/stat,1748991338057,2415848,293040
/proc/22533/stat,1748991338059,99595,7684
/proc/stat,1748991339057,2416032,293062
/proc/22533/stat,1748991339059,99784,7698
/proc/stat,1748991340057,2416225,293079
/proc/22533/stat,1748991340059,99976,7708
/proc/stat,1748991341058,2416408,293105
/proc/22533/stat,1748991341060,100161,7727
/proc/stat,1748991342057,2416594,293123
/proc/22533/stat,1748991342059,100351,7740
/proc/stat,1748991343057,2416782,293140
/proc/22533/stat,1748991343059,100543,7752
/proc/stat,1748991344057,2416976,293157
/proc/22533/stat,1748991344059,100735,7765
/proc/stat,1748991345057,2417172,293172
/proc/22533/stat,1748991345059,100929,7776
/proc/stat,1748991346058,2417360,293190
/proc/22533/stat,1748991346060,101116,7790
/proc/stat,1748991347057,2417551,293206
/proc/22533/stat,1748991347059,101306,7804
/proc/stat,1748991348057,2417744,293224
/proc/22533/stat,1748991348059,101497,7817
/proc/stat,1748991349058,2417930,293244
/proc/22533/stat,1748991349059,101684,7834
/proc/stat,1748991350060,2418126,293263
/proc/22533/stat,1748991350061,101876,7851
/proc/stat,1748991351059,2418300,293291
/proc/22533/stat,1748991351061,102053,7876
/proc/stat,1748991352057,2418486,293312
/proc/22533/stat,1748991352059,102237,7894
/proc/stat,1748991353058,2418675,293331
/proc/22533/stat,1748991353059,102424,7910
/proc/stat,1748991354057,2418863,293346
/proc/22533/stat,1748991354058,102613,7922
/proc/stat,1748991355063,2419057,293362
/proc/22533/stat,1748991355066,102807,7934
/proc/stat,1748991356063,2419251,293380
/proc/22533/stat,1748991356065,102998,7946
/proc/stat,1748991357066,2419448,293398
/proc/22533/stat,1748991357068,103189,7962
/proc/stat,1748991358065,2419638,293423
/proc/22533/stat,1748991358067,103370,7983
/proc/stat,1748991359059,2419825,293436
/proc/22533/stat,1748991359061,103561,7993
/proc/stat,1748991360057,2420014,293456
/proc/22533/stat,1748991360059,103747,8009
/proc/stat,1748991361058,2420200,293476
/proc/22533/stat,1748991361060,103935,8024
/proc/stat,1748991362057,2420390,293490
/proc/22533/stat,1748991362061,104128,8034
/proc/stat,1748991363057,2420583,293509
/proc/22533/stat,1748991363060,104314,8051
/proc/stat,1748991364057,2420771,293524
/proc/22533/stat,1748991364059,104505,8063
/proc/stat,1748991365057,2420956,293542
/proc/22533/stat,1748991365058,104693,8077
/proc/stat,1748991366057,2421146,293561
/proc/22533/stat,1748991366058,104880,8094
/proc/stat,1748991367058,2421335,293579
/proc/22533/stat,1748991367060,105071,8110
/proc/stat,1748991368058,2421510,293611
/proc/22533/stat,1748991368060,105245,8139
/proc/stat,1748991369058,2421689,293634
/proc/22533/stat,1748991369060,105431,8158
/proc/stat,1748991370058,2421877,293654
/proc/22533/stat,1748991370059,105617,8175
/proc/stat,1748991371057,2422065,293672
/proc/22533/stat,1748991371059,105804,8189
/proc/stat,1748991372058,2422254,293685
/proc/22533/stat,1748991372060,105996,8201
/proc/stat,1748991373058,2422444,293705
/proc/22533/stat,1748991373059,106184,8218
/proc/stat,1748991374057,2422633,293720
/proc/22533/stat,1748991374059,106376,8229
/proc/stat,1748991375058,2422824,293732
/proc/22533/stat,1748991375060,106570,8239
/proc/stat,1748991376059,2423016,293748
/proc/22533/stat,1748991376061,106763,8251
/proc/stat,1748991377058,2423204,293764
/proc/22533/stat,1748991377060,106954,8266
/proc/stat,1748991378059,2423388,293785
/proc/22533/stat,1748991378061,107140,8283
/proc/stat,1748991379057,2423581,293801
/proc/22533/stat,1748991379058,107333,8296
/proc/stat,1748991380058,2423766,293822
/proc/22533/stat,1748991380059,107518,8314
/proc/stat,1748991381057,2423948,293840
/proc/22533/stat,1748991381058,107705,8328
/proc/stat,1748991382057,2424135,293856
/proc/22533/stat,1748991382059,107895,8340
/proc/stat,1748991383058,2424327,293873
/proc/22533/stat,1748991383059,108083,8355
/proc/stat,1748991384059,2424497,293898
/proc/22533/stat,1748991384061,108256,8378
/proc/stat,1748991385057,2424678,293925
/proc/22533/stat,1748991385058,108436,8402
/proc/stat,1748991386058,2424866,293941
/proc/22533/stat,1748991386059,108628,8415
/proc/stat,1748991387059,2425054,293955
/proc/22533/stat,1748991387061,108819,8427
/proc/stat,1748991388058,2425244,293972
/proc/22533/stat,1748991388060,109008,8440
/proc/stat,1748991389057,2425436,293988
/proc/22533/stat,1748991389059,109202,8451
/proc/stat,1748991390057,2425628,294005
/proc/22533/stat,1748991390059,109392,8465
/proc/stat,1748991391058,2425814,294024
/proc/22533/stat,1748991391059,109580,8481
/proc/stat,1748991392058,2426005,294043
/proc/22533/stat,1748991392059,109769,8495
/proc/stat,1748991393057,2426195,294062
/proc/22533/stat,1748991393059,109957,8512
/proc/stat,1748991394057,2426385,294078
/proc/22533/stat,1748991394058,110150,8525
/proc/stat,1748991395057,2426569,294098
/proc/22533/stat,1748991395059,110336,8541
/proc/stat,1748991396057,2426755,294118
/proc/22533/stat,1748991396058,110523,8558
/proc/stat,1748991397058,2426948,294131
/proc/22533/stat,1748991397059,110715,8569
/proc/stat,1748991398058,2427136,294150
/proc/22533/stat,1748991398059,110901,8585
/proc/stat,1748991399058,2427324,294167
/proc/22533/stat,1748991399059,111091,8599
/proc/stat,1748991400059,2427518,294187
/proc/22533/stat,1748991400061,111277,8614
/proc/stat,1748991401059,2427700,294211
/proc/22533/stat,1748991401061,111461,8635
/proc/stat,1748991402057,2427877,294238
/proc/22533/stat,1748991402059,111640,8659
/proc/stat,1748991403059,2428075,294251
/proc/22533/stat,1748991403061,111835,8669
/proc/stat,1748991404058,2428262,294270
/proc/22533/stat,1748991404059,112023,8684
/proc/stat,1748991405058,2428454,294285
/proc/22533/stat,1748991405060,112213,8697
/proc/stat,1748991406058,2428643,294300
/proc/22533/stat,1748991406059,112402,8710
/proc/stat,1748991407059,2428830,294319
/proc/22533/stat,1748991407060,112591,8725
/proc/stat,1748991408057,2429014,294340
/proc/22533/stat,1748991408058,112774,8743
/proc/stat,1748991409057,2429203,294356
/proc/22533/stat,1748991409059,112963,8758
/proc/stat,1748991410057,2429397,294370
/proc/22533/stat,1748991410059,113156,8769
/proc/stat,1748991411058,2429587,294390
/proc/22533/stat,1748991411059,113341,8786
/proc/stat,1748991412057,2429781,294406
/proc/22533/stat,1748991412059,113531,8800
/proc/stat,1748991413058,2429970,294425
/proc/22533/stat,1748991413059,113720,8815
/proc/stat,1748991414058,2430162,294441
/proc/22533/stat,1748991414060,113913,8826
/proc/stat,1748991415058,2430356,294456
/proc/22533/stat,1748991415059,114104,8838
/proc/stat,1748991416057,2430544,294478
/proc/22533/stat,1748991416059,114288,8856
/proc/stat,1748991417058,2430735,294498
/proc/22533/stat,1748991417059,114480,8873
/proc/stat,1748991418058,2430911,294528
/proc/22533/stat,1748991418059,114654,8902
/proc/stat,1748991419058,2431099,294548
/proc/22533/stat,1748991419059,114843,8917
/proc/stat,1748991420057,2431293,294560
/proc/22533/stat,1748991420058,115039,8925
/proc/stat,1748991421057,2431481,294578
/proc/22533/stat,1748991421058,115229,8940
/proc/stat,1748991422057,2431665,294595
/proc/22533/stat,1748991422059,115416,8954
/proc/stat,1748991423057,2431856,294613
/proc/22533/stat,1748991423059,115606,8968
/proc/stat,1748991424057,2432035,294629
/proc/22533/stat,1748991424059,115795,8982
/proc/stat,1748991425057,2432226,294644
/proc/22533/stat,1748991425059,115984,8996
/proc/stat,1748991426058,2432410,294668
/proc/22533/stat,1748991426060,116167,9015
/proc/stat,1748991427058,2432604,294685
/proc/22533/stat,1748991427060,116358,9028
/proc/stat,1748991428058,2432797,294700
/proc/22533/stat,1748991428059,116550,9040
/proc/stat,1748991429057,2432990,294718
/proc/22533/stat,1748991429059,116742,9053
/proc/stat,1748991430057,2433178,294731
/proc/22533/stat,1748991430059,116934,9064
/proc/stat,1748991431057,2433362,294750
/proc/22533/stat,1748991431058,117120,9079
/proc/stat,1748991432058,2433552,294768
/proc/22533/stat,1748991432059,117312,9092
/proc/stat,1748991433060,2433780,294783
/proc/22533/stat,1748991433061,117538,9105
/proc/stat,1748991434058,2433962,294801
/proc/22533/stat,1748991434059,117721,9119
/proc/stat,1748991435060,2434128,294837
/proc/22533/stat,1748991435062,117891,9153
/proc/stat,1748991436057,2434311,294857
/proc/22533/stat,1748991436059,118078,9170
/proc/stat,1748991437058,2434500,294876
/proc/22533/stat,1748991437059,118263,9188
/proc/stat,1748991438057,2434690,294890
/proc/22533/stat,1748991438058,118454,9198
/proc/stat,1748991439059,2434881,294909
/proc/22533/stat,1748991439061,118641,9215
/proc/stat,1748991440057,2435072,294925
/proc/22533/stat,1748991440059,118830,9227
/proc/stat,1748991441057,2435259,294946
/proc/22533/stat,1748991441058,119015,9245
/proc/stat,1748991442058,2435450,294965
/proc/22533/stat,1748991442059,119204,9259
/proc/stat,1748991443057,2435638,294981
/proc/22533/stat,1748991443059,119393,9272
/proc/stat,1748991444058,2435822,295000
/proc/22533/stat,1748991444060,119581,9287
/proc/stat,1748991445058,2436015,295014
/proc/22533/stat,1748991445059,119773,9298
/proc/stat,1748991446057,2436203,295032
/proc/22533/stat,1748991446058,119961,9313
/proc/stat,1748991447058,2436396,295053
/proc/22533/stat,1748991447059,120149,9330
/proc/stat,1748991448058,2436585,295070
/proc/22533/stat,1748991448059,120338,9344
/proc/stat,1748991449058,2436778,295085
/proc/22533/stat,1748991449059,120531,9356
/proc/stat,1748991450057,2436965,295099
/proc/22533/stat,1748991450058,120719,9370
/proc/stat,1748991451058,2437147,295120
/proc/22533/stat,1748991451059,120904,9388
/proc/stat,1748991452059,2437328,295145
/proc/22533/stat,1748991452060,121085,9411
/proc/stat,1748991453058,2437519,295164
/proc/22533/stat,1748991453059,121274,9426
/proc/stat,1748991454058,2437713,295178
/proc/22533/stat,1748991454060,121468,9439
/proc/stat,1748991455057,2437899,295196
/proc/22533/stat,1748991455059,121657,9453
/proc/stat,1748991456058,2438082,295216
/proc/22533/stat,1748991456059,121842,9470
/proc/stat,1748991457058,2438267,295232
/proc/22533/stat,1748991457060,122033,9483
/proc/stat,1748991458057,2438461,295247
/proc/22533/stat,1748991458059,122225,9496
/proc/stat,1748991459057,2438653,295261
/proc/22533/stat,1748991459059,122416,9507
/proc/stat,1748991460058,2438843,295276
/proc/22533/stat,1748991460059,122608,9520
/proc/stat,1748991461057,2439038,295289
/proc/22533/stat,1748991461059,122804,9531
/proc/stat,1748991462057,2439232,295305
/proc/22533/stat,1748991462059,122995,9543
/proc/stat,1748991463057,2439420,295323
/proc/22533/stat,1748991463059,123185,9557
/proc/stat,1748991464057,2439609,295340
/proc/22533/stat,1748991464059,123375,9571
/proc/stat,1748991465058,2439798,295357
/proc/22533/stat,1748991465059,123567,9583
/proc/stat,1748991466058,2439986,295375
/proc/22533/stat,1748991466059,123756,9598
/proc/stat,1748991467057,2440171,295397
/proc/22533/stat,1748991467059,123946,9618
/proc/stat,1748991468058,2440347,295420
/proc/22533/stat,1748991468060,124126,9639
/proc/stat,1748991469058,2440531,295444
/proc/22533/stat,1748991469059,124310,9660
/proc/stat,1748991470058,2440723,295459
/proc/22533/stat,1748991470059,124502,9672
/proc/stat,1748991471057,2440918,295476
/proc/22533/stat,1748991471059,124690,9686
/proc/stat,1748991472058,2441110,295491
/proc/22533/stat,1748991472059,124882,9698
/proc/stat,1748991473057,2441302,295506
/proc/22533/stat,1748991473059,125071,9712
/proc/stat,1748991474057,2441498,295516
/proc/22533/stat,1748991474059,125269,9718
/proc/stat,1748991475058,2441685,295533
/proc/22533/stat,1748991475060,125458,9732
/proc/stat,1748991476058,2441874,295552
/proc/22533/stat,1748991476060,125646,9746
/proc/stat,1748991477059,2442058,295574
/proc/22533/stat,1748991477061,125832,9764
/proc/stat,1748991478058,2442244,295587
/proc/22533/stat,1748991478059,126025,9775
/proc/stat,1748991479059,2442433,295604
/proc/22533/stat,1748991479061,126216,9789
/proc/stat,1748991480058,2442619,295618
/proc/22533/stat,1748991480059,126408,9801
/proc/stat,1748991481057,2442806,295633
/proc/22533/stat,1748991481059,126598,9813
/proc/stat,1748991482058,2442993,295647
/proc/22533/stat,1748991482059,126791,9824
/proc/stat,1748991483059,2443189,295660
/proc/22533/stat,1748991483061,126988,9833
/proc/stat,1748991484062,2443374,295683
/proc/22533/stat,1748991484063,127172,9853
/proc/stat,1748991485072,2443556,295720
/proc/22533/stat,1748991485074,127344,9886
/proc/stat,1748991486064,2443747,295742
/proc/22533/stat,1748991486066,127530,9902
/proc/stat,1748991487059,2443939,295758
/proc/22533/stat,1748991487061,127720,9915
/proc/stat,1748991488058,2444131,295773
/proc/22533/stat,1748991488060,127915,9926
/proc/stat,1748991489057,2444319,295792
/proc/22533/stat,1748991489059,128101,9943
/proc/stat,1748991490057,2444507,295814
/proc/22533/stat,1748991490059,128283,9964
/proc/stat,1748991491057,2444698,295833
/proc/22533/stat,1748991491058,128471,9978
/proc/stat,1748991492058,2444888,295851
/proc/22533/stat,1748991492059,128659,9993
/proc/stat,1748991493058,2445076,295868
/proc/22533/stat,1748991493059,128848,10008
/proc/stat,1748991494058,2445268,295887
/proc/22533/stat,1748991494059,129034,10023
/proc/stat,1748991495059,2445458,295906
/proc/22533/stat,1748991495061,129223,10037
/proc/stat,1748991496058,2445650,295919
/proc/22533/stat,1748991496060,129417,10047
/proc/stat,1748991497057,2445836,295940
/proc/22533/stat,1748991497059,129604,10064
/proc/stat,1748991498058,2446021,295958
/proc/22533/stat,1748991498060,129791,10078
/proc/stat,1748991499058,2446205,295976
/proc/22533/stat,1748991499060,129979,10092
/proc/stat,1748991500058,2446389,295994
/proc/22533/stat,1748991500059,130169,10106
/proc/stat,1748991501058,2446570,296016
/proc/22533/stat,1748991501059,130352,10122
/proc/stat,1748991502057,2446754,296044
/proc/22533/stat,1748991502059,130530,10148
/proc/stat,1748991503058,2446938,296061
/proc/22533/stat,1748991503059,130719,10162
/proc/stat,1748991504058,2447127,296084
/proc/22533/stat,1748991504059,130908,10179
/proc/stat,1748991505058,2447319,296104
/proc/22533/stat,1748991505059,131096,10196
/proc/stat,1748991506057,2447500,296124
/proc/22533/stat,1748991506058,131282,10213
/proc/stat,1748991507057,2447689,296142
/proc/22533/stat,1748991507058,131474,10227
/proc/stat,1748991508058,2447875,296159
/proc/22533/stat,1748991508059,131665,10241
/proc/stat,1748991509057,2448065,296170
/proc/22533/stat,1748991509058,131861,10250
/proc/stat,1748991510058,2448250,296186
/proc/22533/stat,1748991510059,132049,10264
/proc/stat,1748991511058,2448445,296202
/proc/22533/stat,1748991511059,132240,10276
/proc/stat,1748991512058,2448638,296212
/proc/22533/stat,1748991512059,132437,10283
/proc/stat,1748991513057,2448827,296228
/proc/22533/stat,1748991513058,132628,10296
/proc/stat,1748991514058,2449017,296245
/proc/22533/stat,1748991514059,132816,10310
/proc/stat,1748991515059,2449207,296261
/proc/22533/stat,1748991515061,133008,10323
/proc/stat,1748991516057,2449393,296281
/proc/22533/stat,1748991516059,133194,10340
/proc/stat,1748991517057,2449576,296297
/proc/22533/stat,1748991517058,133379,10352
/proc/stat,1748991518058,2449762,296318
/proc/22533/stat,1748991518059,133564,10371
/proc/stat,1748991519057,2449945,296341
/proc/22533/stat,1748991519059,133749,10390
/proc/stat,1748991520058,2450134,296362
/proc/22533/stat,1748991520059,133934,10407
/proc/stat,1748991521058,2450326,296374
/proc/22533/stat,1748991521060,134131,10414
/proc/stat,1748991522057,2450518,296388
/proc/22533/stat,1748991522059,134323,10425
/proc/stat,1748991523058,2450706,296406
/proc/22533/stat,1748991523060,134509,10441
/proc/stat,1748991524057,2450890,296427
/proc/22533/stat,1748991524059,134695,10459
/proc/stat,1748991525058,2451084,296443
/proc/22533/stat,1748991525060,134886,10472
/proc/stat,1748991526058,2451275,296460
/proc/22533/stat,1748991526059,135076,10485
/proc/stat,1748991527057,2451466,296477
/proc/22533/stat,1748991527059,135264,10501
/proc/stat,1748991528057,2451651,296499
/proc/22533/stat,1748991528059,135447,10521
/proc/stat,1748991529057,2451838,296517
/proc/22533/stat,1748991529058,135636,10535
/proc/stat,1748991530058,2452027,296535
/proc/22533/stat,1748991530059,135823,10551
/proc/stat,1748991531057,2452214,296549
/proc/22533/stat,1748991531058,136013,10563
/proc/stat,1748991532058,2452399,296567
/proc/22533/stat,1748991532059,136203,10578
/proc/stat,1748991533058,2452587,296581
/proc/22533/stat,1748991533059,136395,10588
/proc/stat,1748991534057,2452767,296603
/proc/22533/stat,1748991534059,136580,10606
/proc/stat,1748991535059,2452941,296633
/proc/22533/stat,1748991535061,136755,10633
/proc/stat,1748991536058,2453123,296657
/proc/22533/stat,1748991536060,136936,10655
/proc/stat,1748991537058,2453311,296675
/proc/22533/stat,1748991537059,137127,10669
/proc/stat,1748991538057,2453501,296694
/proc/22533/stat,1748991538059,137315,10684
/proc/stat,1748991539057,2453690,296714
/proc/22533/stat,1748991539059,137502,10701
/proc/stat,1748991540058,2453874,296734
/proc/22533/stat,1748991540059,137687,10718
/proc/stat,1748991541057,2454057,296752
/proc/22533/stat,1748991541058,137875,10732
/proc/stat,1748991542058,2454242,296771
/proc/22533/stat,1748991542059,138062,10749
/proc/stat,1748991543058,2454433,296786
/proc/22533/stat,1748991543059,138252,10761
/proc/stat,1748991544057,2454620,296808
/proc/22533/stat,1748991544059,138438,10778
/proc/stat,1748991545058,2454810,296825
/proc/22533/stat,1748991545061,138628,10793
/proc/stat,1748991546058,2454999,296842
/proc/22533/stat,1748991546060,138814,10809
/proc/stat,1748991547058,2455188,296862
/proc/22533/stat,1748991547060,139002,10825
/proc/stat,1748991548058,2455376,296880
/proc/22533/stat,1748991548060,139190,10839
/proc/stat,1748991549057,2455562,296897
/proc/22533/stat,1748991549059,139379,10852
/proc/stat,1748991550058,2455752,296910
/proc/22533/stat,1748991550060,139573,10863
/proc/stat,1748991551058,2455938,296930
/proc/22533/stat,1748991551059,139759,10880
/proc/stat,1748991552058,2456113,296961
/proc/22533/stat,1748991552060,139930,10909
/proc/stat,1748991553057,2456302,296976
/proc/22533/stat,1748991553059,140123,10920
/proc/stat,1748991554057,2456492,296993
/proc/22533/stat,1748991554059,140309,10934
/proc/stat,1748991555058,2456680,297010
/proc/22533/stat,1748991555060,140500,10948
/proc/stat,1748991556057,2456870,297024
/proc/22533/stat,1748991556058,140693,10958
/proc/stat,1748991557057,2457058,297043
/proc/22533/stat,1748991557059,140882,10973
/proc/stat,1748991558057,2457252,297056
/proc/22533/stat,1748991558058,141078,10982
/proc/stat,1748991559057,2457437,297077
/proc/22533/stat,1748991559059,141263,11000
/proc/stat,1748991560058,2457627,297092
/proc/22533/stat,1748991560060,141455,11011
/proc/stat,1748991561058,2457820,297112
/proc/22533/stat,1748991561059,141637,11029
/proc/stat,1748991562058,2458008,297133
/proc/22533/stat,1748991562059,141824,11046
/proc/stat,1748991563057,2458192,297152
/proc/22533/stat,1748991563058,142013,11061
/proc/stat,1748991564057,2458387,297166
/proc/22533/stat,1748991564059,142206,11072
/proc/stat,1748991565057,2458577,297180
/proc/22533/stat,1748991565059,142399,11083
/proc/stat,1748991566058,2458763,297195
/proc/22533/stat,1748991566059,142591,11094
/proc/stat,1748991567058,2458950,297209
/proc/22533/stat,1748991567059,142784,11106
/proc/stat,1748991568058,2459126,297244
/proc/22533/stat,1748991568060,142960,11136
/proc/stat,1748991569057,2459302,297274
/proc/22533/stat,1748991569058,143139,11162
/proc/stat,1748991570058,2459488,297290
/proc/22533/stat,1748991570059,143327,11177
/proc/stat,1748991571058,2459673,297307
/proc/22533/stat,1748991571059,143514,11191
/proc/stat,1748991572058,2459865,297322
/proc/22533/stat,1748991572059,143705,11204
/proc/stat,1748991573059,2460054,297339
/proc/22533/stat,1748991573060,143894,11218
/proc/stat,1748991574058,2460245,297356
/proc/22533/stat,1748991574059,144086,11232
/proc/stat,1748991575058,2460436,297373
/proc/22533/stat,1748991575060,144276,11245
/proc/stat,1748991576057,2460628,297387
/proc/22533/stat,1748991576059,144468,11258
/proc/stat,1748991577058,2460818,297404
/proc/22533/stat,1748991577059,144658,11273
/proc/stat,1748991578059,2461007,297423
/proc/22533/stat,1748991578060,144845,11289
/proc/stat,1748991579058,2461199,297437
/proc/22533/stat,1748991579059,145038,11300
/proc/stat,1748991580058,2461389,297454
/proc/22533/stat,1748991580059,145227,11315
/proc/stat,1748991581057,2461578,297471
/proc/22533/stat,1748991581059,145416,11329
/proc/stat,1748991582060,2461768,297485
/proc/22533/stat,1748991582064,145609,11340
/proc/stat,1748991583058,2461961,297504
/proc/22533/stat,1748991583059,145800,11354
/proc/stat,1748991584058,2462145,297527
/proc/22533/stat,1748991584060,145980,11375
/proc/stat,1748991585058,2462323,297555
/proc/22533/stat,1748991585060,146157,11401
/proc/stat,1748991586058,2462512,297572
/proc/22533/stat,1748991586059,146344,11415
/proc/stat,1748991587058,2462699,297589
/proc/22533/stat,1748991587059,146531,11430
/proc/stat,1748991588059,2462885,297609
/proc/22533/stat,1748991588060,146719,11446
/proc/stat,1748991589057,2463068,297633
/proc/22533/stat,1748991589059,146902,11466
/proc/stat,1748991590057,2463257,297648
/proc/22533/stat,1748991590059,147094,11477
/proc/stat,1748991591058,2463448,297661
/proc/22533/stat,1748991591060,147287,11487
/proc/stat,1748991592058,2463631,297681
/proc/22533/stat,1748991592060,147472,11504
/proc/stat,1748991593057,2463815,297699
/proc/22533/stat,1748991593058,147658,11520
/proc/stat,1748991594057,2463997,297716
/proc/22533/stat,1748991594058,147841,11539
/proc/stat,1748991595059,2464183,297733
/proc/22533/stat,1748991595061,148026,11557
/proc/stat,1748991596058,2464366,297752
/proc/22533/stat,1748991596059,148209,11579
/proc/stat,1748991597058,2464548,297767
/proc/22533/stat,1748991597060,148393,11600
/proc/stat,1748991598058,2464733,297782
/proc/22533/stat,1748991598059,148579,11617
/proc/stat,1748991599057,2464917,297800
/proc/22533/stat,1748991599058,148764,11637
/proc/stat,1748991600058,2465100,297819
/proc/22533/stat,1748991600060,148947,11657
/proc/stat,1748991601057,2465282,297844
/proc/22533/stat,1748991601059,149130,11684
/proc/stat,1748991602057,2465451,297878
/proc/22533/stat,1748991602058,149301,11717
/proc/stat,1748991603058,2465638,297900
/proc/22533/stat,1748991603060,149488,11737
/proc/stat,1748991604060,2465824,297922
/proc/22533/stat,1748991604062,149677,11753
/proc/stat,1748991605060,2466011,297948
/proc/22533/stat,1748991605062,149865,11769
/proc/stat,1748991606057,2466200,297975
/proc/22533/stat,1748991606059,150053,11784
/proc/stat,1748991607057,2466387,298005
/proc/22533/stat,1748991607059,150239,11800
/proc/stat,1748991608057,2466582,298028
/proc/22533/stat,1748991608058,150429,11812
/proc/stat,1748991609058,2466772,298048
/proc/22533/stat,1748991609059,150621,11824
/proc/stat,1748991610058,2466964,298065
/proc/22533/stat,1748991610059,150813,11837
/proc/stat,1748991611059,2467151,298088
/proc/22533/stat,1748991611061,151001,11854
/proc/stat,1748991612058,2467342,298112
/proc/22533/stat,1748991612060,151189,11869
/proc/stat,1748991613063,2467538,298131
/proc/22533/stat,1748991613065,151382,11880
/proc/stat,1748991614065,2467736,298150
/proc/22533/stat,1748991614066,151572,11892
/proc/stat,1748991615058,2467928,298170
/proc/22533/stat,1748991615059,151762,11904
/proc/stat,1748991616058,2468116,298191
/proc/22533/stat,1748991616060,151951,11918
/proc/stat,1748991617059,2468312,298212
/proc/22533/stat,1748991617061,152147,11929
/proc/stat,1748991618058,2468494,298246
/proc/22533/stat,1748991618059,152333,11952
/proc/stat,1748991619058,2468670,298279
/proc/22533/stat,1748991619059,152513,11976
/proc/stat,1748991620057,2468860,298302
/proc/22533/stat,1748991620059,152701,11990
/proc/stat,1748991621058,2469046,298324
/proc/22533/stat,1748991621060,152886,12007
/proc/stat,1748991622057,2469233,298350
/proc/22533/stat,1748991622058,153073,12023
/proc/stat,1748991623057,2469421,298372
/proc/22533/stat,1748991623059,153262,12039
/proc/stat,1748991624057,2469611,298395
/proc/22533/stat,1748991624059,153449,12056
/proc/stat,1748991625057,2469797,298420
/proc/22533/stat,1748991625059,153633,12077
/proc/stat,1748991626057,2469993,298439
/proc/22533/stat,1748991626059,153821,12093
/proc/stat,1748991627057,2470186,298458
/proc/22533/stat,1748991627058,154013,12106
/proc/stat,1748991628057,2470376,298478
/proc/22533/stat,1748991628059,154199,12123
/proc/stat,1748991629057,2470562,298495
/proc/22533/stat,1748991629058,154390,12136
/proc/stat,1748991630057,2470752,298512
/proc/22533/stat,1748991630058,154580,12149
/proc/stat,1748991631058,2470940,298531
/proc/22533/stat,1748991631059,154769,12164
/proc/stat,1748991632057,2471123,298549
/proc/22533/stat,1748991632058,154954,12182
/proc/stat,1748991633057,2471317,298564
/proc/22533/stat,1748991633059,155144,12195
/proc/stat,1748991634058,2471497,298582
/proc/22533/stat,1748991634060,155324,12210
/proc/stat,1748991635057,2471677,298604
/proc/22533/stat,1748991635059,155502,12230
/proc/stat,1748991636058,2471860,298627
/proc/22533/stat,1748991636059,155687,12250
/proc/stat,1748991637056,2472049,298640
/proc/22533/stat,1748991637058,155879,12262
/proc/stat,1748991638057,2472234,298657
/proc/22533/stat,1748991638058,156068,12275
/proc/stat,1748991639057,2472421,298674
/proc/22533/stat,1748991639058,156259,12290
/proc/stat,1748991640057,2472610,298695
/proc/22533/stat,1748991640058,156444,12307
/proc/stat,1748991641058,2472799,298713
/proc/22533/stat,1748991641060,156635,12322
/proc/stat,1748991642057,2472994,298727
/proc/22533/stat,1748991642059,156829,12332
/proc/stat,1748991643057,2473180,298748
/proc/22533/stat,1748991643059,157013,12349
/proc/stat,1748991644057,2473370,298764
/proc/22533/stat,1748991644059,157204,12361
/proc/stat,1748991645058,2473559,298776
/proc/22533/stat,1748991645059,157397,12371
/proc/stat,1748991646058,2473744,298794
/proc/22533/stat,1748991646059,157584,12385
/proc/stat,1748991647057,2473928,298814
/proc/22533/stat,1748991647058,157768,12402
/proc/stat,1748991648057,2474116,298831
/proc/22533/stat,1748991648059,157959,12416
/proc/stat,1748991649058,2474309,298849
/proc/22533/stat,1748991649060,158150,12430
/proc/stat,1748991650057,2474501,298864
/proc/22533/stat,1748991650058,158340,12442
/proc/stat,1748991651057,2474686,298884
/proc/22533/stat,1748991651059,158525,12461
/proc/stat,1748991652058,2474857,298917
/proc/22533/stat,1748991652059,158697,12491
/proc/stat,1748991653059,2475039,298939
/proc/22533/stat,1748991653060,158883,12509
/proc/stat,1748991654057,2475230,298960
/proc/22533/stat,1748991654058,159067,12527
/proc/stat,1748991655057,2475416,298980
/proc/22533/stat,1748991655059,159253,12544
/proc/stat,1748991656057,2475609,298994
/proc/22533/stat,1748991656058,159444,12556
/proc/stat,1748991657057,2475796,299013
/proc/22533/stat,1748991657058,159631,12572
/proc/stat,1748991658057,2475990,299030
/proc/22533/stat,1748991658058,159823,12586
/proc/stat,1748991659056,2476177,299046
/proc/22533/stat,1748991659058,160013,12600
/proc/stat,1748991660057,2476368,299061
/proc/22533/stat,1748991660058,160208,12612
/proc/stat,1748991661057,2476554,299080
/proc/22533/stat,1748991661058,160392,12630
/proc/stat,1748991662059,2476736,299099
/proc/22533/stat,1748991662061,160579,12646
/proc/stat,1748991663057,2476919,299123
/proc/22533/stat,1748991663059,160762,12666
/proc/stat,1748991664058,2477111,299139
/proc/22533/stat,1748991664060,160954,12679
/proc/stat,1748991665058,2477316,299158
/proc/22533/stat,1748991665059,161141,12695
/proc/stat,1748991666057,2477502,299178
/proc/22533/stat,1748991666059,161329,12711
/proc/stat,1748991667056,2477686,299195
/proc/22533/stat,1748991667058,161516,12726
/proc/stat,1748991668058,2477868,299217
/proc/22533/stat,1748991668060,161701,12744
/proc/stat,1748991669057,2478046,299246
/proc/22533/stat,1748991669059,161878,12770
/proc/stat,1748991670057,2478231,299266
/proc/22533/stat,1748991670058,162065,12787
/proc/stat,1748991671057,2478418,299283
/proc/22533/stat,1748991671058,162256,12801
/proc/stat,1748991672057,2478610,299299
/proc/22533/stat,1748991672058,162449,12814
/proc/stat,1748991673057,2478795,299316
/proc/22533/stat,1748991673058,162639,12828
/proc/stat,1748991674057,2478987,299331
/proc/22533/stat,1748991674058,162831,12839
/proc/stat,1748991675057,2479173,299348
/proc/22533/stat,1748991675058,163023,12851
/proc/stat,1748991676057,2479362,299366
/proc/22533/stat,1748991676059,163213,12864
/proc/stat,1748991677057,2479548,299386
/proc/22533/stat,1748991677058,163402,12880
/proc/stat,1748991678057,2479738,299402
/proc/22533/stat,1748991678058,163594,12891
/proc/stat,1748991679057,2479926,299415
/proc/22533/stat,1748991679058,163785,12902
/proc/stat,1748991680057,2480108,299437
/proc/22533/stat,1748991680058,163968,12921
/proc/stat,1748991681058,2480305,299452
/proc/22533/stat,1748991681060,164162,12934
/proc/stat,1748991682057,2480488,299476
/proc/22533/stat,1748991682059,164345,12951
/proc/stat,1748991683057,2480678,299494
/proc/22533/stat,1748991683058,164535,12965
/proc/stat,1748991684056,2480862,299519
/proc/22533/stat,1748991684058,164720,12987
/proc/stat,1748991685057,2481042,299548
/proc/22533/stat,1748991685059,164898,13010
/proc/stat,1748991686057,2481227,299569
/proc/22533/stat,1748991686059,165085,13028
/proc/stat,1748991687056,2481414,299586
/proc/22533/stat,1748991687058,165273,13043
/proc/stat,1748991688057,2481609,299600
/proc/22533/stat,1748991688059,165467,13052
/proc/stat,1748991689057,2481798,299619
/proc/22533/stat,1748991689058,165654,13070
/proc/stat,1748991690057,2481990,299639
/proc/22533/stat,1748991690058,165844,13089
/proc/stat,1748991691057,2482180,299655
/proc/22533/stat,1748991691059,166035,13102
/proc/stat,1748991692057,2482369,299671
/proc/22533/stat,1748991692059,166224,13116
/proc/stat,1748991693058,2482562,299687
/proc/22533/stat,1748991693059,166415,13130
/proc/stat,1748991694057,2482748,299703
/proc/22533/stat,1748991694058,166607,13141
/proc/stat,1748991695057,2482932,299723
/proc/22533/stat,1748991695058,166795,13157
/proc/stat,1748991696058,2483121,299741
/proc/22533/stat,1748991696059,166985,13170
/proc/stat,1748991697057,2483312,299759
/proc/22533/stat,1748991697059,167174,13183
/proc/stat,1748991698058,2483503,299774
/proc/22533/stat,1748991698059,167366,13195
/proc/stat,1748991699058,2483688,299790
/proc/22533/stat,1748991699059,167556,13209
/proc/stat,1748991700057,2483880,299805
/proc/22533/stat,1748991700059,167748,13221
/proc/stat,1748991701057,2484058,299829
/proc/22533/stat,1748991701059,167927,13241
/proc/stat,1748991702058,2484241,299854
/proc/22533/stat,1748991702059,168110,13263
/proc/stat,1748991703057,2484424,299874
/proc/22533/stat,1748991703058,168295,13280
/proc/stat,1748991704057,2484611,299895
/proc/22533/stat,1748991704058,168483,13296
/proc/stat,1748991705057,2484803,299914
/proc/22533/stat,1748991705058,168672,13312
/proc/stat,1748991706057,2484991,299932
/proc/22533/stat,1748991706058,168861,13327
/proc/stat,1748991707057,2485182,299951
/proc/22533/stat,1748991707058,169050,13341
/proc/stat,1748991708058,2485376,299970
/proc/22533/stat,1748991708059,169240,13355
/proc/stat,1748991709057,2485566,299986
/proc/22533/stat,1748991709058,169431,13368
/proc/stat,1748991710057,2485750,300006
/proc/22533/stat,1748991710058,169617,13385
/proc/stat,1748991711057,2485937,300020
/proc/22533/stat,1748991711058,169808,13397
/proc/stat,1748991712057,2486129,300040
/proc/22533/stat,1748991712058,169994,13414
/proc/stat,1748991713057,2486318,300059
/proc/22533/stat,1748991713058,170183,13429
/proc/stat,1748991714057,2486512,300078
/proc/22533/stat,1748991714058,170371,13444
/proc/stat,1748991715057,2486699,300097
/proc/22533/stat,1748991715059,170562,13459
/proc/stat,1748991716057,2486884,300113
/proc/22533/stat,1748991716059,170751,13473
/proc/stat,1748991717055,2487068,300131
/proc/22533/stat,1748991717057,170935,13488
/proc/stat,1748991718057,2487238,300157
/proc/22533/stat,1748991718059,171104,13511
/proc/stat,1748991719057,2487412,300186
/proc/22533/stat,1748991719059,171281,13538
/proc/stat,1748991720057,2487600,300206
/proc/22533/stat,1748991720059,171469,13554
/proc/stat,1748991721058,2487790,300222
/proc/22533/stat,1748991721059,171662,13567
/proc/stat,1748991722057,2487976,300241
/proc/22533/stat,1748991722058,171852,13582
/proc/stat,1748991723058,2488175,300260
/proc/22533/stat,1748991723059,172040,13598
/proc/stat,1748991724057,2488362,300280
/proc/22533/stat,1748991724059,172230,13613
/proc/stat,1748991725057,2488545,300297
/proc/22533/stat,1748991725058,172418,13629
/proc/stat,1748991726058,2488734,300316
/proc/22533/stat,1748991726060,172606,13645
/proc/stat,1748991727057,2488919,300333
/proc/22533/stat,1748991727058,172796,13659
/proc/stat,1748991728057,2489113,300344
/proc/22533/stat,1748991728058,172991,13670
/proc/stat,1748991729057,2489302,300360
/proc/22533/stat,1748991729058,173184,13682
/proc/stat,1748991730057,2489486,300377
/proc/22533/stat,1748991730058,173370,13698
/proc/stat,1748991731057,2489665,300398
/proc/22533/stat,1748991731058,173552,13719
/proc/stat,1748991732058,2489856,300416
/proc/22533/stat,1748991732060,173742,13734
/proc/stat,1748991733057,2490045,300434
/proc/22533/stat,1748991733058,173931,13748
/proc/stat,1748991734058,2490240,300457
/proc/22533/stat,1748991734059,174129,13767
/proc/stat,1748991735057,2490473,300484
/proc/22533/stat,1748991735058,174362,13790
/proc/stat,1748991736057,2490654,300510
/proc/22533/stat,1748991736059,174543,13815
/proc/stat,1748991737056,2490844,300522
/proc/22533/stat,1748991737058,174736,13826
/proc/stat,1748991738058,2491034,300539
/proc/22533/stat,1748991738059,174927,13840
/proc/stat,1748991739057,2491220,300554
/proc/22533/stat,1748991739058,175118,13853
/proc/stat,1748991740056,2491408,300572
/proc/22533/stat,1748991740058,175307,13868
/proc/stat,1748991741064,2491612,300593
/proc/22533/stat,1748991741066,175493,13887
/proc/stat,1748991742059,2491807,300604
/proc/22533/stat,1748991742061,175686,13896
/proc/stat,1748991743058,2491992,300622
/proc/22533/stat,1748991743060,175874,13911
/proc/stat,1748991744057,2492183,300637
/proc/22533/stat,1748991744059,176066,13922
/proc/stat,1748991745057,2492373,300653
/proc/22533/stat,1748991745058,176256,13935
/proc/stat,1748991746057,2492560,300669
/proc/22533/stat,1748991746058,176446,13947
/proc/stat,1748991747057,2492755,300684
/proc/22533/stat,1748991747058,176639,13958
/proc/stat,1748991748059,2492946,300700
/proc/22533/stat,1748991748061,176830,13971
/proc/stat,1748991749057,2493134,300716
/proc/22533/stat,1748991749058,177020,13983
/proc/stat,1748991750057,2493316,300737
/proc/22533/stat,1748991750059,177204,14001
/proc/stat,1748991751057,2493518,300758
/proc/22533/stat,1748991751058,177402,14018
/proc/stat,1748991752058,2493689,300794
/proc/22533/stat,1748991752060,177572,14052
/proc/stat,1748991753058,2493879,300810
/proc/22533/stat,1748991753059,177762,14065
/proc/stat,1748991754058,2494064,300828
/proc/22533/stat,1748991754059,177949,14081
/proc/stat,1748991755057,2494252,300847
/proc/22533/stat,1748991755058,178139,14096
/proc/stat,1748991756058,2494438,300864
/proc/22533/stat,1748991756060,178331,14108
/proc/stat,1748991757057,2494625,300879
/proc/22533/stat,1748991757059,178521,14121
/proc/stat,1748991758057,2494817,300895
/proc/22533/stat,1748991758058,178712,14133
/proc/stat,1748991759057,2495004,300912
/proc/22533/stat,1748991759058,178903,14146
/proc/stat,1748991760057,2495196,300930
/proc/22533/stat,1748991760058,179092,14162
/proc/stat,1748991761057,2495387,300948
/proc/22533/stat,1748991761058,179280,14179
/proc/stat,1748991762058,2495574,300961
/proc/22533/stat,1748991762059,179472,14190
/proc/stat,1748991763057,2495762,300976
/proc/22533/stat,1748991763058,179662,14204
/proc/stat,1748991764057,2495951,300992
/proc/22533/stat,1748991764058,179853,14215
/proc/stat,1748991765058,2496140,301004
/proc/22533/stat,1748991765059,180047,14225
/proc/stat,1748991766057,2496332,301015
/proc/22533/stat,1748991766059,180242,14234
/proc/stat,1748991767056,2496520,301030
/proc/22533/stat,1748991767058,180433,14247
/proc/stat,1748991768058,2496706,301056
/proc/22533/stat,1748991768059,180621,14269
/proc/stat,1748991769057,2496882,301082
/proc/22533/stat,1748991769058,180800,14293
/proc/stat,1748991770057,2497071,301096
/proc/22533/stat,1748991770058,180994,14304
/proc/stat,1748991771057,2497256,301112
/proc/22533/stat,1748991771059,181183,14318
/proc/stat,1748991772057,2497440,301131
/proc/22533/stat,1748991772059,181368,14335
/proc/stat,1748991773057,2497625,301147
/proc/22533/stat,1748991773059,181556,14349
/proc/stat,1748991774056,2497816,301160
/proc/22533/stat,1748991774058,181750,14359
/proc/stat,1748991775056,2498004,301180
/proc/22533/stat,1748991775057,181938,14376
/proc/stat,1748991776056,2498191,301198
/proc/22533/stat,1748991776058,182126,14390
/proc/stat,1748991777057,2498385,301214
/proc/22533/stat,1748991777059,182318,14402
/proc/stat,1748991778057,2498573,301225
/proc/22533/stat,1748991778059,182511,14409
/proc/stat,1748991779057,2498754,301249
/proc/22533/stat,1748991779058,182696,14429
/proc/stat,1748991780056,2498942,301265
/proc/22533/stat,1748991780058,182887,14441
/proc/stat,1748991781057,2499130,301286
/proc/22533/stat,1748991781058,183074,14459
/proc/stat,1748991782057,2499318,301298
/proc/22533/stat,1748991782059,183267,14468
/proc/stat,1748991783057,2499509,301312
/proc/22533/stat,1748991783059,183459,14478
/proc/stat,1748991784093,2499720,301331
/proc/22533/stat,1748991784094,183671,14495
/proc/stat,1748991785058,2499881,301364
/proc/22533/stat,1748991785059,183833,14526
/proc/stat,1748991786057,2500060,301396
/proc/22533/stat,1748991786058,184009,14554
/proc/stat,1748991787056,2500246,301415
/proc/22533/stat,1748991787058,184195,14569
/proc/stat,1748991788057,2500439,301428
/proc/22533/stat,1748991788059,184391,14580
/proc/stat,1748991789057,2500632,301445
/proc/22533/stat,1748991789058,184582,14593
/proc/stat,1748991790057,2500816,301462
/proc/22533/stat,1748991790058,184772,14606
/proc/stat,1748991791057,2501002,301480
/proc/22533/stat,1748991791058,184958,14622
/proc/stat,1748991792057,2501185,301502
/proc/22533/stat,1748991792058,185145,14640
/proc/stat,1748991793057,2501374,301515
/proc/22533/stat,1748991793059,185337,14651
/proc/stat,1748991794057,2501564,301533
/proc/22533/stat,1748991794058,185523,14669
/proc/stat,1748991795057,2501760,301547
/proc/22533/stat,1748991795058,185717,14678
/proc/stat,1748991796057,2501952,301562
/proc/22533/stat,1748991796058,185909,14692
/proc/stat,1748991797057,2502141,301577
/proc/22533/stat,1748991797059,186098,14705
/proc/stat,1748991798057,2502336,301591
/proc/22533/stat,1748991798058,186291,14716
/proc/stat,1748991799057,2502522,301608
/proc/22533/stat,1748991799058,186482,14729
/proc/stat,1748991800058,2502711,301623
/proc/22533/stat,1748991800059,186674,14741
/proc/stat,1748991801057,2502891,301642
/proc/22533/stat,1748991801059,186860,14757
/proc/stat,1748991802057,2503072,301669
/proc/22533/stat,1748991802059,187040,14782
/proc/stat,1748991803057,2503256,301689
/proc/22533/stat,1748991803058,187226,14800
/proc/stat,1748991804057,2503441,301705
/proc/22533/stat,1748991804059,187417,14813
/proc/stat,1748991805057,2503632,301721
/proc/22533/stat,1748991805058,187609,14826
/proc/stat,1748991806057,2503818,301741
/proc/22533/stat,1748991806058,187797,14842
/proc/stat,1748991807057,2504004,301755
/proc/22533/stat,1748991807059,187990,14853
/proc/stat,1748991808058,2504192,301771
/proc/22533/stat,1748991808059,188184,14865
/proc/stat,1748991809057,2504378,301786
/proc/22533/stat,1748991809058,188374,14878
/proc/stat,1748991810057,2504567,301799
/proc/22533/stat,1748991810058,188567,14890
/proc/stat,1748991811057,2504752,301818
/proc/22533/stat,1748991811059,188754,14906
/proc/stat,1748991812057,2504940,301836
/proc/22533/stat,1748991812059,188944,14920
/proc/stat,1748991813057,2505127,301856
/proc/22533/stat,1748991813058,189130,14936
/proc/stat,1748991814057,2505320,301872
/proc/22533/stat,1748991814058,189322,14948
/proc/stat,1748991815057,2505502,301892
/proc/22533/stat,1748991815059,189510,14964
/proc/stat,1748991816057,2505686,301914
/proc/22533/stat,1748991816058,189696,14983
/proc/stat,1748991817057,2505876,301932
/proc/22533/stat,1748991817058,189885,14997
/proc/stat,1748991818057,2506057,301958
/proc/22533/stat,1748991818058,190063,15020
/proc/stat,1748991819056,2506232,301987
/proc/22533/stat,1748991819057,190240,15047
/proc/stat,1748991820057,2506425,302002
/proc/22533/stat,1748991820058,190431,15060
/proc/stat,1748991821057,2506616,302019
/proc/22533/stat,1748991821058,190625,15071
/proc/stat,1748991822057,2506802,302036
/proc/22533/stat,1748991822058,190812,15086
/proc/stat,1748991823056,2506993,302047
/proc/22533/stat,1748991823057,191006,15096
/proc/stat,1748991824056,2507178,302067
/proc/22533/stat,1748991824057,191192,15113
/proc/stat,1748991825056,2507368,302083
/proc/22533/stat,1748991825058,191383,15125
/proc/stat,1748991826057,2507560,302101
/proc/22533/stat,1748991826058,191574,15140
/proc/stat,1748991827057,2507744,302124
/proc/22533/stat,1748991827059,191758,15161
/proc/stat,1748991828057,2507932,302144
/proc/22533/stat,1748991828058,191947,15176
/proc/stat,1748991829056,2508116,302162
/proc/22533/stat,1748991829058,192135,15191
/proc/stat,1748991830056,2508304,302178
/proc/22533/stat,1748991830057,192325,15206
/proc/stat,1748991831056,2508499,302192
/proc/22533/stat,1748991831058,192517,15218
/proc/stat,1748991832057,2508692,302207
/proc/22533/stat,1748991832059,192710,15228
/proc/stat,1748991833056,2508884,302224
/proc/22533/stat,1748991833057,192902,15240
/proc/stat,1748991834056,2509068,302244
/proc/22533/stat,1748991834058,193091,15257
/proc/stat,1748991835057,2509254,302276
/proc/22533/stat,1748991835059,193276,15287
/proc/stat,1748991836057,2509435,302302
/proc/22533/stat,1748991836058,193454,15311
/proc/stat,1748991837057,2509619,302322
/proc/22533/stat,1748991837059,193642,15327
/proc/stat,1748991838056,2509807,302334
/proc/22533/stat,1748991838058,193835,15337
/proc/stat,1748991839056,2509995,302344
/proc/22533/stat,1748991839057,194029,15345
/proc/stat,1748991840057,2510187,302361
/proc/22533/stat,1748991840059,194220,15358
/proc/stat,1748991841056,2510402,302379
/proc/22533/stat,1748991841058,194407,15374
/proc/stat,1748991842057,2510594,302396
/proc/22533/stat,1748991842058,194600,15386
/proc/stat,1748991843057,2510783,302409
/proc/22533/stat,1748991843058,194793,15396
/proc/stat,1748991844057,2510978,302421
/proc/22533/stat,1748991844059,194988,15405
/proc/stat,1748991845056,2511163,302439
/proc/22533/stat,1748991845058,195176,15421
/proc/stat,1748991846057,2511352,302460
/proc/22533/stat,1748991846058,195363,15437
/proc/stat,1748991847056,2511540,302474
/proc/22533/stat,1748991847058,195553,15449
/proc/stat,1748991848056,2511731,302486
/proc/22533/stat,1748991848057,195745,15459
/proc/stat,1748991849057,2511919,302506
/proc/22533/stat,1748991849059,195933,15474
/proc/stat,1748991850057,2512110,302522
/proc/22533/stat,1748991850058,196125,15486
/proc/stat,1748991851057,2512296,302542
/proc/22533/stat,1748991851059,196306,15503
/proc/stat,1748991852057,2512462,302580
/proc/22533/stat,1748991852058,196474,15538
/proc/stat,1748991853056,2512652,302596
/proc/22533/stat,1748991853058,196662,15554
/proc/stat,1748991854056,2512839,302614
/proc/22533/stat,1748991854057,196851,15568
/proc/stat,1748991855056,2513026,302633
/proc/22533/stat,1748991855058,197039,15584
/proc/stat,1748991856057,2513216,302650
/proc/22533/stat,1748991856058,197232,15597
/proc/stat,1748991857057,2513414,302664
/proc/22533/stat,1748991857059,197426,15608
/proc/stat,1748991858057,2513604,302680
/proc/22533/stat,1748991858058,197617,15621
/proc/stat,1748991859057,2513793,302698
/proc/22533/stat,1748991859059,197806,15636
/proc/stat,1748991860057,2513981,302714
/proc/22533/stat,1748991860058,197997,15648
/proc/stat,1748991861057,2514170,302731
/proc/22533/stat,1748991861058,198185,15663
/proc/stat,1748991862057,2514360,302749
/proc/22533/stat,1748991862058,198373,15679
/proc/stat,1748991863057,2514552,302764
/proc/22533/stat,1748991863058,198564,15691
/proc/stat,1748991864057,2514748,302777
/proc/22533/stat,1748991864058,198759,15700
/proc/stat,1748991865057,2514943,302791
/proc/22533/stat,1748991865059,198953,15710
/proc/stat,1748991866057,2515137,302805
/proc/22533/stat,1748991866058,199147,15721
/proc/stat,1748991867057,2515326,302821
/proc/22533/stat,1748991867059,199340,15731
/proc/stat,1748991868059,2515502,302843
/proc/22533/stat,1748991868061,199525,15751
/proc/stat,1748991869064,2515689,302874
/proc/22533/stat,1748991869065,199702,15777
/proc/stat,1748991870058,2515876,302890
/proc/22533/stat,1748991870059,199892,15788
/proc/stat,1748991871057,2516069,302905
/proc/22533/stat,1748991871059,200085,15800
/proc/stat,1748991872057,2516263,302921
/proc/22533/stat,1748991872058,200276,15813
/proc/stat,1748991873056,2516452,302937
/proc/22533/stat,1748991873058,200469,15825
/proc/stat,1748991874056,2516642,302956
/proc/22533/stat,1748991874057,200659,15839
/proc/stat,1748991875056,2516834,302974
/proc/22533/stat,1748991875058,200850,15854
/proc/stat,1748991876057,2517020,302991
/proc/22533/stat,1748991876058,201040,15868
/proc/stat,1748991877057,2517208,303009
/proc/22533/stat,1748991877059,201228,15883
/proc/stat,1748991878057,2517398,303027
/proc/22533/stat,1748991878059,201420,15896
/proc/stat,1748991879056,2517583,303046
/proc/22533/stat,1748991879058,201607,15913
/proc/stat,1748991880057,2517775,303061
/proc/22533/stat,1748991880058,201801,15923
/proc/stat,1748991881056,2517960,303080
/proc/22533/stat,1748991881057,201990,15939
/proc/stat,1748991882056,2518147,303099
/proc/22533/stat,1748991882058,202178,15954
/proc/stat,1748991883057,2518333,303117
/proc/22533/stat,1748991883058,202366,15969
/proc/stat,1748991884060,2518513,303137
/proc/22533/stat,1748991884061,202547,15987
/proc/stat,1748991885058,2518690,303165
/proc/22533/stat,1748991885059,202723,16012
/proc/stat,1748991886056,2518871,303186
/proc/22533/stat,1748991886058,202906,16031
/proc/stat,1748991887057,2519058,303201
/proc/22533/stat,1748991887058,203096,16043
/proc/stat,1748991888058,2519250,303216
/proc/22533/stat,1748991888060,203290,16053
/proc/stat,1748991889057,2519436,303234
/proc/22533/stat,1748991889058,203478,16067
/proc/stat,1748991890056,2519621,303251
/proc/22533/stat,1748991890058,203667,16083
/proc/stat,1748991891057,2519812,303262
/proc/22533/stat,1748991891058,203862,16092
/proc/stat,1748991892057,2520000,303279
/proc/22533/stat,1748991892058,204049,16107
/proc/stat,1748991893057,2520190,303296
/proc/22533/stat,1748991893058,204240,16120
/proc/stat,1748991894057,2520376,303317
/proc/22533/stat,1748991894058,204426,16138
/proc/stat,1748991895057,2520565,303334
/proc/22533/stat,1748991895058,204616,16151
/proc/stat,1748991896057,2520755,303351
/proc/22533/stat,1748991896058,204807,16165
/proc/stat,1748991897056,2520943,303367
/proc/22533/stat,1748991897058,204996,16179
/proc/stat,1748991898057,2521132,303384
/proc/22533/stat,1748991898059,205187,16192
/proc/stat,1748991899056,2521325,303400
/proc/22533/stat,1748991899057,205379,16205
/proc/stat,1748991900056,2521512,303416
/proc/22533/stat,1748991900058,205569,16219
/proc/stat,1748991901056,2521640,303437
