SourceFile,Timestamp,userTime (Ticks),systemTime (Ticks)
/proc/stat,1749210670080,157131,27475
/proc/12471/stat,1749210670081,273,15
/proc/stat,1749210671037,157464,27500
/proc/12471/stat,1749210671038,604,38
/proc/stat,1749210672055,157840,27524
/proc/12471/stat,1749210672055,978,61
/proc/stat,1749210673106,158239,27543
/proc/12471/stat,1749210673106,1374,78
/proc/stat,1749210674031,158583,27567
/proc/12471/stat,1749210674032,1716,101
/proc/stat,1749210675029,158946,27598
/proc/12471/stat,1749210675030,2076,130
/proc/stat,1749210676099,159350,27620
/proc/12471/stat,1749210676100,2478,151
/proc/stat,1749210677042,159693,27648
/proc/12471/stat,1749210677042,2818,177
/proc/stat,1749210678123,160095,27670
/proc/12471/stat,1749210678124,3217,198
/proc/stat,1749210679050,160436,27700
/proc/12471/stat,1749210679051,3551,227
/proc/stat,1749210680053,160780,27738
/proc/12471/stat,1749210680054,3894,262
/proc/stat,1749210681029,161094,27802
/proc/12471/stat,1749210681029,4208,325
/proc/stat,1749210682097,161481,27838
/proc/12471/stat,1749210682097,4596,358
/proc/stat,1749210683101,161792,27903
/proc/12471/stat,1749210683102,4909,421
/proc/stat,1749210684124,162166,27936
/proc/12471/stat,1749210684124,5282,453
/proc/stat,1749210685094,162481,27994
/proc/12471/stat,1749210685095,5593,509
/proc/stat,1749210686042,162800,28038
/proc/12471/stat,1749210686042,5910,552
/proc/stat,1749210687050,163146,28093
/proc/12471/stat,1749210687050,6255,606
/proc/stat,1749210688134,163520,28142
/proc/12471/stat,1749210688135,6627,654
/proc/stat,1749210689025,163801,28192
/proc/12471/stat,1749210689026,6910,702
/proc/stat,1749210690097,164172,28245
/proc/12471/stat,1749210690098,7280,755
/proc/stat,1749210691021,164436,28301
/proc/12471/stat,1749210691021,7547,809
/proc/stat,1749210692086,164765,28385
/proc/12471/stat,1749210692087,7870,892
/proc/stat,1749210693040,165068,28438
/proc/12471/stat,1749210693040,8174,944
/proc/stat,1749210694035,165422,28479
/proc/12471/stat,1749210694036,8526,983
/proc/stat,1749210695054,165750,28557
/proc/12471/stat,1749210695054,8850,1059
/proc/stat,1749210696090,166096,28608
/proc/12471/stat,1749210696090,9195,1110
/proc/stat,1749210697034,166403,28668
/proc/12471/stat,1749210697036,9501,1168
/proc/stat,1749210698071,166760,28718
/proc/12471/stat,1749210698072,9856,1218
/proc/stat,1749210699093,167081,28782
/proc/12471/stat,1749210699094,10175,1279
/proc/stat,1749210700045,167415,28824
/proc/12471/stat,1749210700045,10508,1319
/proc/stat,1749210701058,167749,28878
/proc/12471/stat,1749210701058,10839,1372
/proc/stat,1749210702102,168102,28919
/proc/12471/stat,1749210702102,11191,1410
/proc/stat,1749210703074,168442,28963
/proc/12471/stat,1749210703074,11531,1452
/proc/stat,1749210704092,168786,29016
/proc/12471/stat,1749210704092,11873,1505
/proc/stat,1749210705122,169160,29054
/proc/12471/stat,1749210705122,12244,1541
/proc/stat,1749210706074,169480,29103
/proc/12471/stat,1749210706074,12563,1587
/proc/stat,1749210707018,169791,29138
/proc/12471/stat,1749210707018,12873,1622
/proc/stat,1749210708099,170143,29183
/proc/12471/stat,1749210708099,13224,1665
/proc/stat,1749210709024,170437,29243
/proc/12471/stat,1749210709024,13519,1724
/proc/stat,1749210710071,170807,29290
/proc/12471/stat,1749210710072,13887,1772
/proc/stat,1749210711024,171112,29338
/proc/12471/stat,1749210711025,14192,1818
/proc/stat,1749210712098,171475,29401
/proc/12471/stat,1749210712099,14552,1879
/proc/stat,1749210713054,171788,29453
/proc/12471/stat,1749210713054,14864,1931
/proc/stat,1749210714023,172128,29488
/proc/12471/stat,1749210714023,15201,1964
/proc/stat,1749210715113,172480,29540
/proc/12471/stat,1749210715113,15557,2014
/proc/stat,1749210716049,172830,29565
/proc/12471/stat,1749210716050,15903,2037
/proc/stat,1749210717167,173198,29636
/proc/12471/stat,1749210717167,16269,2106
/proc/stat,1749210718115,173522,29690
/proc/12471/stat,1749210718115,16590,2158
/proc/stat,1749210719039,173844,29732
/proc/12471/stat,1749210719039,16910,2198
/proc/stat,1749210720115,174190,29796
/proc/12471/stat,1749210720116,17255,2261
/proc/stat,1749210721041,174519,29837
/proc/12471/stat,1749210721042,17581,2299
/proc/stat,1749210722118,174867,29902
/proc/12471/stat,1749210722118,17928,2362
/proc/stat,1749210723095,175209,29947
/proc/12471/stat,1749210723095,18269,2406
/proc/stat,1749210724071,175554,29991
/proc/12471/stat,1749210724072,18607,2448
/proc/stat,1749210725102,175910,30045
/proc/12471/stat,1749210725103,18960,2500
/proc/stat,1749210726063,176233,30094
/proc/12471/stat,1749210726063,19281,2547
/proc/stat,1749210727036,176589,30126
/proc/12471/stat,1749210727036,19636,2576
/proc/stat,1749210728143,176921,30181
/proc/12471/stat,1749210728143,19965,2629
/proc/stat,1749210729151,177254,30241
/proc/12471/stat,1749210729152,20298,2687
/proc/stat,1749210730037,177533,30314
/proc/12471/stat,1749210730038,20575,2758
/proc/stat,1749210731068,177873,30373
/proc/12471/stat,1749210731069,20912,2815
/proc/stat,1749210732074,178242,30406
/proc/12471/stat,1749210732075,21278,2846
/proc/stat,1749210733118,178584,30472
/proc/12471/stat,1749210733119,21618,2909
/proc/stat,1749210734055,178919,30510
/proc/12471/stat,1749210734056,21951,2945
/proc/stat,1749210735076,179270,30555
/proc/12471/stat,1749210735076,22301,2988
/proc/stat,1749210736132,179634,30610
/proc/12471/stat,1749210736133,22665,3042
/proc/stat,1749210737072,179961,30655
/proc/12471/stat,1749210737072,22990,3085
/proc/stat,1749210738063,180307,30700
/proc/12471/stat,1749210738064,23333,3128
/proc/stat,1749210739131,180693,30738
/proc/12471/stat,1749210739131,23717,3164
/proc/stat,1749210740049,180986,30787
/proc/12471/stat,1749210740049,24011,3212
/proc/stat,1749210741082,181345,30841
/proc/12471/stat,1749210741083,24367,3264
/proc/stat,1749210742031,181662,30892
/proc/12471/stat,1749210742031,24685,3313
/proc/stat,1749210743072,182012,30953
/proc/12471/stat,1749210743073,25031,3372
/proc/stat,1749210744042,182346,31006
/proc/12471/stat,1749210744042,25363,3423
/proc/stat,1749210745076,182700,31058
/proc/12471/stat,1749210745076,25716,3474
/proc/stat,1749210746046,183046,31100
/proc/12471/stat,1749210746046,26059,3513
/proc/stat,1749210747111,183402,31162
/proc/12471/stat,1749210747111,26411,3574
/proc/stat,1749210748058,183742,31199
/proc/12471/stat,1749210748058,26750,3608
/proc/stat,1749210749097,184091,31260
/proc/12471/stat,1749210749097,27099,3666
/proc/stat,1749210750084,184450,31289
/proc/12471/stat,1749210750084,27454,3693
/proc/stat,1749210751116,184760,31335
/proc/12471/stat,1749210751116,27763,3737
/proc/stat,1749210752115,185088,31394
/proc/12471/stat,1749210752115,28089,3794
/proc/stat,1749210753101,185413,31461
/proc/12471/stat,1749210753101,28411,3859
/proc/stat,1749210754061,185762,31494
/proc/12471/stat,1749210754061,28758,3890
/proc/stat,1749210755034,186090,31552
/proc/12471/stat,1749210755035,29083,3946
/proc/stat,1749210756045,186426,31617
/proc/12471/stat,1749210756046,29416,4008
/proc/stat,1749210757040,186782,31656
/proc/12471/stat,1749210757040,29770,4045
/proc/stat,1749210758054,187113,31728
/proc/12471/stat,1749210758055,30098,4116
/proc/stat,1749210759111,187488,31775
/proc/12471/stat,1749210759111,30471,4160
/proc/stat,1749210760076,187822,31822
/proc/12471/stat,1749210760076,30804,4205
/proc/stat,1749210761166,188202,31877
/proc/12471/stat,1749210761166,31181,4258
/proc/stat,1749210762096,188518,31919
/proc/12471/stat,1749210762097,31500,4298
/proc/stat,1749210763114,188882,31962
/proc/12471/stat,1749210763115,31859,4340
/proc/stat,1749210764062,189215,32003
/proc/12471/stat,1749210764062,32191,4378
/proc/stat,1749210765090,189566,32060
/proc/12471/stat,1749210765091,32539,4434
/proc/stat,1749210766208,189965,32096
/proc/12471/stat,1749210766208,32933,4468
/proc/stat,1749210767083,190283,32127
/proc/12471/stat,1749210767084,33249,4497
/proc/stat,1749210768059,190608,32172
/proc/12471/stat,1749210768060,33573,4541
/proc/stat,1749210769127,190987,32219
/proc/12471/stat,1749210769128,33949,4586
/proc/stat,1749210770062,191328,32251
/proc/12471/stat,1749210770063,34289,4616
/proc/stat,1749210771089,191684,32302
/proc/12471/stat,1749210771090,34645,4664
/proc/stat,1749210772098,192028,32360
/proc/12471/stat,1749210772099,34987,4721
/proc/stat,1749210773065,192325,32398
/proc/12471/stat,1749210773066,35278,4756
/proc/stat,1749210774122,192673,32465
/proc/12471/stat,1749210774122,35625,4821
/proc/stat,1749210775045,192988,32515
/proc/12471/stat,1749210775046,35927,4868
/proc/stat,1749210776066,193349,32560
/proc/12471/stat,1749210776067,36284,4911
/proc/stat,1749210777125,193723,32610
/proc/12471/stat,1749210777126,36654,4959
/proc/stat,1749210778074,194028,32674
/proc/12471/stat,1749210778075,36959,5022
/proc/stat,1749210779105,194393,32721
/proc/12471/stat,1749210779105,37322,5067
/proc/stat,1749210780092,194724,32777
/proc/12471/stat,1749210780092,37654,5121
/proc/stat,1749210781043,195058,32822
/proc/12471/stat,1749210781043,37985,5164
/proc/stat,1749210782100,195411,32879
/proc/12471/stat,1749210782100,38338,5219
/proc/stat,1749210783114,195752,32944
/proc/12471/stat,1749210783115,38676,5282
/proc/stat,1749210784111,196105,32984
/proc/12471/stat,1749210784111,39028,5321
/proc/stat,1749210785060,196439,33028
/proc/12471/stat,1749210785061,39362,5362
/proc/stat,1749210786072,196784,33075
/proc/12471/stat,1749210786073,39705,5408
/proc/stat,1749210787106,197134,33129
/proc/12471/stat,1749210787107,40055,5458
/proc/stat,1749210788117,197505,33162
/proc/12471/stat,1749210788117,40423,5489
/proc/stat,1749210789122,197855,33208
/proc/12471/stat,1749210789123,40771,5533
/proc/stat,1749210790062,198174,33262
/proc/12471/stat,1749210790063,41087,5585
/proc/stat,1749210791092,198529,33310
/proc/12471/stat,1749210791092,41439,5632
/proc/stat,1749210792085,198876,33357
/proc/12471/stat,1749210792085,41783,5677
/proc/stat,1749210793088,199192,33428
/proc/12471/stat,1749210793088,42098,5746
/proc/stat,1749210794052,199521,33483
/proc/12471/stat,1749210794053,42426,5798
/proc/stat,1749210795027,199823,33520
/proc/12471/stat,1749210795027,42726,5834
/proc/stat,1749210796055,200169,33570
/proc/12471/stat,1749210796056,43072,5881
/proc/stat,1749210797082,200508,33642
/proc/12471/stat,1749210797083,43407,5951
/proc/stat,1749210798038,200836,33690
/proc/12471/stat,1749210798038,43732,5997
/proc/stat,1749210799064,201201,33734
/proc/12471/stat,1749210799064,44096,6038
/proc/stat,1749210800106,201573,33775
/proc/12471/stat,1749210800106,44465,6078
/proc/stat,1749210801063,201885,33841
/proc/12471/stat,1749210801064,44776,6142
/proc/stat,1749210802109,202228,33894
/proc/12471/stat,1749210802109,45119,6194
/proc/stat,1749210803123,202576,33951
/proc/12471/stat,1749210803123,45463,6250
/proc/stat,1749210804066,202892,33993
/proc/12471/stat,1749210804067,45778,6289
/proc/stat,1749210805116,203251,34050
/proc/12471/stat,1749210805117,46134,6344
/proc/stat,1749210806034,203548,34108
/proc/12471/stat,1749210806035,46428,6399
/proc/stat,1749210807123,203943,34146
/proc/12471/stat,1749210807123,46821,6436
/proc/stat,1749210808034,204264,34188
/proc/12471/stat,1749210808034,47141,6475
/proc/stat,1749210809152,204648,34246
/proc/12471/stat,1749210809152,47522,6531
/proc/stat,1749210810070,204982,34280
/proc/12471/stat,1749210810071,47853,6563
/proc/stat,1749210811067,205313,34330
/proc/12471/stat,1749210811067,48186,6611
/proc/stat,1749210812070,205664,34381
/proc/12471/stat,1749210812071,48534,6660
/proc/stat,1749210813102,206010,34438
/proc/12471/stat,1749210813102,48880,6717
/proc/stat,1749210814111,206364,34486
/proc/12471/stat,1749210814111,49233,6763
/proc/stat,1749210815054,206682,34530
/proc/12471/stat,1749210815054,49551,6804
/proc/stat,1749210816123,207051,34584
/proc/12471/stat,1749210816123,49919,6856
/proc/stat,1749210817035,207373,34619
/proc/12471/stat,1749210817035,50239,6889
/proc/stat,1749210818113,207689,34674
/proc/12471/stat,1749210818113,50553,6943
/proc/stat,1749210819140,208029,34741
/proc/12471/stat,1749210819140,50888,7009
/proc/stat,1749210820103,208341,34795
/proc/12471/stat,1749210820103,51198,7062
/proc/stat,1749210821099,208699,34834
/proc/12471/stat,1749210821099,51553,7098
/proc/stat,1749210822030,209016,34876
/proc/12471/stat,1749210822030,51867,7138
/proc/stat,1749210823070,209354,34952
/proc/12471/stat,1749210823071,52205,7211
/proc/stat,1749210824051,209694,35000
/proc/12471/stat,1749210824052,52542,7257
/proc/stat,1749210825059,210034,35056
/proc/12471/stat,1749210825060,52877,7313
/proc/stat,1749210826049,210384,35099
/proc/12471/stat,1749210826050,53226,7354
/proc/stat,1749210827110,210730,35174
/proc/12471/stat,1749210827111,53569,7427
/proc/stat,1749210828122,211087,35222
/proc/12471/stat,1749210828122,53924,7473
/proc/stat,1749210829083,211422,35267
/proc/12471/stat,1749210829084,54257,7518
/proc/stat,1749210830075,211768,35315
/proc/12471/stat,1749210830075,54602,7563
/proc/stat,1749210831117,212120,35378
/proc/12471/stat,1749210831117,54951,7624
/proc/stat,1749210832130,212481,35418
/proc/12471/stat,1749210832131,55310,7662
/proc/stat,1749210833094,212790,35456
/proc/12471/stat,1749210833094,55619,7698
/proc/stat,1749210834071,213138,35496
/proc/12471/stat,1749210834071,55964,7738
/proc/stat,1749210835048,213490,35534
/proc/12471/stat,1749210835049,56315,7773
/proc/stat,1749210836062,213821,35592
/proc/12471/stat,1749210836063,56643,7829
/proc/stat,1749210837058,214167,35643
/proc/12471/stat,1749210837059,56986,7878
/proc/stat,1749210838109,214536,35692
/proc/12471/stat,1749210838109,57353,7925
/proc/stat,1749210839122,214881,35752
/proc/12471/stat,1749210839122,57696,7982
/proc/stat,1749210840090,215158,35799
/proc/12471/stat,1749210840090,57969,8027
/proc/stat,1749210841118,215499,35862
/proc/12471/stat,1749210841118,58308,8087
/proc/stat,1749210842070,215811,35922
/proc/12471/stat,1749210842071,58619,8146
/proc/stat,1749210843063,216168,35960
/proc/12471/stat,1749210843064,58972,8182
/proc/stat,1749210844048,216505,36015
/proc/12471/stat,1749210844048,59306,8236
/proc/stat,1749210845105,216858,36076
/proc/12471/stat,1749210845105,59656,8294
/proc/stat,1749210846062,217191,36124
/proc/12471/stat,1749210846062,59987,8341
/proc/stat,1749210847147,217562,36177
/proc/12471/stat,1749210847147,60356,8392
/proc/stat,1749210848118,217914,36214
/proc/12471/stat,1749210848119,60707,8426
/proc/stat,1749210849058,218231,36266
/proc/12471/stat,1749210849059,61022,8476
/proc/stat,1749210850082,218579,36324
/proc/12471/stat,1749210850082,61370,8532
/proc/stat,1749210851052,218928,36362
/proc/12471/stat,1749210851053,61714,8567
/proc/stat,1749210852063,219252,36432
/proc/12471/stat,1749210852064,62037,8635
/proc/stat,1749210853068,219605,36480
/proc/12471/stat,1749210853068,62388,8682
/proc/stat,1749210854125,219968,36533
/proc/12471/stat,1749210854125,62748,8732
/proc/stat,1749210855063,220306,36569
/proc/12471/stat,1749210855063,63086,8766
/proc/stat,1749210856104,220669,36618
/proc/12471/stat,1749210856104,63448,8812
/proc/stat,1749210857088,221017,36663
/proc/12471/stat,1749210857088,63793,8855
/proc/stat,1749210858070,221342,36708
/proc/12471/stat,1749210858070,64115,8899
/proc/stat,1749210859110,221710,36756
/proc/12471/stat,1749210859110,64480,8944
/proc/stat,1749210860032,222018,36804
/proc/12471/stat,1749210860033,64788,8992
/proc/stat,1749210861106,222398,36852
/proc/12471/stat,1749210861107,65163,9037
/proc/stat,1749210862060,222730,36895
/proc/12471/stat,1749210862060,65491,9079
/proc/stat,1749210863093,223042,36935
/proc/12471/stat,1749210863094,65801,9116
/proc/stat,1749210864062,223371,36991
/proc/12471/stat,1749210864063,66128,9172
/proc/stat,1749210865109,223751,37026
/proc/12471/stat,1749210865109,66506,9204
/proc/stat,1749210866106,224109,37065
/proc/12471/stat,1749210866106,66861,9243
/proc/stat,1749210867119,224438,37117
/proc/12471/stat,1749210867119,67190,9292
/proc/stat,1749210868067,224776,37158
/proc/12471/stat,1749210868067,67526,9331
/proc/stat,1749210869122,225132,37214
/proc/12471/stat,1749210869122,67881,9385
/proc/stat,1749210870118,225469,37276
/proc/12471/stat,1749210870118,68215,9445
/proc/stat,1749210871048,225791,37322
/proc/12471/stat,1749210871048,68536,9490
/proc/stat,1749210872090,226169,37361
/proc/12471/stat,1749210872091,68911,9527
/proc/stat,1749210873178,226551,37411
/proc/12471/stat,1749210873178,69292,9574
/proc/stat,1749210874091,226850,37468
/proc/12471/stat,1749210874091,69589,9630
/proc/stat,1749210875108,227216,37506
/proc/12471/stat,1749210875108,69954,9666
/proc/stat,1749210876061,227526,37571
/proc/12471/stat,1749210876061,70263,9730
/proc/stat,1749210877029,227870,37613
/proc/12471/stat,1749210877053,70611,9770
/proc/stat,1749210878062,228196,37678
/proc/12471/stat,1749210878062,70928,9834
/proc/stat,1749210879050,228526,37744
/proc/12471/stat,1749210879050,71257,9896
/proc/stat,1749210880138,228885,37808
/proc/12471/stat,1749210880139,71614,9959
/proc/stat,1749210881064,229210,37850
/proc/12471/stat,1749210881064,71940,9998
/proc/stat,1749210882036,229550,37890
/proc/12471/stat,1749210882036,72277,10037
/proc/stat,1749210883129,229933,37945
/proc/12471/stat,1749210883129,72655,10090
/proc/stat,1749210884069,230270,37981
/proc/12471/stat,1749210884069,72992,10124
/proc/stat,1749210885036,230560,38014
/proc/12471/stat,1749210885036,73281,10156
/proc/stat,1749210886119,230912,38082
/proc/12471/stat,1749210886119,73630,10222
/proc/stat,1749210887077,231231,38146
/proc/12471/stat,1749210887077,73947,10282
/proc/stat,1749210888047,231566,38193
/proc/12471/stat,1749210888047,74279,10329
/proc/stat,1749210889146,231967,38230
/proc/12471/stat,1749210889146,74679,10364
/proc/stat,1749210890063,232250,38286
/proc/12471/stat,1749210890063,74960,10419
/proc/stat,1749210891115,232613,38344
/proc/12471/stat,1749210891116,75320,10475
/proc/stat,1749210892102,232941,38395
/proc/12471/stat,1749210892102,75648,10523
/proc/stat,1749210893079,233276,38447
/proc/12471/stat,1749210893079,75982,10572
/proc/stat,1749210894063,233623,38476
/proc/12471/stat,1749210894063,76329,10599
/proc/stat,1749210895108,233970,38541
/proc/12471/stat,1749210895108,76677,10662
/proc/stat,1749210896062,234318,38570
/proc/12471/stat,1749210896062,77025,10689
/proc/stat,1749210897063,234631,38637
/proc/12471/stat,1749210897064,77336,10754
/proc/stat,1749210898087,234981,38696
/proc/12471/stat,1749210898088,77684,10811
/proc/stat,1749210899122,235344,38737
/proc/12471/stat,1749210899122,78044,10850
/proc/stat,1749210900105,235687,38784
/proc/12471/stat,1749210900106,78386,10894
/proc/stat,1749210901050,236028,38816
/proc/12471/stat,1749210901050,78724,10925
/proc/stat,1749210902122,236400,38870
/proc/12471/stat,1749210902123,79094,10978
/proc/stat,1749210903062,236739,38908
/proc/12471/stat,1749210903062,79430,11013
/proc/stat,1749210904136,237089,38970
/proc/12471/stat,1749210904136,79780,11073
/proc/stat,1749210905068,237420,39010
/proc/12471/stat,1749210905069,80108,11112
/proc/stat,1749210906102,237769,39055
/proc/12471/stat,1749210906102,80456,11155
/proc/stat,1749210907170,238139,39112
/proc/12471/stat,1749210907170,80824,11209
/proc/stat,1749210908023,238407,39153
/proc/12471/stat,1749210908023,81096,11249
/proc/stat,1749210909130,238757,39203
/proc/12471/stat,1749210909130,81441,11297
/proc/stat,1749210910041,239086,39237
/proc/12471/stat,1749210910041,81768,11329
/proc/stat,1749210911138,239462,39290
/proc/12471/stat,1749210911138,82140,11380
/proc/stat,1749210912062,239785,39335
/proc/12471/stat,1749210912062,82461,11424
/proc/stat,1749210913126,240144,39389
/proc/12471/stat,1749210913126,82820,11474
/proc/stat,1749210914017,240446,39425
/proc/12471/stat,1749210914017,83119,11509
/proc/stat,1749210915031,240806,39464
/proc/12471/stat,1749210915031,83476,11547
/proc/stat,1749210916129,241173,39534
/proc/12471/stat,1749210916129,83840,11615
/proc/stat,1749210917239,241572,39578
/proc/12471/stat,1749210917240,84234,11655
/proc/stat,1749210918079,241860,39622
/proc/12471/stat,1749210918080,84522,11697
/proc/stat,1749210919104,242219,39669
/proc/12471/stat,1749210919105,84881,11741
/proc/stat,1749210920102,242526,39748
/proc/12471/stat,1749210920102,85189,11819
/proc/stat,1749210921078,242876,39786
/proc/12471/stat,1749210921078,85535,11856
/proc/stat,1749210922161,243250,39827
/proc/12471/stat,1749210922161,85906,11894
/proc/stat,1749210923065,243570,39867
/proc/12471/stat,1749210923065,86222,11932
/proc/stat,1749210924065,243926,39908
/proc/12471/stat,1749210924065,86576,11972
/proc/stat,1749210925066,244280,39949
/proc/12471/stat,1749210925067,86925,12011
/proc/stat,1749210926123,244666,39984
/proc/12471/stat,1749210926123,87308,12043
/proc/stat,1749210927044,244964,40035
/proc/12471/stat,1749210927044,87608,12092
/proc/stat,1749210928070,245318,40089
/proc/12471/stat,1749210928071,87959,12146
/proc/stat,1749210929163,245695,40128
/proc/12471/stat,1749210929164,88336,12183
/proc/stat,1749210930121,246034,40172
/proc/12471/stat,1749210930121,88674,12224
/proc/stat,1749210931058,246369,40210
/proc/12471/stat,1749210931058,89008,12260
/proc/stat,1749210932139,246693,40259
/proc/12471/stat,1749210932139,89330,12307
/proc/stat,1749210933102,247028,40309
/proc/12471/stat,1749210933102,89662,12355
/proc/stat,1749210934047,247352,40356
/proc/12471/stat,1749210934047,89985,12400
/proc/stat,1749210935064,247706,40407
/proc/12471/stat,1749210935064,90337,12449
/proc/stat,1749210936033,248049,40450
/proc/12471/stat,1749210936033,90679,12490
/proc/stat,1749210937070,248401,40506
/proc/12471/stat,1749210937070,91028,12543
/proc/stat,1749210938043,248738,40555
/proc/12471/stat,1749210938043,91364,12592
/proc/stat,1749210939122,249107,40605
/proc/12471/stat,1749210939122,91730,12639
/proc/stat,1749210940115,249440,40668
/proc/12471/stat,1749210940115,92061,12702
/proc/stat,1749210941199,249835,40706
/proc/12471/stat,1749210941199,92453,12737
/proc/stat,1749210942116,250163,40743
/proc/12471/stat,1749210942117,92781,12773
/proc/stat,1749210943076,250496,40791
/proc/12471/stat,1749210943076,93111,12819
/proc/stat,1749210944118,250856,40846
/proc/12471/stat,1749210944119,93467,12872
/proc/stat,1749210945086,251196,40892
/proc/12471/stat,1749210945086,93805,12916
/proc/stat,1749210946066,251517,40952
/proc/12471/stat,1749210946066,94125,12975
/proc/stat,1749210947100,251892,40989
/proc/12471/stat,1749210947100,94498,13011
/proc/stat,1749210948058,252224,41035
/proc/12471/stat,1749210948059,94830,13054
/proc/stat,1749210949118,252598,41084
/proc/12471/stat,1749210949119,95202,13101
/proc/stat,1749210950098,252906,41130
/proc/12471/stat,1749210950098,95508,13145
/proc/stat,1749210951056,253247,41171
/proc/12471/stat,1749210951057,95845,13184
/proc/stat,1749210952035,253592,41213
/proc/12471/stat,1749210952035,96186,13225
/proc/stat,1749210953064,253938,41268
/proc/12471/stat,1749210953064,96528,13278
/proc/stat,1749210954047,254284,41314
/proc/12471/stat,1749210954048,96871,13323
/proc/stat,1749210955109,254602,41360
/proc/12471/stat,1749210955109,97188,13366
/proc/stat,1749210956111,254937,41424
/proc/12471/stat,1749210956111,97522,13429
/proc/stat,1749210957117,255284,41470
/proc/12471/stat,1749210957117,97866,13472
/proc/stat,1749210958083,255634,41505
/proc/12471/stat,1749210958083,98215,13505
/proc/stat,1749210959066,255960,41556
/proc/12471/stat,1749210959066,98539,13554
/proc/stat,1749210960109,256316,41614
/proc/12471/stat,1749210960109,98893,13610
/proc/stat,1749210961035,256639,41653
/proc/12471/stat,1749210961035,99215,13648
/proc/stat,1749210962124,256990,41731
/proc/12471/stat,1749210962124,99563,13724
/proc/stat,1749210963035,257327,41758
/proc/12471/stat,1749210963035,99897,13750
/proc/stat,1749210964138,257700,41816
/proc/12471/stat,1749210964138,100266,13807
/proc/stat,1749210965154,258072,41848
/proc/12471/stat,1749210965155,100636,13839
/proc/stat,1749210966090,258379,41904
/proc/12471/stat,1749210966091,100942,13892
/proc/stat,1749210967112,258732,41958
/proc/12471/stat,1749210967112,101294,13945
/proc/stat,1749210968030,259052,41999
/proc/12471/stat,1749210968030,101613,13983
/proc/stat,1749210969114,259424,42060
/proc/12471/stat,1749210969114,101982,14041
/proc/stat,1749210970085,259775,42090
/proc/12471/stat,1749210970086,102332,14069
/proc/stat,1749210971128,260130,42146
/proc/12471/stat,1749210971128,102683,14124
/proc/stat,1749210972055,260472,42174
/proc/12471/stat,1749210972055,103023,14150
/proc/stat,1749210973083,260803,42226
/proc/12471/stat,1749210973083,103353,14201
/proc/stat,1749210974061,261138,42281
/proc/12471/stat,1749210974061,103685,14254
/proc/stat,1749210975103,261503,42324
/proc/12471/stat,1749210975104,104050,14296
/proc/stat,1749210976110,261851,42379
/proc/12471/stat,1749210976110,104395,14349
/proc/stat,1749210977029,262180,42411
/proc/12471/stat,1749210977030,104723,14380
/proc/stat,1749210978131,262503,42468
/proc/12471/stat,1749210978131,105046,14434
/proc/stat,1749210979130,262863,42508
/proc/12471/stat,1749210979130,105403,14472
/proc/stat,1749210980131,263189,42564
/proc/12471/stat,1749210980131,105728,14527
/proc/stat,1749210981106,263538,42605
/proc/12471/stat,1749210981107,106076,14566
/proc/stat,1749210982126,263870,42648
/proc/12471/stat,1749210982126,106407,14608
/proc/stat,1749210983122,264218,42699
/proc/12471/stat,1749210983122,106750,14657
/proc/stat,1749210984098,264560,42744
/proc/12471/stat,1749210984098,107091,14700
/proc/stat,1749210985114,264906,42802
/proc/12471/stat,1749210985114,107435,14756
/proc/stat,1749210986062,265239,42846
/proc/12471/stat,1749210986062,107766,14799
/proc/stat,1749210987126,265611,42894
/proc/12471/stat,1749210987126,108137,14846
/proc/stat,1749210988065,265934,42946
/proc/12471/stat,1749210988066,108457,14896
/proc/stat,1749210989157,266295,43017
/proc/12471/stat,1749210989158,108816,14965
/proc/stat,1749210990084,266633,43048
/proc/12471/stat,1749210990084,109153,14994
/proc/stat,1749210991068,266943,43115
/proc/12471/stat,1749210991068,109464,15059
/proc/stat,1749210992161,267324,43170
/proc/12471/stat,1749210992161,109844,15111
/proc/stat,1749210993029,267624,43212
/proc/12471/stat,1749210993029,110143,15151
/proc/stat,1749210994074,267979,43274
/proc/12471/stat,1749210994074,110495,15212
/proc/stat,1749210995020,268302,43321
/proc/12471/stat,1749210995021,110819,15257
/proc/stat,1749210996062,268668,43364
/proc/12471/stat,1749210996062,111184,15298
/proc/stat,1749210997041,269014,43409
/proc/12471/stat,1749210997041,111528,15341
/proc/stat,1749210998063,269362,43466
/proc/12471/stat,1749210998063,111872,15397
/proc/stat,1749210999146,269758,43502
/proc/12471/stat,1749210999146,112267,15432
/proc/stat,1749211000026,270029,43530
/proc/12471/stat,1749211000026,112537,15458
/proc/stat,1749211001067,270372,43582
/proc/12471/stat,1749211001067,112880,15507
/proc/stat,1749211002043,270678,43664
/proc/12471/stat,1749211002043,113184,15587
/proc/stat,1749211003102,271057,43707
/proc/12471/stat,1749211003102,113561,15628
/proc/stat,1749211004058,271400,43746
/proc/12471/stat,1749211004058,113901,15667
/proc/stat,1749211005161,271784,43793
/proc/12471/stat,1749211005162,114286,15710
/proc/stat,1749211006079,272084,43855
/proc/12471/stat,1749211006079,114584,15770
/proc/stat,1749211007134,272452,43904
/proc/12471/stat,1749211007134,114952,15817
/proc/stat,1749211008071,272791,43938
/proc/12471/stat,1749211008071,115288,15850
/proc/stat,1749211009065,273124,44004
/proc/12471/stat,1749211009065,115617,15914
/proc/stat,1749211010077,273455,44066
/proc/12471/stat,1749211010078,115948,15975
/proc/stat,1749211011067,273817,44099
/proc/12471/stat,1749211011067,116309,16005
/proc/stat,1749211012106,274180,44144
/proc/12471/stat,1749211012106,116669,16049
/proc/stat,1749211013102,274535,44184
/proc/12471/stat,1749211013103,117022,16088
/proc/stat,1749211014066,274862,44236
/proc/12471/stat,1749211014067,117346,16139
/proc/stat,1749211015126,275211,44309
/proc/12471/stat,1749211015127,117693,16209
/proc/stat,1749211016114,275553,44358
/proc/12471/stat,1749211016114,118031,16257
/proc/stat,1749211017066,275896,44394
/proc/12471/stat,1749211017066,118372,16290
/proc/stat,1749211018107,276246,44454
/proc/12471/stat,1749211018107,118721,16348
/proc/stat,1749211019110,276607,44494
/proc/12471/stat,1749211019110,119079,16386
/proc/stat,1749211020053,276924,44544
/proc/12471/stat,1749211020054,119395,16432
/proc/stat,1749211021041,277262,44599
/proc/12471/stat,1749211021041,119731,16484
/proc/stat,1749211022122,277662,44627
/proc/12471/stat,1749211022122,120127,16511
/proc/stat,1749211023022,277923,44666
/proc/12471/stat,1749211023022,120388,16549
/proc/stat,1749211024098,278280,44724
/proc/12471/stat,1749211024098,120744,16603
/proc/stat,1749211025031,278590,44784
/proc/12471/stat,1749211025031,121053,16661
/proc/stat,1749211026121,278960,44830
/proc/12471/stat,1749211026122,121427,16706
/proc/stat,1749211027063,279302,44866
/proc/12471/stat,1749211027063,121765,16739
/proc/stat,1749211028191,279644,44945
/proc/12471/stat,1749211028191,122108,16817
/proc/stat,1749211029130,279962,45001
/proc/12471/stat,1749211029131,122423,16872
/proc/stat,1749211030080,280298,45029
/proc/12471/stat,1749211030081,122760,16898
/proc/stat,1749211031150,280657,45093
/proc/12471/stat,1749211031150,123115,16959
/proc/stat,1749211032059,280957,45155
/proc/12471/stat,1749211032060,123413,17019
/proc/stat,1749211033055,281328,45180
/proc/12471/stat,1749211033055,123781,17041
/proc/stat,1749211034105,281703,45226
/proc/12471/stat,1749211034105,124154,17084
/proc/stat,1749211035047,282006,45288
/proc/12471/stat,1749211035047,124456,17144
/proc/stat,1749211036143,282395,45335
/proc/12471/stat,1749211036143,124843,17189
/proc/stat,1749211037062,282726,45365
/proc/12471/stat,1749211037062,125173,17216
/proc/stat,1749211038137,283094,45424
/proc/12471/stat,1749211038138,125539,17273
/proc/stat,1749211039118,283450,45458
/proc/12471/stat,1749211039119,125894,17305
/proc/stat,1749211040129,283778,45510
/proc/12471/stat,1749211040129,126222,17355
/proc/stat,1749211041066,284119,45541
/proc/12471/stat,1749211041066,126562,17385
/proc/stat,1749211042068,284432,45604
/proc/12471/stat,1749211042069,126876,17445
/proc/stat,1749211043077,284794,45644
/proc/12471/stat,1749211043078,127233,17483
/proc/stat,1749211044034,285106,45707
/proc/12471/stat,1749211044035,127544,17545
/proc/stat,1749211045091,285479,45750
/proc/12471/stat,1749211045091,127914,17586
/proc/stat,1749211046049,285823,45790
/proc/12471/stat,1749211046050,128257,17623
/proc/stat,1749211047059,286118,45841
/proc/12471/stat,1749211047059,128553,17673
/proc/stat,1749211048064,286438,45921
/proc/12471/stat,1749211048064,128872,17751
/proc/stat,1749211049065,286780,45968
/proc/12471/stat,1749211049065,129210,17795
/proc/stat,1749211050110,287156,46007
/proc/12471/stat,1749211050110,129584,17833
/proc/stat,1749211051059,287486,46054
/proc/12471/stat,1749211051059,129912,17877
/proc/stat,1749211052098,287844,46108
/proc/12471/stat,1749211052098,130266,17930
/proc/stat,1749211053077,288192,46150
/proc/12471/stat,1749211053077,130609,17970
/proc/stat,1749211054103,288516,46225
/proc/12471/stat,1749211054103,130931,18043
/proc/stat,1749211055130,288871,46260
/proc/12471/stat,1749211055130,131279,18076
/proc/stat,1749211056133,289207,46319
/proc/12471/stat,1749211056134,131616,18131
/proc/stat,1749211057063,289535,46362
/proc/12471/stat,1749211057064,131941,18173
/proc/stat,1749211058099,289899,46410
/proc/12471/stat,1749211058099,132298,18219
/proc/stat,1749211059054,290224,46462
/proc/12471/stat,1749211059054,132621,18269
/proc/stat,1749211060074,290583,46510
/proc/12471/stat,1749211060075,132978,18315
/proc/stat,1749211061033,290887,46585
/proc/12471/stat,1749211061033,133281,18387
/proc/stat,1749211062110,291268,46620
/proc/12471/stat,1749211062110,133660,18420
/proc/stat,1749211063071,291600,46668
/proc/12471/stat,1749211063071,133989,18467
/proc/stat,1749211064144,291988,46708
/proc/12471/stat,1749211064144,134373,18506
/proc/stat,1749211065069,292308,46754
/proc/12471/stat,1749211065070,134691,18550
/proc/stat,1749211066070,292660,46798
/proc/12471/stat,1749211066070,135041,18593
/proc/stat,1749211067092,293024,46840
/proc/12471/stat,1749211067092,135404,18633
/proc/stat,1749211068102,293357,46901
/proc/12471/stat,1749211068102,135735,18693
/proc/stat,1749211069109,293710,46935
/proc/12471/stat,1749211069109,136085,18725
/proc/stat,1749211070059,293991,46972
/proc/12471/stat,1749211070059,136367,18762
/proc/stat,1749211071062,294336,47028
/proc/12471/stat,1749211071062,136709,18815
/proc/stat,1749211072102,294695,47066
/proc/12471/stat,1749211072102,137068,18851
/proc/stat,1749211073029,295021,47111
/proc/12471/stat,1749211073030,137392,18895
/proc/stat,1749211074054,295395,47146
/proc/12471/stat,1749211074054,137762,18929
/proc/stat,1749211075095,295752,47196
/proc/12471/stat,1749211075095,138117,18977
/proc/stat,1749211076103,296102,47248
/proc/12471/stat,1749211076103,138464,19026
/proc/stat,1749211077090,296412,47310
/proc/12471/stat,1749211077090,138773,19086
/proc/stat,1749211078064,296753,47345
/proc/12471/stat,1749211078064,139114,19119
/proc/stat,1749211079192,297128,47407
/proc/12471/stat,1749211079192,139489,19180
/proc/stat,1749211080066,297446,47436
/proc/12471/stat,1749211080066,139805,19207
/proc/stat,1749211081059,297788,47489
/proc/12471/stat,1749211081060,140146,19258
/proc/stat,1749211082047,298124,47543
/proc/12471/stat,1749211082047,140479,19310
/proc/stat,1749211083022,298480,47576
/proc/12471/stat,1749211083023,140834,19342
/proc/stat,1749211084069,298798,47644
/proc/12471/stat,1749211084069,141152,19407
/proc/stat,1749211085108,299160,47696
/proc/12471/stat,1749211085108,141512,19457
/proc/stat,1749211086054,299478,47736
/proc/12471/stat,1749211086055,141828,19497
/proc/stat,1749211087041,299832,47773
/proc/12471/stat,1749211087042,142179,19532
/proc/stat,1749211088055,300174,47833
/proc/12471/stat,1749211088055,142520,19589
/proc/stat,1749211089122,300536,47885
/proc/12471/stat,1749211089122,142878,19639
/proc/stat,1749211090155,300906,47928
/proc/12471/stat,1749211090155,143246,19679
/proc/stat,1749211091126,301218,47996
/proc/12471/stat,1749211091126,143554,19745
/proc/stat,1749211092125,301570,48028
/proc/12471/stat,1749211092126,143902,19776
/proc/stat,1749211093054,301864,48055
/proc/12471/stat,1749211093055,144192,19801
/proc/stat,1749211094118,302213,48119
/proc/12471/stat,1749211094118,144539,19864
/proc/stat,1749211095074,302527,48187
/proc/12471/stat,1749211095074,144850,19931
/proc/stat,1749211096081,302884,48230
/proc/12471/stat,1749211096081,145205,19972
/proc/stat,1749211097118,303246,48282
/proc/12471/stat,1749211097118,145565,20022
/proc/stat,1749211098056,303524,48355
/proc/12471/stat,1749211098056,145845,20093
/proc/stat,1749211099121,303896,48408
/proc/12471/stat,1749211099121,146216,20143
/proc/stat,1749211100019,304202,48445
/proc/12471/stat,1749211100019,146522,20179
/proc/stat,1749211101025,304533,48510
/proc/12471/stat,1749211101026,146851,20243
/proc/stat,1749211102077,304917,48544
/proc/12471/stat,1749211102077,147235,20276
/proc/stat,1749211103073,305282,48576
/proc/12471/stat,1749211103073,147595,20305
/proc/stat,1749211104094,305651,48614
/proc/12471/stat,1749211104094,147960,20341
/proc/stat,1749211105081,305989,48665
/proc/12471/stat,1749211105081,148296,20390
/proc/stat,1749211106090,306356,48698
/proc/12471/stat,1749211106090,148662,20422
/proc/stat,1749211107134,306726,48744
/proc/12471/stat,1749211107134,149031,20465
/proc/stat,1749211108085,307065,48783
/proc/12471/stat,1749211108085,149369,20503
/proc/stat,1749211109028,307391,48817
/proc/12471/stat,1749211109028,149695,20536
/proc/stat,1749211110118,307758,48880
/proc/12471/stat,1749211110118,150060,20597
/proc/stat,1749211111063,308093,48922
/proc/12471/stat,1749211111063,150392,20637
/proc/stat,1749211112146,308439,48988
/proc/12471/stat,1749211112146,150736,20700
/proc/stat,1749211113066,308770,49025
/proc/12471/stat,1749211113067,151064,20736
/proc/stat,1749211114105,309100,49098
/proc/12471/stat,1749211114106,151393,20808
/proc/stat,1749211115092,309446,49142
/proc/12471/stat,1749211115092,151737,20851
/proc/stat,1749211116035,309773,49184
/proc/12471/stat,1749211116035,152064,20891
/proc/stat,1749211117097,310093,49238
/proc/12471/stat,1749211117097,152382,20942
/proc/stat,1749211118036,310430,49274
/proc/12471/stat,1749211118036,152719,20975
/proc/stat,1749211119065,310794,49318
/proc/12471/stat,1749211119065,153079,21017
/proc/stat,1749211120098,311159,49366
/proc/12471/stat,1749211120098,153441,21062
/proc/stat,1749211121059,311492,49405
/proc/12471/stat,1749211121059,153770,21100
/proc/stat,1749211122079,311855,49447
/proc/12471/stat,1749211122079,154132,21141
/proc/stat,1749211123119,312200,49510
/proc/12471/stat,1749211123120,154476,21201
/proc/stat,1749211124122,312530,49580
/proc/12471/stat,1749211124123,154777,21267
/proc/stat,1749211125090,312878,49618
/proc/12471/stat,1749211125090,155123,21304
/proc/stat,1749211126112,313227,49674
/proc/12471/stat,1749211126112,155471,21357
/proc/stat,1749211127141,313601,49708
/proc/12471/stat,1749211127142,155844,21391
/proc/stat,1749211128097,313922,49762
/proc/12471/stat,1749211128098,156163,21443
/proc/stat,1749211129031,314249,49809
/proc/12471/stat,1749211129031,156487,21487
/proc/stat,1749211130047,314588,49864
/proc/12471/stat,1749211130047,156825,21541
/proc/stat,1749211131102,314952,49919
/proc/12471/stat,1749211131103,157187,21595
/proc/stat,1749211132036,315269,49958
/proc/12471/stat,1749211132036,157505,21633
/proc/stat,1749211133141,315662,50007
/proc/12471/stat,1749211133141,157893,21679
/proc/stat,1749211134051,315992,50039
/proc/12471/stat,1749211134052,158221,21710
/proc/stat,1749211135111,316340,50103
/proc/12471/stat,1749211135112,158569,21771
/proc/stat,1749211136054,316670,50150
/proc/12471/stat,1749211136054,158896,21816
/proc/stat,1749211137096,317032,50192
/proc/12471/stat,1749211137096,159257,21856
/proc/stat,1749211138151,317401,50244
/proc/12471/stat,1749211138152,159625,21906
/proc/stat,1749211139025,317684,50282
/proc/12471/stat,1749211139025,159908,21940
/proc/stat,1749211140114,318020,50341
/proc/12471/stat,1749211140114,160241,21997
/proc/stat,1749211141029,318353,50372
/proc/12471/stat,1749211141030,160550,22025
/proc/stat,1749211142090,318719,50408
/proc/12471/stat,1749211142090,160912,22060
/proc/stat,1749211143063,319072,50444
/proc/12471/stat,1749211143063,161262,22094
/proc/stat,1749211144110,319413,50513
/proc/12471/stat,1749211144111,161602,22161
/proc/stat,1749211145032,319740,50551
/proc/12471/stat,1749211145032,161929,22197
/proc/stat,1749211146042,320084,50608
/proc/12471/stat,1749211146042,162274,22250
/proc/stat,1749211147190,320463,50682
/proc/12471/stat,1749211147190,162650,22324
/proc/stat,1749211148048,320764,50714
/proc/12471/stat,1749211148048,162949,22354
/proc/stat,1749211149042,321125,50749
/proc/12471/stat,1749211149043,163309,22386
/proc/stat,1749211150067,321486,50795
/proc/12471/stat,1749211150067,163666,22431
/proc/stat,1749211151088,321838,50848
/proc/12471/stat,1749211151089,164014,22482
/proc/stat,1749211152063,322169,50907
/proc/12471/stat,1749211152063,164343,22538
/proc/stat,1749211153084,322517,50962
/proc/12471/stat,1749211153084,164689,22591
/proc/stat,1749211154093,322874,51008
/proc/12471/stat,1749211154094,165044,22635
/proc/stat,1749211155062,323210,51050
/proc/12471/stat,1749211155062,165378,22676
/proc/stat,1749211156107,323572,51104
/proc/12471/stat,1749211156107,165739,22727
/proc/stat,1749211157094,323916,51152
/proc/12471/stat,1749211157094,166082,22774
/proc/stat,1749211158078,324266,51192
/proc/12471/stat,1749211158078,166432,22811
/proc/stat,1749211159072,324600,51253
/proc/12471/stat,1749211159072,166765,22871
/proc/stat,1749211160135,324975,51296
/proc/12471/stat,1749211160135,167139,22911
/proc/stat,1749211161059,325306,51335
/proc/12471/stat,1749211161060,167467,22948
/proc/stat,1749211162129,325634,51378
/proc/12471/stat,1749211162130,167793,22990
/proc/stat,1749211163131,325979,51431
/proc/12471/stat,1749211163132,168136,23040
/proc/stat,1749211164142,326335,51471
/proc/12471/stat,1749211164142,168491,23079
/proc/stat,1749211165085,326678,51506
/proc/12471/stat,1749211165086,168830,23112
/proc/stat,1749211166022,326996,51551
/proc/12471/stat,1749211166023,169148,23156
/proc/stat,1749211167102,327362,51610
/proc/12471/stat,1749211167102,169514,23212
/proc/stat,1749211168031,327688,51654
/proc/12471/stat,1749211168031,169838,23253
/proc/stat,1749211169066,328047,51701
/proc/12471/stat,1749211169066,170197,23299
/proc/stat,1749211170099,328397,51763
/proc/12471/stat,1749211170099,170545,23360
/proc/stat,1749211171066,328734,51805
/proc/12471/stat,1749211171066,170879,23400
/proc/stat,1749211172117,329120,51840
/proc/12471/stat,1749211172117,171263,23431
/proc/stat,1749211173068,329450,51884
/proc/12471/stat,1749211173068,171593,23475
/proc/stat,1749211174150,329798,51952
/proc/12471/stat,1749211174150,171939,23541
/proc/stat,1749211175066,330117,51999
/proc/12471/stat,1749211175067,172255,23586
/proc/stat,1749211176058,330446,52053
/proc/12471/stat,1749211176058,172582,23639
/proc/stat,1749211177085,330807,52102
/proc/12471/stat,1749211177085,172939,23683
/proc/stat,1749211178127,331152,52162
/proc/12471/stat,1749211178127,173281,23742
/proc/stat,1749211179091,331491,52208
/proc/12471/stat,1749211179091,173616,23786
/proc/stat,1749211180103,331838,52256
/proc/12471/stat,1749211180104,173962,23831
/proc/stat,1749211181122,332206,52296
/proc/12471/stat,1749211181122,174322,23869
/proc/stat,1749211182070,332536,52329
/proc/12471/stat,1749211182071,174647,23902
/proc/stat,1749211183109,332898,52376
/proc/12471/stat,1749211183109,175006,23948
/proc/stat,1749211184062,333228,52426
/proc/12471/stat,1749211184063,175335,23996
/proc/stat,1749211185033,333520,52465
/proc/12471/stat,1749211185033,175626,24033
/proc/stat,1749211186105,333857,52540
/proc/12471/stat,1749211186105,175962,24106
/proc/stat,1749211187062,334178,52602
/proc/12471/stat,1749211187063,176281,24165
/proc/stat,1749211188062,334517,52654
/proc/12471/stat,1749211188062,176621,24215
/proc/stat,1749211189122,334895,52696
/proc/12471/stat,1749211189122,176997,24256
/proc/stat,1749211190090,335214,52750
/proc/12471/stat,1749211190090,177316,24308
/proc/stat,1749211191039,335526,52817
/proc/12471/stat,1749211191039,177627,24372
/proc/stat,1749211192158,335931,52849
/proc/12471/stat,1749211192158,178031,24404
/proc/stat,1749211193121,336266,52898
/proc/12471/stat,1749211193121,178361,24450
/proc/stat,1749211194039,336587,52941
/proc/12471/stat,1749211194039,178682,24492
/proc/stat,1749211195130,336972,52988
/proc/12471/stat,1749211195131,179065,24536
/proc/stat,1749211196072,337312,53024
/proc/12471/stat,1749211196072,179403,24569
/proc/stat,1749211197190,337685,53087
/proc/12471/stat,1749211197190,179775,24630
/proc/stat,1749211198104,338015,53120
/proc/12471/stat,1749211198104,180104,24661
/proc/stat,1749211199158,338383,53165
/proc/12471/stat,1749211199158,180471,24705
/proc/stat,1749211200072,338705,53208
/proc/12471/stat,1749211200072,180790,24746
/proc/stat,1749211201045,339042,53254
/proc/12471/stat,1749211201046,181126,24790
/proc/stat,1749211202118,339412,53310
/proc/12471/stat,1749211202118,181495,24843
/proc/stat,1749211203057,339740,53346
/proc/12471/stat,1749211203058,181821,24878
/proc/stat,1749211204126,340121,53387
/proc/12471/stat,1749211204126,182200,24917
/proc/stat,1749211205064,340451,53431
/proc/12471/stat,1749211205064,182526,24959
/proc/stat,1749211206126,340827,53477
/proc/12471/stat,1749211206126,182900,25004
/proc/stat,1749211207079,341159,53523
/proc/12471/stat,1749211207079,183232,25047
/proc/stat,1749211208027,341438,53564
/proc/12471/stat,1749211208027,183512,25087
/proc/stat,1749211209092,341799,53619
/proc/12471/stat,1749211209092,183871,25140
/proc/stat,1749211210031,342119,53661
/proc/12471/stat,1749211210031,184191,25180
/proc/stat,1749211211121,342510,53705
/proc/12471/stat,1749211211122,184580,25222
/proc/stat,1749211212086,342855,53744
/proc/12471/stat,1749211212086,184924,25260
/proc/stat,1749211213082,343182,53810
/proc/12471/stat,1749211213082,185248,25324
/proc/stat,1749211214094,343541,53852
/proc/12471/stat,1749211214094,185606,25365
/proc/stat,1749211215064,343862,53889
/proc/12471/stat,1749211215064,185926,25400
/proc/stat,1749211216132,344214,53957
/proc/12471/stat,1749211216132,186277,25466
/proc/stat,1749211217090,344564,53991
/proc/12471/stat,1749211217090,186622,25498
/proc/stat,1749211218121,344937,54028
/proc/12471/stat,1749211218122,186996,25532
/proc/stat,1749211219038,345252,54077
/proc/12471/stat,1749211219038,187309,25580
/proc/stat,1749211220086,345591,54140
/proc/12471/stat,1749211220086,187649,25642
/proc/stat,1749211221062,345940,54180
/proc/12471/stat,1749211221062,187995,25681
/proc/stat,1749211222030,346266,54235
/proc/12471/stat,1749211222030,188320,25733
/proc/stat,1749211223117,346654,54280
/proc/12471/stat,1749211223118,188707,25776
/proc/stat,1749211224047,346963,54331
/proc/12471/stat,1749211224048,189015,25824
/proc/stat,1749211225120,347345,54374
/proc/12471/stat,1749211225120,189396,25866
/proc/stat,1749211226066,347696,54398
/proc/12471/stat,1749211226067,189745,25888
/proc/stat,1749211227130,348059,54452
/proc/12471/stat,1749211227131,190107,25939
/proc/stat,1749211228082,348393,54499
/proc/12471/stat,1749211228082,190439,25984
/proc/stat,1749211229114,348726,54559
/proc/12471/stat,1749211229114,190772,26043
/proc/stat,1749211230074,349072,54593
/proc/12471/stat,1749211230074,191117,26075
/proc/stat,1749211231034,349365,54623
/proc/12471/stat,1749211231034,191410,26104
/proc/stat,1749211232129,349718,54695
/proc/12471/stat,1749211232130,191759,26174
/proc/stat,1749211233070,350025,54764
/proc/12471/stat,1749211233070,192066,26240
/proc/stat,1749211234077,350380,54806
/proc/12471/stat,1749211234077,192421,26279
/proc/stat,1749211235082,350742,54845
/proc/12471/stat,1749211235082,192780,26317
/proc/stat,1749211236079,351061,54910
/proc/12471/stat,1749211236079,193098,26381
/proc/stat,1749211237077,351402,54969
/proc/12471/stat,1749211237078,193436,26437
/proc/stat,1749211238094,351755,55014
/proc/12471/stat,1749211238094,193788,26482
/proc/stat,1749211239063,352096,55059
/proc/12471/stat,1749211239063,194128,26524
/proc/stat,1749211240035,352444,55097
/proc/12471/stat,1749211240035,194475,26561
/proc/stat,1749211241114,352796,55156
/proc/12471/stat,1749211241114,194826,26618
/proc/stat,1749211242082,353155,55184
/proc/12471/stat,1749211242082,195182,26644
/proc/stat,1749211243097,353488,55252
/proc/12471/stat,1749211243098,195512,26710
/proc/stat,1749211244067,353820,55305
/proc/12471/stat,1749211244067,195842,26762
/proc/stat,1749211245098,354165,55350
/proc/12471/stat,1749211245098,196186,26805
/proc/stat,1749211246063,354496,55404
/proc/12471/stat,1749211246063,196514,26857
/proc/stat,1749211247086,354862,55444
/proc/12471/stat,1749211247086,196876,26895
/proc/stat,1749211248110,355214,55498
/proc/12471/stat,1749211248110,197227,26947
/proc/stat,1749211249047,355532,55542
/proc/12471/stat,1749211249047,197545,26988
/proc/stat,1749211250094,355896,55591
/proc/12471/stat,1749211250094,197907,27035
/proc/stat,1749211251115,356253,55642
/proc/12471/stat,1749211251115,198262,27084
/proc/stat,1749211252075,356586,55687
/proc/12471/stat,1749211252075,198593,27127
/proc/stat,1749211253062,356940,55728
/proc/12471/stat,1749211253062,198944,27166
/proc/stat,1749211254057,357255,55765
/proc/12471/stat,1749211254057,199260,27201
/proc/stat,1749211255040,357586,55814
/proc/12471/stat,1749211255040,199591,27249
/proc/stat,1749211256062,357927,55880
/proc/12471/stat,1749211256062,199931,27313
/proc/stat,1749211257071,358256,55945
/proc/12471/stat,1749211257071,200260,27378
/proc/stat,1749211258115,358643,55975
/proc/12471/stat,1749211258115,200645,27406
/proc/stat,1749211259157,358998,56024
/proc/12471/stat,1749211259158,200999,27453
/proc/stat,1749211260097,359302,56093
/proc/12471/stat,1749211260097,201302,27520
/proc/stat,1749211261057,359635,56124
/proc/12471/stat,1749211261057,201634,27549
/proc/stat,1749211262118,359996,56174
/proc/12471/stat,1749211262118,201993,27598
/proc/stat,1749211263184,360376,56218
/proc/12471/stat,1749211263185,202372,27639
/proc/stat,1749211264070,360680,56261
/proc/12471/stat,1749211264070,202675,27679
/proc/stat,1749211265073,361019,56323
/proc/12471/stat,1749211265073,203011,27740
/proc/stat,1749211266070,361371,56367
/proc/12471/stat,1749211266071,203361,27783
/proc/stat,1749211267090,361727,56416
/proc/12471/stat,1749211267090,203716,27830
/proc/stat,1749211268044,362064,56457
/proc/12471/stat,1749211268044,204052,27870
/proc/stat,1749211269112,362430,56515
/proc/12471/stat,1749211269112,204416,27927
/proc/stat,1749211270090,362788,56549
/proc/12471/stat,1749211270090,204771,27959
/proc/stat,1749211271071,363127,56594
/proc/12471/stat,1749211271071,205106,28002
/proc/stat,1749211272063,363486,56628
/proc/12471/stat,1749211272063,205464,28034
/proc/stat,1749211273084,363827,56682
/proc/12471/stat,1749211273084,205805,28085
/proc/stat,1749211274080,364166,56738
/proc/12471/stat,1749211274080,206142,28141
/proc/stat,1749211275099,364526,56782
/proc/12471/stat,1749211275099,206501,28182
/proc/stat,1749211276059,364855,56833
/proc/12471/stat,1749211276059,206828,28232
/proc/stat,1749211277025,365176,56874
/proc/12471/stat,1749211277025,207147,28272
/proc/stat,1749211278118,365523,56928
/proc/12471/stat,1749211278118,207492,28325
/proc/stat,1749211279046,365851,56969
/proc/12471/stat,1749211279046,207818,28365
/proc/stat,1749211280074,366209,57012
/proc/12471/stat,1749211280074,208175,28406
/proc/stat,1749211281089,366581,57045
/proc/12471/stat,1749211281090,208544,28438
/proc/stat,1749211282078,366916,57098
/proc/12471/stat,1749211282078,208878,28489
/proc/stat,1749211283095,367268,57151
/proc/12471/stat,1749211283096,209230,28539
/proc/stat,1749211284076,367604,57204
/proc/12471/stat,1749211284076,209565,28591
/proc/stat,1749211285170,368007,57239
/proc/12471/stat,1749211285170,209965,28624
/proc/stat,1749211286046,368308,57283
/proc/12471/stat,1749211286046,210265,28666
/proc/stat,1749211287126,368668,57336
/proc/12471/stat,1749211287126,210623,28716
/proc/stat,1749211288058,368989,57370
/proc/12471/stat,1749211288059,210943,28749
/proc/stat,1749211289134,369354,57420
/proc/12471/stat,1749211289134,211305,28796
/proc/stat,1749211290111,369688,57474
/proc/12471/stat,1749211290111,211638,28847
/proc/stat,1749211291071,370031,57515
/proc/12471/stat,1749211291072,211978,28888
/proc/stat,1749211292132,370404,57562
/proc/12471/stat,1749211292133,212350,28933
/proc/stat,1749211293070,370727,57614
/proc/12471/stat,1749211293070,212671,28983
/proc/stat,1749211294072,371048,57682
/proc/12471/stat,1749211294073,212990,29049
/proc/stat,1749211295086,371402,57731
/proc/12471/stat,1749211295086,213343,29098
/proc/stat,1749211296049,371721,57792
/proc/12471/stat,1749211296049,213660,29157
/proc/stat,1749211297061,372083,57834
/proc/12471/stat,1749211297062,214020,29197
/proc/stat,1749211298101,372434,57888
/proc/12471/stat,1749211298102,214369,29250
/proc/stat,1749211299121,372804,57923
/proc/12471/stat,1749211299121,214737,29283
/proc/stat,1749211300024,373100,57969
/proc/12471/stat,1749211300024,215034,29328
/proc/stat,1749211301093,373446,58006
/proc/12471/stat,1749211301094,215379,29362
/proc/stat,1749211302074,373776,58067
/proc/12471/stat,1749211302074,215708,29421
/proc/stat,1749211303102,374134,58116
/proc/12471/stat,1749211303103,216057,29468
/proc/stat,1749211304082,374483,58159
/proc/12471/stat,1749211304083,216395,29508
/proc/stat,1749211305105,374834,58203
/proc/12471/stat,1749211305106,216745,29551
/proc/stat,1749211306032,375142,58263
/proc/12471/stat,1749211306032,217051,29608
/proc/stat,1749211307090,375528,58296
/proc/12471/stat,1749211307090,217435,29639
/proc/stat,1749211308097,375890,58334
/proc/12471/stat,1749211308098,217794,29674
/proc/stat,1749211309090,376248,58372
/proc/12471/stat,1749211309090,218148,29710
/proc/stat,1749211310116,376589,58425
/proc/12471/stat,1749211310117,218486,29762
/proc/stat,1749211311064,376930,58462
/proc/12471/stat,1749211311064,218824,29797
/proc/stat,1749211312027,377273,58499
/proc/12471/stat,1749211312027,219168,29831
/proc/stat,1749211313062,377632,58554
/proc/12471/stat,1749211313062,219524,29884
/proc/stat,1749211314050,377984,58597
/proc/12471/stat,1749211314050,219874,29925
/proc/stat,1749211315141,378367,58649
/proc/12471/stat,1749211315142,220254,29976
/proc/stat,1749211316106,378706,58696
/proc/12471/stat,1749211316106,220589,30021
/proc/stat,1749211317062,379034,58743
/proc/12471/stat,1749211317062,220876,30066
/proc/stat,1749211318110,379404,58784
/proc/12471/stat,1749211318110,221243,30105
/proc/stat,1749211319053,379729,58827
/proc/12471/stat,1749211319053,221564,30147
/proc/stat,1749211320100,380087,58885
/proc/12471/stat,1749211320101,221919,30204
/proc/stat,1749211321066,380428,58926
/proc/12471/stat,1749211321066,222259,30243
/proc/stat,1749211322113,380798,58971
/proc/12471/stat,1749211322114,222625,30288
/proc/stat,1749211323071,381127,59024
/proc/12471/stat,1749211323071,222953,30338
/proc/stat,1749211324079,381421,59076
/proc/12471/stat,1749211324079,223245,30388
/proc/stat,1749211325066,381741,59147
/proc/12471/stat,1749211325066,223563,30457
/proc/stat,1749211326134,382091,59213
/proc/12471/stat,1749211326134,223912,30521
/proc/stat,1749211327130,382448,59251
/proc/12471/stat,1749211327130,224268,30558
/proc/stat,1749211328066,382774,59296
/proc/12471/stat,1749211328067,224594,30600
/proc/stat,1749211329106,383128,59355
/proc/12471/stat,1749211329107,224945,30658
/proc/stat,1749211330062,383460,59385
/proc/12471/stat,1749211330062,225274,30687
/proc/stat,1749211331122,383825,59433
/proc/12471/stat,1749211331122,225637,30734
/proc/stat,1749211332057,384143,59488
/proc/12471/stat,1749211332057,225953,30786
/proc/stat,1749211333168,384533,59535
/proc/12471/stat,1749211333169,226341,30832
/proc/stat,1749211334108,384853,59588
/proc/12471/stat,1749211334108,226658,30884
/proc/stat,1749211335060,385186,59630
/proc/12471/stat,1749211335060,226989,30924
/proc/stat,1749211336059,385517,59684
/proc/12471/stat,1749211336059,227318,30977
/proc/stat,1749211337027,385858,59726
/proc/12471/stat,1749211337028,227657,31018
/proc/stat,1749211338067,386216,59783
/proc/12471/stat,1749211338067,228012,31073
/proc/stat,1749211339066,386570,59827
/proc/12471/stat,1749211339066,228364,31116
/proc/stat,1749211340069,386889,59887
/proc/12471/stat,1749211340069,228681,31175
/proc/stat,1749211341018,387220,59926
/proc/12471/stat,1749211341018,229011,31213
/proc/stat,1749211342117,387605,59966
/proc/12471/stat,1749211342118,229394,31251
/proc/stat,1749211343046,387934,60008
/proc/12471/stat,1749211343046,229720,31291
/proc/stat,1749211344054,388300,60044
/proc/12471/stat,1749211344054,230083,31326
/proc/stat,1749211345050,388652,60090
/proc/12471/stat,1749211345050,230433,31370
/proc/stat,1749211346023,388962,60127
/proc/12471/stat,1749211346023,230743,31405
/proc/stat,1749211347102,389300,60185
/proc/12471/stat,1749211347102,231078,31461
/proc/stat,1749211348040,389628,60227
/proc/12471/stat,1749211348040,231409,31499
/proc/stat,1749211349061,389976,60280
/proc/12471/stat,1749211349061,231756,31550
/proc/stat,1749211350061,390332,60324
/proc/12471/stat,1749211350061,232108,31593
/proc/stat,1749211351126,390698,60378
/proc/12471/stat,1749211351127,232471,31646
/proc/stat,1749211352174,391074,60421
/proc/12471/stat,1749211352175,232845,31686
/proc/stat,1749211353082,391384,60466
/proc/12471/stat,1749211353082,233153,31730
/proc/stat,1749211354128,391752,60510
/proc/12471/stat,1749211354128,233521,31771
/proc/stat,1749211355054,392071,60562
/proc/12471/stat,1749211355054,233838,31821
/proc/stat,1749211356059,392428,60602
/proc/12471/stat,1749211356059,234194,31860
/proc/stat,1749211357083,392777,60660
/proc/12471/stat,1749211357083,234543,31915
/proc/stat,1749211358066,393098,60717
/proc/12471/stat,1749211358066,234860,31971
/proc/stat,1749211359065,393443,60770
/proc/12471/stat,1749211359065,235203,32022
/proc/stat,1749211360118,393791,60830
/proc/12471/stat,1749211360118,235551,32081
/proc/stat,1749211361067,394131,60868
/proc/12471/stat,1749211361068,235886,32118
/proc/stat,1749211362130,394500,60911
/proc/12471/stat,1749211362130,236254,32159
/proc/stat,1749211363098,394838,60959
/proc/12471/stat,1749211363098,236590,32205
/proc/stat,1749211364058,395193,60985
/proc/12471/stat,1749211364058,236944,32229
/proc/stat,1749211365038,395545,61024
/proc/12471/stat,1749211365038,237295,32265
/proc/stat,1749211366075,395929,61055
/proc/12471/stat,1749211366075,237677,32294
/proc/stat,1749211367112,396269,61116
/proc/12471/stat,1749211367113,238016,32353
/proc/stat,1749211368198,396670,61150
/proc/12471/stat,1749211368198,238415,32383
/proc/stat,1749211369022,396926,61186
/proc/12471/stat,1749211369023,238671,32418
/proc/stat,1749211370100,397269,61242
/proc/12471/stat,1749211370100,239013,32473
/proc/stat,1749211371043,397606,61280
/proc/12471/stat,1749211371043,239348,32508
/proc/stat,1749211372092,397974,61321
/proc/12471/stat,1749211372092,239717,32548
/proc/stat,1749211373064,398320,61362
/proc/12471/stat,1749211373064,240059,32588
/proc/stat,1749211374112,398655,61425
/proc/12471/stat,1749211374113,240394,32649
/proc/stat,1749211375064,398982,61476
/proc/12471/stat,1749211375064,240708,32697
/proc/stat,1749211376073,399336,61518
/proc/12471/stat,1749211376074,241058,32736
/proc/stat,1749211377075,399662,61590
/proc/12471/stat,1749211377075,241381,32805
/proc/stat,1749211378062,400019,61624
/proc/12471/stat,1749211378063,241736,32839
/proc/stat,1749211379065,400361,61681
/proc/12471/stat,1749211379065,242076,32893
/proc/stat,1749211380066,400718,61724
/proc/12471/stat,1749211380066,242431,32933
/proc/stat,1749211381166,401092,61782
/proc/12471/stat,1749211381166,242802,32989
/proc/stat,1749211382058,401417,61814
/proc/12471/stat,1749211382058,243125,33018
/proc/stat,1749211383108,401760,61876
/proc/12471/stat,1749211383109,243470,33080
/proc/stat,1749211384062,402104,61913
/proc/12471/stat,1749211384062,243811,33115
/proc/stat,1749211385096,402445,61972
/proc/12471/stat,1749211385096,244149,33174
/proc/stat,1749211386060,402786,62014
/proc/12471/stat,1749211386061,244488,33214
/proc/stat,1749211387066,403130,62059
/proc/12471/stat,1749211387066,244831,33257
/proc/stat,1749211388102,403490,62112
/proc/12471/stat,1749211388102,245189,33308
/proc/stat,1749211389055,403826,62141
/proc/12471/stat,1749211389056,245524,33334
/proc/stat,1749211390114,404197,62192
/proc/12471/stat,1749211390114,245892,33383
/proc/stat,1749211391063,404537,62230
/proc/12471/stat,1749211391063,246230,33420
/proc/stat,1749211392061,404835,62272
/proc/12471/stat,1749211392062,246528,33461
/proc/stat,1749211393116,405189,62327
/proc/12471/stat,1749211393117,246882,33514
/proc/stat,1749211394047,405504,62378
/proc/12471/stat,1749211394047,247195,33563
/proc/stat,1749211395068,405856,62422
/proc/12471/stat,1749211395068,247547,33604
/proc/stat,1749211396040,406201,62465
/proc/12471/stat,1749211396040,247889,33645
/proc/stat,1749211397111,406544,62528
/proc/12471/stat,1749211397112,248231,33706
/proc/stat,1749211398121,406892,62583
/proc/12471/stat,1749211398121,248577,33760
/proc/stat,1749211399144,407206,62648
/proc/12471/stat,1749211399145,248894,33823
/proc/stat,1749211400056,407521,62696
/proc/12471/stat,1749211400056,249206,33870
/proc/stat,1749211401108,407906,62725
/proc/12471/stat,1749211401108,249589,33898
/proc/stat,1749211402114,408249,62776
/proc/12471/stat,1749211402114,249932,33947
/proc/stat,1749211403093,408609,62806
/proc/12471/stat,1749211403094,250290,33976
/proc/stat,1749211404102,408928,62875
/proc/12471/stat,1749211404102,250606,34043
/proc/stat,1749211405102,409282,62919
/proc/12471/stat,1749211405102,250958,34085
/proc/stat,1749211406065,409608,62971
/proc/12471/stat,1749211406066,251282,34134
/proc/stat,1749211407079,409965,63018
/proc/12471/stat,1749211407080,251638,34178
/proc/stat,1749211408134,410333,63069
/proc/12471/stat,1749211408134,252004,34228
/proc/stat,1749211409114,410695,63097
/proc/12471/stat,1749211409114,252365,34254
/proc/stat,1749211410084,411028,63146
/proc/12471/stat,1749211410084,252696,34301
/proc/stat,1749211411071,411345,63213
/proc/12471/stat,1749211411072,253012,34367
/proc/stat,1749211412098,411695,63274
/proc/12471/stat,1749211412098,253359,34426
/proc/stat,1749211413093,412037,63323
/proc/12471/stat,1749211413094,253700,34473
/proc/stat,1749211414093,412379,63381
/proc/12471/stat,1749211414093,254040,34528
/proc/stat,1749211415041,412670,63412
/proc/12471/stat,1749211415042,254332,34559
/proc/stat,1749211416102,413029,63472
/proc/12471/stat,1749211416102,254688,34615
/proc/stat,1749211417046,413362,63514
/proc/12471/stat,1749211417046,255020,34657
/proc/stat,1749211418046,413714,63551
/proc/12471/stat,1749211418046,255370,34691
/proc/stat,1749211419107,414086,63602
/proc/12471/stat,1749211419107,255740,34741
/proc/stat,1749211420090,414428,63651
/proc/12471/stat,1749211420090,256080,34787
/proc/stat,1749211421059,414738,63728
/proc/12471/stat,1749211421059,256387,34860
/proc/stat,1749211422113,415118,63767
/proc/12471/stat,1749211422113,256766,34897
/proc/stat,1749211423058,415442,63820
/proc/12471/stat,1749211423059,257088,34948
/proc/stat,1749211424053,415788,63866
/proc/12471/stat,1749211424053,257431,34993
/proc/stat,1749211425087,416153,63910
/proc/12471/stat,1749211425088,257744,35034
/proc/stat,1749211426175,416544,63952
/proc/12471/stat,1749211426175,258129,35075
/proc/stat,1749211427063,416847,63998
/proc/12471/stat,1749211427064,258432,35119
/proc/stat,1749211428089,417208,64047
/proc/12471/stat,1749211428090,258790,35166
/proc/stat,1749211429062,417540,64095
/proc/12471/stat,1749211429062,259121,35212
/proc/stat,1749211430092,417893,64151
/proc/12471/stat,1749211430092,259472,35266
/proc/stat,1749211431055,418226,64192
/proc/12471/stat,1749211431055,259804,35305
/proc/stat,1749211432108,418579,64259
/proc/12471/stat,1749211432108,260155,35370
/proc/stat,1749211433029,418900,64300
/proc/12471/stat,1749211433030,260475,35410
/proc/stat,1749211434145,419295,64347
/proc/12471/stat,1749211434145,260869,35454
/proc/stat,1749211435063,419629,64379
/proc/12471/stat,1749211435063,261202,35484
/proc/stat,1749211436110,419983,64434
/proc/12471/stat,1749211436131,261559,35539
/proc/stat,1749211437125,420336,64486
/proc/12471/stat,1749211437125,261902,35588
/proc/stat,1749211438050,420626,64512
/proc/12471/stat,1749211438050,262188,35613
