Timestamp,Domain,Power (Watts),DRAM Power (Watts), Energy (micro joules), DRAM Energy (micro joules)
1749210670049,package-0,15.79659,12.196441,42852756568,6997152253
1749210672003,package-0,16.091756,12.415618,42883941791,7021262665
1749210674003,package-0,16.062703,12.464324,42916197080,7046325406
1749210676003,package-0,16.041768,12.347502,42948426428,7071159082
1749210678003,package-0,15.973531,12.246428,42980505936,7095820884
1749210680004,package-0,15.641318,11.936432,43011851132,7119771873
1749210682003,package-0,15.459006,11.767609,43043346046,7143824057
1749210684003,package-0,15.557517,11.846405,43074895099,7167910971
1749210686003,package-0,15.832723,12.123992,43106353270,7191891500
1749210688003,package-0,15.573325,11.848358,43137747477,7215800863
1749210690003,package-0,15.058739,11.363374,43168749412,7239376120
1749210692003,package-0,15.183311,11.463044,43199499638,7262728538
1749210694003,package-0,15.671835,11.984101,43230991562,7286750694
1749210696003,package-0,15.60018,11.831634,43262030484,7310268150
1749210698004,package-0,15.257163,11.44394,43292999948,7333771874
1749210700003,package-0,15.692098,11.975067,43324475453,7357784997
1749210702004,package-0,15.955708,12.227019,43356090118,7381884788
1749210704003,package-0,16.013998,12.255523,43387786571,7406140403
1749210706004,package-0,15.36196,11.634003,43418854911,7429739646
1749210708004,package-0,15.690389,11.975494,43450028232,7453417930
1749210710003,package-0,15.474142,11.759736,43481540969,7477467796
1749210712004,package-0,15.615499,11.870697,43513036860,7501511618
1749210714003,package-0,9.76505,6.198592,43538670034,7519837804
1749210716003,package-0,9.402076,5.870957,43557369999,7531428839
1749210718004,package-0,9.489172,5.892929,43576318253,7543215613
1749210720004,package-0,9.475867,5.735398,43595218718,7554865913
1749210722004,package-0,9.496436,5.916611,43614131023,7566656288
1749210724003,package-0,9.443335,5.860336,43633015862,7578377327
1749210726004,package-0,9.479895,5.883957,43651948675,7590123025
1749210728003,package-0,9.490759,5.898605,43670898944,7601891305
1749210730004,package-0,9.48551,5.952499,43689800873,7613775857
1749210732004,package-0,9.445411,5.896775,43708700422,7625525156
1749210734004,package-0,9.42771,5.822922,43727613398,7637285685
1749210736010,package-0,9.431373,5.854843,43746581673,7649132334
1749210738003,package-0,9.473425,5.869431,43765451863,7660894511
1749210740003,package-0,9.520728,5.971054,43784359225,7672695750
1749210742003,package-0,9.500891,5.961899,43803289718,7684514995
1749210744004,package-0,9.493995,5.936691,43822226682,7696310131
1749210746003,package-0,9.431617,5.874436,43841107432,7708025433
1749210748003,package-0,9.461829,5.914475,43860021324,7719786084
1749210750004,package-0,9.478308,5.864975,43878984959,7731525861
1749210752004,package-0,9.471289,5.951401,43897877855,7743344862
1749210754006,package-0,9.410865,5.831528,43916784484,7755082319
1749210756003,package-0,9.480567,5.862961,43935718884,7766903700
1749210758004,package-0,9.46134,5.863755,43954602197,7778651717
1749210760003,package-0,9.486914,5.923752,43973541602,7790451430
1749210762004,package-0,9.461951,5.884689,43992438587,7802189193
1749210764004,package-0,9.483862,5.894699,44011389832,7813974258
1749210765010,package-0,9.492286,5.892502,44020900856,7819872559
1749210767003,package-0,9.469947,5.908249,44039735097,7831577302
1749210769003,package-0,9.448157,5.871017,44058638796,7843335511
1749210771004,package-0,9.450355,5.874924,44077590530,7855131258
1749210773003,package-0,9.457861,5.906845,44096503750,7866911867
1749210775003,package-0,9.461707,5.91771,44115418558,7878781466
1749210777003,package-0,9.459387,5.949935,44134304618,7890571596
1749210779003,package-0,9.460853,5.890366,44153217900,7902343600
1749210781003,package-0,9.470556,5.881455,44172138505,7913983646
1749210783003,package-0,9.50083,5.876755,44191082671,7925773167
1749210785003,package-0,9.441199,5.878709,44209961773,7937533757
1749210787004,package-0,9.484594,5.877487,44228899224,7949309056
1749210789003,package-0,9.483436,5.926193,44247811835,7961117009
1749210791004,package-0,9.48899,5.896348,44266739948,7972876684
1749210793004,package-0,9.491736,5.924485,44285651215,7984660040
1749210795004,package-0,9.628577,6.013352,44304587019,7996455359
1749210797012,package-0,9.577185,6.059921,44323691584,8008512457
1749210799003,package-0,9.455359,5.882736,44342375557,8020094275
1749210801003,package-0,9.427771,5.849289,44361265646,8031910285
1749210803003,package-0,9.415869,5.87053,44380162997,8043700050
1749210804005,package-0,9.517371,5.947617,44389690317,8049653953
1749210806004,package-0,9.562354,5.957443,44408619712,8061433647
1749210808004,package-0,9.478308,5.904953,44427521213,8073178917
1749210810003,package-0,9.493262,5.936386,44446440538,8085001030
1749210812005,package-0,9.469275,5.883713,44465352415,8096748742
1749210814003,package-0,9.472998,5.900497,44484255382,8108529107
1749210815005,package-0,9.459265,5.889878,44493724413,8114418985
1749210817003,package-0,9.495703,5.9254,44512651977,8126181711
1749210819003,package-0,9.470801,5.926621,44531553906,8138030253
1749210821004,package-0,9.405372,5.805466,44550442530,8149726084
1749210823003,package-0,9.459448,5.870773,44569367896,8161570292
1749210825017,package-0,9.44419,5.837814,44588435902,8173432078
1749210827003,package-0,9.490393,5.873092,44607230653,8185124797
1749210829003,package-0,9.551795,5.959579,44626206496,8196935802
1749210830010,package-0,9.426795,5.858688,44635642934,8202800289
1749210832003,package-0,9.438574,5.883897,44654464480,8214494901
1749210834004,package-0,9.451758,5.860031,44673446182,8226321530
1749210836003,package-0,9.461951,5.882554,44692330228,8238092924
1749210838004,package-0,9.502356,5.930405,44711282694,8249901365
1749210840003,package-0,9.437659,5.742295,44730153007,8261506194
1749210842003,package-0,9.496863,5.925156,44749099858,8273363341
1749210844003,package-0,9.461585,5.896164,44767976641,8285085479
1749210846003,package-0,9.440833,5.892136,44786889068,8296913513
1749210848004,package-0,9.473364,5.916855,44805833477,8308736908
1749210850003,package-0,9.465003,5.847336,44824728632,8320463013
1749210852003,package-0,9.455542,5.851181,44843636420,8332256684
1749210854003,package-0,9.492285,5.87999,44862588764,8344039430
1749210856004,package-0,9.469703,5.864548,44881487764,8355741487
1749210858004,package-0,9.460791,5.862351,44900400923,8367497805
1749210860005,package-0,9.460608,5.866074,44919316829,8379291476
1749210862004,package-0,9.504126,5.886277,44938272225,8391078311
1749210864003,package-0,9.419654,5.83342,44957134360,8402786655
1749210866003,package-0,9.428137,5.863083,44976054965,8414560367
1749210868003,package-0,9.438941,5.860215,44994969895,8426314244
1749210870005,package-0,9.454688,5.903,45013895140,8438157719
1749210872003,package-0,9.48728,5.883713,45032836253,8449917394
1749210874003,package-0,9.471594,5.867478,45051727806,8461652227
1749210876003,package-0,9.463415,5.862228,45070653966,8473436620
1749210878003,package-0,9.460975,5.909348,45089547351,8485230658
1749210880003,package-0,9.505774,5.922531,45108504028,8497022986
1749210882005,package-0,9.52439,5.931931,45127449720,8508809455
1749210884003,package-0,9.439917,5.897934,45146275599,8520539466
1749210886003,package-0,9.461036,5.953232,45165242958,8532442512
1749210888003,package-0,9.535254,5.301378,45184225453,8543653360
1749210890003,package-0,9.465124,5.895248,45203009157,8555163828
1749210892004,package-0,9.479223,5.946029,45221930007,8566987528
1749210894003,package-0,9.444983,5.916122,45240838040,8578762034
1749210896003,package-0,9.437537,5.926498,45259765116,8590592509
1749210898003,package-0,9.461341,5.850388,45278676994,8602349254
1749210900003,package-0,9.444739,5.720871,45297575016,8613980633
1749210902003,package-0,9.484229,5.909286,45316519609,8625789990
1749210904005,package-0,9.473791,5.883408,45335437590,8637583112
1749210906003,package-0,9.510657,5.953415,45354370159,8649371595
1749210908003,package-0,9.626318,6.006332,45373285394,8661115156
1749210910003,package-0,9.47898,5.91716,45392204535,8672889723
1749210912004,package-0,9.471411,5.875961,45411121723,8684650862
1749210914003,package-0,9.60282,6.007553,45430027253,8696400039
1749210916005,package-0,9.487707,5.908127,45448985517,8708257247
1749210918003,package-0,9.478674,5.885849,45467870662,8720000381
1749210920004,package-0,9.51438,5.93187,45486838082,8731880661
1749210922004,package-0,9.518103,5.958908,45505756734,8743671646
1749210924005,package-0,9.473609,5.925705,45524634677,8755437241
1749210925006,package-0,9.448951,5.87413,45534093393,8761317414
1749210927003,package-0,9.43772,5.886703,45552977683,8773111573
1749210929003,package-0,9.47019,5.911484,45571900913,8784881685
1749210931003,package-0,9.516272,5.944687,45590887803,8796722719
1749210933013,package-0,9.483801,5.927842,45609872007,8808590609
1749210935003,package-0,9.46543,5.847824,45628634655,8820229556
1749210937005,package-0,9.580419,5.892014,45647682335,8832127780
1749210939003,package-0,9.491614,5.946518,45666495398,8843925906
1749210941003,package-0,9.455725,5.920517,45685387073,8855714389
1749210943003,package-0,9.456702,5.920456,45704299195,8867551761
1749210945003,package-0,9.432776,5.90477,45723210218,8879352696
1749210947003,package-0,9.485083,5.951279,45742146632,8891169255
1749210949003,package-0,9.478736,5.933212,45761073525,8902960789
1749210951003,package-0,9.42301,5.874863,45779964162,8914728276
1749210953003,package-0,9.455725,5.850815,45798895449,8926491918
1749210955003,package-0,9.458045,5.924362,45817832718,8938315435
1749210957003,package-0,9.477149,5.883835,45836742826,8950066870
1749210959003,package-0,9.492896,5.946457,45855650004,8961854682
1749210961004,package-0,9.462683,5.946396,45874536369,8973500404
1749210963003,package-0,9.428443,5.90947,45893439092,8985282478
1749210965003,package-0,9.425513,5.90599,45912348406,8997090614
1749210967003,package-0,9.456702,5.854965,45931266998,9008859871
1749210969003,package-0,9.487036,5.906845,45950207440,9020700783
1749210971003,package-0,9.484168,5.911423,45969124872,9032515267
1749210973003,package-0,9.617346,6.084335,45988035346,9044360452
1749210975003,package-0,9.460913,5.919907,46006941242,9056124948
1749210977003,package-0,9.503332,5.908921,46025893342,9067906107
1749210979003,package-0,9.459204,5.903672,46044774092,9079660960
1749210981003,package-0,9.461463,5.880051,46063699642,9091405192
1749210983003,package-0,9.478919,5.908615,46082643014,9103250987
1749210984017,package-0,9.452551,5.936142,46092210494,9109256587
1749210986003,package-0,9.457251,5.889267,46110998288,9120981044
1749210988003,package-0,9.460303,5.903854,46129910471,9132802608
1749210990003,package-0,9.408606,5.85582,46148803672,9144577786
1749210992003,package-0,9.463294,5.90477,46167745946,9156404538
1749210994009,package-0,9.45603,5.860886,46186712083,9168235318
1749210996003,package-0,9.443519,5.869492,46205581115,9179974851
1749210998003,package-0,9.468604,5.877549,46224496716,9191777372
1749211000003,package-0,9.622167,5.988937,46243432641,9203564146
1749211002003,package-0,9.458716,5.888596,46262346350,9215436064
1749211004003,package-0,9.473059,5.880356,46281243946,9227204405
1749211006003,package-0,9.507727,5.900864,46300203004,9239056426
1749211008003,package-0,9.461645,5.908738,46319096632,9250841735
1749211010005,package-0,9.466285,5.888718,46338005825,9262649749
1749211012003,package-0,9.513525,5.95256,46356957009,9274499999
1749211014003,package-0,9.470068,5.922837,46375829336,9286254059
1749211016003,package-0,9.530982,5.907333,46394801700,9298064148
1749211018003,package-0,9.485449,5.893295,46413679886,9309788178
1749211020003,package-0,9.440832,5.766953,46432548856,9321425599
1749211022003,package-0,9.28562,5.755356,46451286235,9333049410
1749211024003,package-0,9.459204,5.942794,46470423698,9345068605
1749211026003,package-0,9.483435,5.896713,46489343511,9356854952
1749211028003,package-0,9.470434,5.951218,46508237078,9368692202
1749211030009,package-0,9.460608,5.929368,46527292266,9380591403
1749211032003,package-0,9.475439,5.900009,46546077130,9392337283
1749211034003,package-0,9.464637,5.916916,46564988459,9404124545
1749211036003,package-0,9.460547,5.87767,46583899848,9415867374
1749211038003,package-0,9.495521,5.928451,46602847066,9427709629
1749211039008,package-0,9.43418,5.892075,46612319270,9433619221
1749211041003,package-0,9.358741,5.844528,46631116891,9445339894
1749211043005,package-0,9.431189,5.897873,46650113790,9457220296
1749211045003,package-0,9.422095,5.834335,46669013156,9468980214
1749211047003,package-0,9.466346,5.986923,46687961777,9480903707
1749211049003,package-0,9.445899,5.886826,46706875303,9492690786
1749211051005,package-0,9.461829,5.92601,46725790049,9504497946
1749211052009,package-0,9.556067,5.938889,46735384507,9510460760
1749211054009,package-0,9.478675,5.882126,46754205748,9522194800
1749211056003,package-0,9.468787,5.920517,46773065990,9533987067
1749211058003,package-0,9.728368,5.938401,46792231041,9545961402
1749211060003,package-0,9.460791,5.942917,46810889807,9557585578
1749211062003,package-0,9.502967,5.908249,46829845203,9569369606
1749211064003,package-0,9.48075,5.929428,46848737916,9581152779
1749211066003,package-0,9.483984,5.877671,46867663160,9592928811
1749211068003,package-0,9.462622,5.875046,46886553309,9604712594
1749211070003,package-0,9.517981,5.937607,46905535011,9616556070
1749211072003,package-0,9.469214,5.919724,46924390493,9628276499
1749211074003,package-0,9.461707,5.916305,46943304263,9640069620
1749211076003,package-0,9.452002,5.911239,46962225845,9651886240
1749211078003,package-0,9.450354,5.89714,46981127347,9663664286
1749211080003,package-0,9.38999,5.72728,47000012125,9675330211
1749211082003,package-0,9.468054,5.84642,47018934501,9687096050
1749211084003,package-0,9.448585,5.857712,47037871648,9698911511
1749211086003,package-0,9.453039,5.899032,47056781633,9710706585
1749211088005,package-0,9.475256,5.914475,47075710845,9722562573
1749211090003,package-0,9.420387,5.875657,47094614728,9734326154
1749211092005,package-0,9.430457,5.881332,47113520929,9746092664
1749211094003,package-0,9.469642,5.966598,47132481025,9757966413
1749211096003,package-0,9.443884,5.887681,47151394184,9769797865
1749211098003,package-0,9.505041,5.956772,47170306794,9781677351
1749211100003,package-0,9.435889,5.928452,47189181441,9793482985
1749211102003,package-0,9.478613,5.944809,47208138912,9805301619
1749211104003,package-0,9.462561,5.946457,47227035104,9817128615
1749211106003,package-0,9.475867,5.883713,47245964804,9828902389
1749211108003,package-0,9.446448,5.866501,47264854160,9840664321
1749211110003,package-0,9.469702,5.934616,47283789841,9852538925
1749211112003,package-0,9.497961,5.904526,47302729917,9864342484
1749211114003,package-0,9.503699,5.918869,47321636668,9876116745
1749211116003,package-0,9.510901,5.930649,47340551476,9887888200
1749211118003,package-0,9.481299,5.92424,47359450597,9899640306
1749211120003,package-0,9.467688,5.908371,47378363269,9911406084
1749211122003,package-0,9.460731,5.909469,47397269959,9923195665
1749211124003,package-0,9.483496,5.902817,47416204541,9935026751
1749211126003,package-0,9.459875,5.889756,47435104334,9946836169
1749211128003,package-0,9.499731,5.95195,47454056617,9958731890
1749211130004,package-0,9.50791,5.97142,47472973866,9970534411
1749211132003,package-0,9.500037,5.948166,47491886477,9982329425
1749211134003,package-0,9.475806,5.937546,47510778091,9994119556
1749211136003,package-0,9.470984,5.860092,47529685269,10005853962
1749211138003,package-0,9.354224,5.7874,47548529764,10017593678
1749211140004,package-0,9.441993,5.705125,47567533195,10029271627
1749211142003,package-0,9.510473,5.909409,47586474674,10041051626
1749211144003,package-0,9.480262,5.909287,47605361162,10052830954
1749211146003,package-0,9.463416,5.908493,47624257659,10064591238
1749211148003,package-0,9.476599,5.906663,47643175518,10076376304
1749211150003,package-0,9.474646,5.916489,47662107537,10088184379
1749211152003,package-0,9.443153,5.860153,47680999030,10099922691
1749211154003,package-0,9.459021,5.921921,47699921955,10111731987
1749211156003,package-0,9.462256,5.923874,47718836945,10123551720
1749211158003,package-0,9.450415,5.922836,47737750349,10135389885
1749211160003,package-0,9.450049,5.840439,47756687373,10147155663
1749211162003,package-0,9.476904,5.909287,47775621834,10158948419
1749211164003,package-0,9.479528,5.889084,47794534444,10170730798
1749211166003,package-0,9.481238,5.925156,47813435153,10182501642
1749211168003,package-0,9.47605,5.939988,47832362412,10194296107
1749211170003,package-0,9.48606,5.927292,47851284910,10206096186
1749211172003,package-0,9.482641,5.91948,47870205637,10217883571
1749211174003,package-0,9.554114,5.9514,47889191978,10229734309
1749211176003,package-0,9.459692,5.869919,47907999547,10241407680
1749211178003,package-0,9.461279,5.89476,47926920885,10253176388
1749211180009,package-0,9.485266,5.910751,47945890441,10264937100
1749211182010,package-0,9.447607,5.903061,47964811596,10276753964
1749211184003,package-0,9.47782,5.888534,47983693567,10288542569
1749211186003,package-0,9.488318,5.98558,48002613258,10300410764
1749211188003,package-0,9.442115,5.865769,48021512074,10312206083
1749211190003,package-0,9.466711,5.919602,48040419862,10324008177
1749211192013,package-0,9.460974,5.917587,48059429457,10335844450
1749211194003,package-0,9.462012,5.899338,48078246426,10347558715
1749211196009,package-0,9.45951,5.911057,48097216104,10359386016
1749211198003,package-0,9.458228,5.849533,48116078055,10371082214
1749211200003,package-0,9.418799,5.669052,48134955814,10382668976
1749211202003,package-0,9.387549,5.78392,48153800004,10394338807
1749211204003,package-0,9.478735,5.896958,48172814604,10406199739
1749211206003,package-0,9.47013,5.920212,48191715557,10417989992
1749211208003,package-0,9.684301,6.069015,48210670586,10429788973
1749211210004,package-0,9.48966,5.898667,48229619756,10441567996
1749211212003,package-0,9.450598,5.908859,48248491351,10453306613
1749211214003,package-0,9.47489,5.917404,48267424347,10465101871
1749211216004,package-0,9.46836,5.914597,48286344526,10476962131
1749211218003,package-0,9.453711,5.913071,48305232661,10488754154
1749211220003,package-0,9.498328,5.915451,48324191170,10500610996
1749211222003,package-0,9.460364,5.876572,48343077779,10512362736
1749211224003,package-0,9.460974,5.889755,48361992037,10524184300
1749211226003,package-0,9.461646,5.92717,48380905197,10535990483
1749211228003,package-0,9.406104,5.851548,48399817258,10547765478
1749211230003,package-0,9.391821,5.816026,48418679819,10559438666
1749211232003,package-0,9.447851,5.934311,48437665244,10571322058
1749211234003,package-0,9.434058,5.839219,48456583836,10583090827
1749211236003,package-0,9.462989,5.903122,48475498644,10594914832
1749211238003,package-0,9.491431,5.930527,48494430541,10606684028
1749211240003,package-0,9.460119,5.92601,48513322643,10618465919
1749211242003,package-0,9.428016,5.892014,48532233789,10630259590
1749211244003,package-0,9.442664,5.82341,48551142432,10642001076
1749211246003,package-0,9.428076,5.824265,48570067493,10653789681
1749211248003,package-0,9.460303,5.90123,48588977174,10665585855
1749211250003,package-0,9.457984,5.940171,48607899672,10677426340
1749211252003,package-0,9.440406,5.847885,48626826992,10689193033
1749211254003,package-0,9.55216,5.919601,48645745949,10700917124
1749211256003,package-0,9.474524,5.954575,48664662527,10712819926
1749211258003,package-0,9.546179,5.957565,48683657840,10724657908
1749211260003,package-0,9.435828,5.705795,48702463456,10736253520
1749211262003,package-0,9.481299,5.896469,48721386442,10748061779
1749211263004,package-0,9.459631,5.913254,48730846073,10753981380
1749211265003,package-0,9.467444,5.850022,48749748857,10765737820
1749211267003,package-0,9.446632,5.839463,48768658355,10777489377
1749211269003,package-0,9.49375,5.884323,48787603008,10789274381
1749211271003,package-0,9.483862,5.925217,48806503106,10801066709
1749211273003,package-0,9.459754,5.912522,48825398688,10812873442
1749211275003,package-0,9.479773,5.933639,48844332294,10824651304
1749211277003,package-0,9.587927,5.988449,48863249604,10836385466
1749211279014,package-0,9.46128,5.903794,48882275862,10848230407
1749211281003,package-0,9.448401,5.868637,48901086116,10859890289
1749211283004,package-0,9.46189,5.928757,48920016793,10871734253
1749211285003,package-0,9.45719,5.907639,48938917257,10883514557
1749211287003,package-0,9.396155,5.812424,48957785373,10895246033
1749211289003,package-0,9.459448,5.92955,48976747055,10907126435
1749211291003,package-0,9.452796,5.892685,48995668638,10918917176
1749211293003,package-0,9.450598,5.898728,49014591868,10930711397
1749211295003,package-0,9.494971,5.947678,49033527977,10942508425
1749211297003,package-0,9.445654,5.865952,49052420323,10954209872
1749211299004,package-0,9.357093,5.819809,49071270556,10965924746
1749211301003,package-0,9.472205,5.924667,49090288818,10977804782
1749211303003,package-0,9.423926,5.836106,49109164868,10989566349
1749211305009,package-0,9.528967,5.983078,49128200708,11001448337
1749211307007,package-0,9.469825,5.914841,49147037269,11013159367
1749211308009,package-0,9.473487,5.896958,49156520033,11019061940
1749211310003,package-0,9.467139,5.906601,49175379848,11030854634
1749211312003,package-0,9.471533,5.931442,49194291786,11042681874
1749211314003,package-0,9.462256,5.887497,49213201711,11054434041
1749211316003,package-0,9.500708,5.908493,49232153323,11066202383
1749211318005,package-0,9.48429,5.933822,49251077835,11077979696
1749211319006,package-0,9.443763,5.872788,49260531302,11083858405
1749211321003,package-0,9.451147,5.886094,49279390262,11095460792
1749211323003,package-0,9.473243,5.887558,49298337480,11107241035
1749211325003,package-0,9.470312,5.93602,49317259977,11119137489
1749211327003,package-0,9.433509,5.853623,49336172527,11130885384
1749211329003,package-0,9.478797,5.88939,49355099053,11142694436
1749211331003,package-0,9.456397,5.926254,49373994146,11154501290
1749211333003,package-0,9.462012,5.925888,49392909015,11166309609
1749211335003,package-0,9.476416,5.922165,49411830597,11178097116
1749211337003,package-0,9.50144,5.937851,49430765607,11189859720
1749211339003,package-0,9.444861,5.895554,49449663691,11201604502
1749211341003,package-0,9.539282,5.962875,49468595039,11213372843
1749211343003,package-0,9.475806,5.922714,49487497701,11225135142
1749211345003,package-0,9.272682,5.694443,49506216098,11236693035
1749211347003,package-0,9.448829,5.885361,49525347580,11248676708
1749211349003,package-0,9.46366,5.868027,49544276547,11260464581
1749211351003,package-0,9.481727,5.915634,49563180552,11272227368
1749211353003,package-0,9.487097,5.911728,49582099021,11284015790
1749211355004,package-0,9.502783,5.927476,49601037327,11295857374
1749211357003,package-0,9.495276,5.93834,49619941332,11307625227
1749211359003,package-0,9.456336,5.921372,49638822509,11319397963
1749211361003,package-0,9.452064,5.877976,49657744885,11331186995
1749211363003,package-0,9.462011,5.866684,49676658471,11342968764
1749211365003,package-0,9.456396,5.874557,49695566748,11354747359
1749211367003,package-0,9.477027,5.900376,49714500477,11366609268
1749211368004,package-0,9.30442,5.760788,49723814357,11372370056
1749211370003,package-0,9.433325,5.824082,49742862037,11384234284
1749211372003,package-0,9.445044,5.848007,49761795094,11395998047
1749211374003,package-0,9.47959,5.93779,49780707216,11407802827
1749211376003,package-0,9.465247,5.931015,49799608596,11419591554
1749211378003,package-0,9.458045,5.924179,49818523160,11431406038
1749211380003,package-0,9.402503,5.708665,49837405741,11443013430
1749211382003,package-0,9.45542,5.904282,49856326774,11454815463
1749211384003,package-0,9.413917,5.822251,49875219792,11466539188
1749211386003,package-0,9.463477,5.852097,49894150835,11478283603
1749211388003,package-0,9.467444,5.869187,49913064177,11490055607
1749211390003,package-0,9.491614,5.903855,49932016888,11501870152
1749211392003,package-0,9.461097,5.907028,49950937799,11513671940
1749211394003,package-0,9.500708,5.961776,49969875372,11525549046
1749211396003,package-0,9.460608,5.913681,49988774005,11537316045
1749211398003,package-0,9.43717,5.919235,50007689179,11549178197
1749211400003,package-0,9.470007,5.876755,50026598249,11560986089
1749211402003,package-0,9.464515,5.8806,50045514278,11572781652
1749211404003,package-0,9.481604,5.89769,50064444527,11584636786
1749211406003,package-0,9.488318,5.919602,50083372884,11596444373
1749211408003,package-0,9.479468,5.894578,50102281833,11608203254
1749211410003,package-0,9.505286,5.979538,50121216599,11620068641
1749211412003,package-0,9.450415,5.850327,50140089658,11631745735
1749211414003,package-0,9.255531,5.729477,50158837657,11643430397
1749211416003,package-0,9.473121,5.882737,50177946068,11655330819
1749211418003,package-0,9.449073,5.856919,50196872533,11667126321
1749211420003,package-0,9.461341,5.93956,50215758044,11678906137
1749211422003,package-0,9.457922,5.911545,50234666503,11690667703
1749211424003,package-0,9.493628,5.923813,50253610119,11702514841
1749211426003,package-0,9.489173,5.940598,50272533289,11714350321
1749211428003,package-0,9.469031,5.918747,50291425269,11726124094
1749211430003,package-0,9.459876,5.875229,50310328297,11737903117
1749211431005,package-0,9.508093,5.956589,50319846034,11743865687
1749211433003,package-0,9.514319,5.942245,50338725868,11755586360
1749211435003,package-0,9.455725,5.895737,50357632497,11767344875
1749211437005,package-0,9.389014,5.78032,50376482180,11779035763
