SourceFile,Timestamp,userTime (Ticks),systemTime (Ticks)
/proc/stat,1749213851069,558382,68369
/proc/18762/stat,1749213851070,373,18
/proc/stat,1749213852050,558749,68374
/proc/18762/stat,1749213852051,737,22
/proc/stat,1749213853034,559139,68376
/proc/18762/stat,1749213853035,1124,22
/proc/stat,1749213854020,559478,68382
/proc/18762/stat,1749213854021,1463,27
/proc/stat,1749213855019,559647,68396
/proc/18762/stat,1749213855019,1630,40
/proc/stat,1749213856049,560026,68401
/proc/18762/stat,1749213856049,2006,44
/proc/stat,1749213857053,560414,68411
/proc/18762/stat,1749213857054,2389,52
/proc/stat,1749213858045,560751,68439
/proc/18762/stat,1749213858046,2725,78
/proc/stat,1749213859023,561024,68487
/proc/18762/stat,1749213859024,3000,125
/proc/stat,1749213860066,561324,68531
/proc/18762/stat,1749213860067,3302,167
/proc/stat,1749213861021,561662,68542
/proc/18762/stat,1749213861021,3640,176
/proc/stat,1749213862015,561798,68548
/proc/18762/stat,1749213862015,3777,182
/proc/stat,1749213863017,561997,68550
/proc/18762/stat,1749213863018,3975,182
/proc/stat,1749213864014,562230,68556
/proc/18762/stat,1749213864015,4208,187
/proc/stat,1749213865037,562540,68572
/proc/18762/stat,1749213865037,4516,202
/proc/stat,1749213866022,562852,68575
/proc/18762/stat,1749213866022,4823,205
/proc/stat,1749213867020,563041,68578
/proc/18762/stat,1749213867020,5010,207
/proc/stat,1749213868015,563240,68585
/proc/18762/stat,1749213868015,5209,214
/proc/stat,1749213869025,563404,68599
/proc/18762/stat,1749213869025,5371,226
/proc/stat,1749213870055,563812,68600
/proc/18762/stat,1749213870055,5779,226
/proc/stat,1749213871021,564108,68606
/proc/18762/stat,1749213871022,6072,230
/proc/stat,1749213872030,564336,68617
/proc/18762/stat,1749213872030,6297,240
/proc/stat,1749213873048,564696,68633
/proc/18762/stat,1749213873049,6661,255
/proc/stat,1749213874026,564947,68672
/proc/18762/stat,1749213874026,6916,293
/proc/stat,1749213875037,565233,68731
/proc/18762/stat,1749213875037,7206,351
/proc/stat,1749213876032,565576,68756
/proc/18762/stat,1749213876032,7551,376
/proc/stat,1749213877016,565814,68763
/proc/18762/stat,1749213877016,7791,381
/proc/stat,1749213878016,565977,68766
/proc/18762/stat,1749213878016,7953,384
/proc/stat,1749213879015,566190,68775
/proc/18762/stat,1749213879015,8164,393
/proc/stat,1749213880032,566469,68784
/proc/18762/stat,1749213880033,8442,401
/proc/stat,1749213881019,566704,68788
/proc/18762/stat,1749213881019,8674,403
/proc/stat,1749213882015,566841,68796
/proc/18762/stat,1749213882016,8809,411
/proc/stat,1749213883020,566946,68803
/proc/18762/stat,1749213883020,8913,416
/proc/stat,1749213884035,567175,68818
/proc/18762/stat,1749213884035,9143,429
/proc/stat,1749213885023,567568,68818
/proc/18762/stat,1749213885024,9534,429
/proc/stat,1749213886014,567820,68825
/proc/18762/stat,1749213886015,9785,435
/proc/stat,1749213887045,568108,68838
/proc/18762/stat,1749213887045,10075,447
/proc/stat,1749213888034,568456,68852
/proc/18762/stat,1749213888035,10425,460
/proc/stat,1749213889029,568685,68908
/proc/18762/stat,1749213889029,10662,515
/proc/stat,1749213890021,568948,68956
/proc/18762/stat,1749213890021,10934,562
/proc/stat,1749213891036,569329,68968
/proc/18762/stat,1749213891036,11316,573
/proc/stat,1749213892016,569483,68974
/proc/18762/stat,1749213892016,11472,578
/proc/stat,1749213893019,569668,68978
/proc/18762/stat,1749213893019,11654,581
/proc/stat,1749213894044,569903,68989
/proc/18762/stat,1749213894045,11889,591
/proc/stat,1749213895052,570150,69009
/proc/18762/stat,1749213895052,12131,610
/proc/stat,1749213896031,570534,69015
/proc/18762/stat,1749213896031,12515,614
/proc/stat,1749213897014,570683,69020
/proc/18762/stat,1749213897014,12662,618
/proc/stat,1749213898015,570785,69027
/proc/18762/stat,1749213898015,12765,624
/proc/stat,1749213899050,570993,69042
/proc/18762/stat,1749213899050,12972,637
/proc/stat,1749213900046,571388,69043
/proc/18762/stat,1749213900046,13366,637
/proc/stat,1749213901022,571655,69052
/proc/18762/stat,1749213901023,13636,644
/proc/stat,1749213902033,571885,69061
/proc/18762/stat,1749213902033,13862,652
/proc/stat,1749213903032,572236,69073
/proc/18762/stat,1749213903032,14221,663
/proc/stat,1749213904021,572489,69117
/proc/18762/stat,1749213904022,14484,706
/proc/stat,1749213905075,572770,69170
/proc/18762/stat,1749213905075,14769,757
/proc/stat,1749213906051,573110,69191
/proc/18762/stat,1749213906052,15114,776
/proc/stat,1749213907018,573301,69196
/proc/18762/stat,1749213907018,15304,780
/proc/stat,1749213908016,573443,69202
/proc/18762/stat,1749213908017,15446,785
/proc/stat,1749213909019,573669,69204
/proc/18762/stat,1749213909019,15672,785
/proc/stat,1749213910024,573929,69221
/proc/18762/stat,1749213910025,15932,802
/proc/stat,1749213911063,574209,69229
/proc/18762/stat,1749213911063,16207,807
/proc/stat,1749213912017,574430,69231
/proc/18762/stat,1749213912018,16426,808
/proc/stat,1749213913016,574531,69242
/proc/18762/stat,1749213913016,16526,819
/proc/stat,1749213914021,574636,69248
/proc/18762/stat,1749213914022,16633,823
/proc/stat,1749213915059,574888,69265
/proc/18762/stat,1749213915059,16883,839
/proc/stat,1749213916061,575289,69266
/proc/18762/stat,1749213916061,17280,839
/proc/stat,1749213917027,575670,69268
/proc/18762/stat,1749213917027,17659,839
/proc/stat,1749213918015,575845,69294
/proc/18762/stat,1749213918016,17838,864
/proc/stat,1749213919031,576106,69307
/proc/18762/stat,1749213919031,18097,876
/proc/stat,1749213920061,576479,69322
/proc/18762/stat,1749213920061,18469,890
/proc/stat,1749213921027,576786,69334
/proc/18762/stat,1749213921028,18783,900
/proc/stat,1749213922039,577038,69378
/proc/18762/stat,1749213922040,19041,943
/proc/stat,1749213923028,577276,69446
/proc/18762/stat,1749213923028,19286,1011
/proc/stat,1749213924074,577629,69488
/proc/18762/stat,1749213924075,19642,1050
/proc/stat,1749213925014,577896,69497
/proc/18762/stat,1749213925014,19910,1058
/proc/stat,1749213926014,578008,69504
/proc/18762/stat,1749213926015,20021,1064
/proc/stat,1749213927018,578210,69505
/proc/18762/stat,1749213927018,20222,1065
/proc/stat,1749213928027,578443,69520
/proc/18762/stat,1749213928028,20453,1079
/proc/stat,1749213929027,578722,69532
/proc/18762/stat,1749213929027,20729,1089
/proc/stat,1749213930014,579020,69533
/proc/18762/stat,1749213930014,21025,1089
/proc/stat,1749213931015,579233,69535
/proc/18762/stat,1749213931016,21237,1089
/proc/stat,1749213932027,579444,69544
/proc/18762/stat,1749213932027,21447,1096
/proc/stat,1749213933015,579589,69552
/proc/18762/stat,1749213933015,21594,1103
/proc/stat,1749213934040,579823,69563
/proc/18762/stat,1749213934040,21824,1112
/proc/stat,1749213935070,580231,69565
/proc/18762/stat,1749213935070,22231,1112
/proc/stat,1749213936054,580624,69566
/proc/18762/stat,1749213936055,22617,1112
/proc/stat,1749213937015,580790,69579
/proc/18762/stat,1749213937015,22782,1124
/proc/stat,1749213938029,581078,69604
/proc/18762/stat,1749213938030,23073,1147
/proc/stat,1749213939038,581446,69619
/proc/18762/stat,1749213939039,23438,1160
/proc/stat,1749213940030,581748,69641
/proc/18762/stat,1749213940031,23748,1180
/proc/stat,1749213941028,582010,69701
/proc/18762/stat,1749213941028,24016,1239
/proc/stat,1749213942083,582322,69770
/proc/18762/stat,1749213942083,24327,1307
/proc/stat,1749213943058,582661,69796
/proc/18762/stat,1749213943059,24662,1332
/proc/stat,1749213944015,582858,69801
/proc/18762/stat,1749213944016,24861,1336
/proc/stat,1749213945019,583002,69806
/proc/18762/stat,1749213945019,25004,1340
/proc/stat,1749213946021,583204,69809
/proc/18762/stat,1749213946022,25203,1341
/proc/stat,1749213947019,583448,69821
/proc/18762/stat,1749213947019,25444,1352
/proc/stat,1749213948050,583672,69846
/proc/18762/stat,1749213948050,25666,1375
/proc/stat,1749213949023,583950,69848
/proc/18762/stat,1749213949023,25944,1375
/proc/stat,1749213950014,584073,69856
/proc/18762/stat,1749213950014,26066,1382
/proc/stat,1749213951021,584177,69862
/proc/18762/stat,1749213951021,26171,1387
/proc/stat,1749213952075,584368,69880
/proc/18762/stat,1749213952076,26364,1403
/proc/stat,1749213953073,584765,69882
/proc/18762/stat,1749213953073,26759,1403
/proc/stat,1749213954061,585156,69883
/proc/18762/stat,1749213954061,27149,1403
/proc/stat,1749213955016,585371,69895
/proc/18762/stat,1749213955017,27362,1414
/proc/stat,1749213956033,585632,69904
/proc/18762/stat,1749213956034,27620,1422
/proc/stat,1749213957054,585994,69923
/proc/18762/stat,1749213957054,27981,1439
/proc/stat,1749213958017,586310,69936
/proc/18762/stat,1749213958017,28299,1452
/proc/stat,1749213959032,586564,69992
/proc/18762/stat,1749213959033,28558,1506
/proc/stat,1749213960030,586836,70042
/proc/18762/stat,1749213960030,28835,1555
/proc/stat,1749213961066,587176,70066
/proc/18762/stat,1749213961066,29178,1577
/proc/stat,1749213962018,587506,70071
/proc/18762/stat,1749213962019,29510,1581
/proc/stat,1749213963023,587700,70080
/proc/18762/stat,1749213963023,29706,1589
/proc/stat,1749213964019,587867,70083
/proc/18762/stat,1749213964019,29873,1591
/proc/stat,1749213965017,588082,70093
/proc/18762/stat,1749213965017,30088,1598
/proc/stat,1749213966028,588309,70113
/proc/18762/stat,1749213966028,30313,1617
/proc/stat,1749213967026,588646,70124
/proc/18762/stat,1749213967026,30647,1626
/proc/stat,1749213968044,588937,70129
/proc/18762/stat,1749213968044,30938,1630
/proc/stat,1749213969015,589084,70132
/proc/18762/stat,1749213969015,31083,1632
/proc/stat,1749213970015,589191,70139
/proc/18762/stat,1749213970016,31188,1638
/proc/stat,1749213971059,589440,70151
/proc/18762/stat,1749213971060,31436,1649
/proc/stat,1749213972042,589832,70152
/proc/18762/stat,1749213972043,31824,1649
/proc/stat,1749213973020,590217,70154
/proc/18762/stat,1749213973020,32208,1649
/proc/stat,1749213974015,590374,70165
/proc/18762/stat,1749213974015,32366,1659
/proc/stat,1749213975036,590710,70176
/proc/18762/stat,1749213975036,32702,1668
/proc/stat,1749213976046,591087,70190
/proc/18762/stat,1749213976047,33072,1680
/proc/stat,1749213977027,591353,70220
/proc/18762/stat,1749213977027,33344,1708
/proc/stat,1749213978037,591602,70278
/proc/18762/stat,1749213978037,33600,1766
/proc/stat,1749213979058,591898,70329
/proc/18762/stat,1749213979059,33899,1818
/proc/stat,1749213980047,592269,70343
/proc/18762/stat,1749213980047,34270,1830
/proc/stat,1749213981015,592435,70348
/proc/18762/stat,1749213981015,34436,1834
/proc/stat,1749213982017,592590,70352
/proc/18762/stat,1749213982017,34593,1837
/proc/stat,1749213983060,592817,70362
/proc/18762/stat,1749213983061,34820,1845
/proc/stat,1749213984017,593100,70366
/proc/18762/stat,1749213984017,35103,1847
/proc/stat,1749213985055,593323,70370
/proc/18762/stat,1749213985056,35325,1848
/proc/stat,1749213986015,593497,70376
/proc/18762/stat,1749213986016,35499,1854
/proc/stat,1749213987021,593608,70382
/proc/18762/stat,1749213987021,35610,1858
/proc/stat,1749213988015,593713,70386
/proc/18762/stat,1749213988016,35717,1862
/proc/stat,1749213989062,593987,70403
/proc/18762/stat,1749213989063,35990,1877
/proc/stat,1749213990039,594374,70405
/proc/18762/stat,1749213990039,36375,1877
/proc/stat,1749213991022,594732,70409
/proc/18762/stat,1749213991022,36731,1879
/proc/stat,1749213992016,594928,70420
/proc/18762/stat,1749213992016,36926,1890
/proc/stat,1749213993034,595227,70429
/proc/18762/stat,1749213993035,37223,1897
/proc/stat,1749213994041,595598,70435
/proc/18762/stat,1749213994041,37595,1902
/proc/stat,1749213995051,595907,70462
/proc/18762/stat,1749213995051,37904,1928
/proc/stat,1749213996047,596167,70519
/proc/18762/stat,1749213996047,38170,1984
/proc/stat,1749213997033,596412,70573
/proc/18762/stat,1749213997033,38427,2037
/proc/stat,1749213998028,596770,70596
/proc/18762/stat,1749213998029,38784,2059
/proc/stat,1749213999015,597001,70601
/proc/18762/stat,1749213999016,39016,2063
/proc/stat,1749214000016,597136,70606
/proc/18762/stat,1749214000016,39153,2067
/proc/stat,1749214001054,597356,70611
/proc/18762/stat,1749214001054,39372,2069
/proc/stat,1749214002016,597565,70631
/proc/18762/stat,1749214002016,39580,2087
/proc/stat,1749214003047,597842,70646
/proc/18762/stat,1749214003047,39850,2100
/proc/stat,1749214004049,598186,70649
/proc/18762/stat,1749214004049,40191,2102
/proc/stat,1749214005026,598518,70653
/proc/18762/stat,1749214005026,40521,2105
/proc/stat,1749214006016,598624,70657
/proc/18762/stat,1749214006016,40626,2108
/proc/stat,1749214007022,598738,70669
/proc/18762/stat,1749214007023,40738,2118
/proc/stat,1749214008055,599056,70678
/proc/18762/stat,1749214008056,41057,2126
/proc/stat,1749214009043,599448,70681
/proc/18762/stat,1749214009043,41447,2126
/proc/stat,1749214010024,599772,70688
/proc/18762/stat,1749214010024,41771,2131
/proc/stat,1749214011015,599937,70702
/proc/18762/stat,1749214011015,41938,2142
/proc/stat,1749214012043,600238,70723
/proc/18762/stat,1749214012043,42240,2162
/proc/stat,1749214013045,600608,70737
/proc/18762/stat,1749214013046,42606,2174
/proc/stat,1749214014027,600899,70770
/proc/18762/stat,1749214014027,42896,2205
/proc/stat,1749214015027,601210,70820
/proc/18762/stat,1749214015027,43206,2253
/proc/stat,1749214016032,601452,70873
/proc/18762/stat,1749214016033,43457,2305
/proc/stat,1749214017041,601817,70898
/proc/18762/stat,1749214017041,43822,2328
/proc/stat,1749214018016,602092,70903
/proc/18762/stat,1749214018016,44099,2332
/proc/stat,1749214019018,602214,70907
/proc/18762/stat,1749214019018,44224,2336
/proc/stat,1749214020019,602415,70909
/proc/18762/stat,1749214020019,44424,2336
/proc/stat,1749214021024,602649,70924
/proc/18762/stat,1749214021025,44657,2350
/proc/stat,1749214022027,602888,70948
/proc/18762/stat,1749214022027,44893,2371
/proc/stat,1749214023026,603217,70950
/proc/18762/stat,1749214023027,45222,2372
/proc/stat,1749214024014,603441,70952
/proc/18762/stat,1749214024015,45444,2373
/proc/stat,1749214025016,603543,70955
/proc/18762/stat,1749214025016,45549,2375
/proc/stat,1749214026025,603650,70972
/proc/18762/stat,1749214026025,45657,2390
/proc/stat,1749214027029,603984,70976
/proc/18762/stat,1749214027029,45991,2393
/proc/stat,1749214028074,604398,70978
/proc/18762/stat,1749214028074,46403,2394
/proc/stat,1749214029024,604693,70987
/proc/18762/stat,1749214029024,46698,2401
/proc/stat,1749214030015,604852,71006
/proc/18762/stat,1749214030015,46858,2419
/proc/stat,1749214031035,605164,71024
/proc/18762/stat,1749214031036,47167,2434
/proc/stat,1749214032040,605533,71031
/proc/18762/stat,1749214032040,47535,2439
/proc/stat,1749214033027,605822,71062
/proc/18762/stat,1749214033028,47825,2469
/proc/stat,1749214034027,606057,71119
/proc/18762/stat,1749214034028,48072,2525
/proc/stat,1749214035042,606325,71181
/proc/18762/stat,1749214035042,48343,2586
/proc/stat,1749214036058,606711,71200
/proc/18762/stat,1749214036059,48727,2604
/proc/stat,1749214037014,606926,71205
/proc/18762/stat,1749214037014,48943,2607
/proc/stat,1749214038019,607063,71209
/proc/18762/stat,1749214038019,49082,2611
/proc/stat,1749214039018,607262,71212
/proc/18762/stat,1749214039018,49280,2612
/proc/stat,1749214040016,607483,71233
/proc/18762/stat,1749214040016,49500,2632
/proc/stat,1749214041028,607732,71254
/proc/18762/stat,1749214041028,49747,2651
/proc/stat,1749214042057,608123,71257
/proc/18762/stat,1749214042058,50135,2652
/proc/stat,1749214043015,608388,71258
/proc/18762/stat,1749214043016,50398,2652
/proc/stat,1749214044013,608497,71261
/proc/18762/stat,1749214044014,50509,2654
/proc/stat,1749214045021,608608,71277
/proc/18762/stat,1749214045022,50620,2669
/proc/stat,1749214046043,608940,71284
/proc/18762/stat,1749214046044,50951,2674
/proc/stat,1749214047032,609330,71288
/proc/18762/stat,1749214047033,51337,2675
/proc/stat,1749214048025,609642,71296
/proc/18762/stat,1749214048025,51649,2682
/proc/stat,1749214049017,609782,71312
/proc/18762/stat,1749214049017,51788,2698
/proc/stat,1749214050046,610147,71335
/proc/18762/stat,1749214050047,52151,2718
/proc/stat,1749214051038,610514,71346
/proc/18762/stat,1749214051038,52513,2727
/proc/stat,1749214052027,610766,71385
/proc/18762/stat,1749214052027,52772,2765
/proc/stat,1749214053037,611018,71439
/proc/18762/stat,1749214053038,53031,2817
/proc/stat,1749214054046,611289,71494
/proc/18762/stat,1749214054046,53311,2872
/proc/stat,1749214055057,611678,71508
/proc/18762/stat,1749214055058,53699,2885
/proc/stat,1749214056014,611833,71511
/proc/18762/stat,1749214056014,53855,2888
/proc/stat,1749214057014,611990,71515
/proc/18762/stat,1749214057014,54013,2890
/proc/stat,1749214058041,612226,71517
/proc/18762/stat,1749214058041,54246,2892
/proc/stat,1749214059058,612473,71532
/proc/18762/stat,1749214059059,54493,2905
/proc/stat,1749214060015,612714,71539
/proc/18762/stat,1749214060015,54734,2910
/proc/stat,1749214061020,612907,71548
/proc/18762/stat,1749214061020,54929,2917
/proc/stat,1749214062014,613020,71553
/proc/18762/stat,1749214062014,55041,2920
/proc/stat,1749214063018,613123,71566
/proc/18762/stat,1749214063019,55146,2933
/proc/stat,1749214064072,613435,71580
/proc/18762/stat,1749214064073,55457,2947
/proc/stat,1749214065039,613819,71582
/proc/18762/stat,1749214065039,55838,2947
/proc/stat,1749214066016,614148,71587
/proc/18762/stat,1749214066017,56168,2951
/proc/stat,1749214067021,614296,71615
/proc/18762/stat,1749214067021,56317,2978
/proc/stat,1749214068034,614618,71628
/proc/18762/stat,1749214068035,56643,2988
/proc/stat,1749214069042,614981,71642
/proc/18762/stat,1749214069043,57003,3001
/proc/stat,1749214070041,615260,71671
/proc/18762/stat,1749214070041,57284,3028
/proc/stat,1749214071036,615498,71732
/proc/18762/stat,1749214071037,57529,3087
/proc/stat,1749214072027,615742,71800
/proc/18762/stat,1749214072027,57777,3154
/proc/stat,1749214073036,616110,71822
/proc/18762/stat,1749214073037,58148,3173
/proc/stat,1749214074021,616372,71826
/proc/18762/stat,1749214074021,58410,3176
/proc/stat,1749214075017,616495,71832
/proc/18762/stat,1749214075017,58533,3181
/proc/stat,1749214076015,616694,71834
/proc/18762/stat,1749214076015,58732,3182
/proc/stat,1749214077017,616914,71845
/proc/18762/stat,1749214077017,58953,3192
/proc/stat,1749214078050,617148,71871
/proc/18762/stat,1749214078050,59185,3216
/proc/stat,1749214079036,617489,71873
/proc/18762/stat,1749214079037,59524,3216
/proc/stat,1749214080015,617791,71874
/proc/18762/stat,1749214080015,59824,3216
/proc/stat,1749214081016,617909,71875
/proc/18762/stat,1749214081016,59942,3217
/proc/stat,1749214082016,618013,71882
/proc/18762/stat,1749214082016,60047,3222
/proc/stat,1749214083067,618305,71898
/proc/18762/stat,1749214083067,60337,3238
/proc/stat,1749214084053,618698,71900
/proc/18762/stat,1749214084053,60728,3238
/proc/stat,1749214085021,619040,71902
/proc/18762/stat,1749214085022,61069,3238
/proc/stat,1749214086016,619224,71915
/proc/18762/stat,1749214086017,61254,3250
/proc/stat,1749214087037,619501,71932
/proc/18762/stat,1749214087037,61525,3266
/proc/stat,1749214088032,619855,71947
/proc/18762/stat,1749214088032,61884,3279
/proc/stat,1749214089019,620166,71964
/proc/18762/stat,1749214089019,62198,3296
/proc/stat,1749214090030,620435,72008
/proc/18762/stat,1749214090030,62474,3338
/proc/stat,1749214091029,620688,72075
/proc/18762/stat,1749214091029,62734,3404
/proc/stat,1749214092058,621040,72110
/proc/18762/stat,1749214092059,63087,3437
/proc/stat,1749214093016,621255,72116
/proc/18762/stat,1749214093016,63300,3443
/proc/stat,1749214094018,621379,72120
/proc/18762/stat,1749214094018,63425,3447
/proc/stat,1749214095021,621576,72123
/proc/18762/stat,1749214095021,63621,3447
/proc/stat,1749214096031,621850,72138
/proc/18762/stat,1749214096031,63895,3461
/proc/stat,1749214097027,622117,72140
/proc/18762/stat,1749214097027,64160,3462
/proc/stat,1749214098015,622314,72146
/proc/18762/stat,1749214098015,64358,3466
/proc/stat,1749214099014,622436,72151
/proc/18762/stat,1749214099014,64479,3470
/proc/stat,1749214100016,622540,72155
/proc/18762/stat,1749214100017,64586,3474
/proc/stat,1749214101053,622783,72174
/proc/18762/stat,1749214101053,64827,3489
/proc/stat,1749214102058,623184,72175
/proc/18762/stat,1749214102059,65225,3489
/proc/stat,1749214103018,623560,72176
/proc/18762/stat,1749214103019,65598,3489
/proc/stat,1749214104025,623734,72201
/proc/18762/stat,1749214104025,65777,3511
/proc/stat,1749214105030,623985,72214
/proc/18762/stat,1749214105031,66029,3522
/proc/stat,1749214106034,624348,72223
/proc/18762/stat,1749214106035,66396,3530
/proc/stat,1749214107035,624679,72250
/proc/18762/stat,1749214107035,66727,3556
/proc/stat,1749214108028,624940,72294
/proc/18762/stat,1749214108028,67001,3598
/proc/stat,1749214109047,625190,72342
/proc/18762/stat,1749214109048,67262,3645
/proc/stat,1749214110029,625530,72371
/proc/18762/stat,1749214110029,67605,3672
/proc/stat,1749214111026,625845,72378
/proc/18762/stat,1749214111026,67919,3677
/proc/stat,1749214112015,625984,72385
/proc/18762/stat,1749214112015,68063,3683
/proc/stat,1749214113015,626180,72386
/proc/18762/stat,1749214113015,68258,3684
/proc/stat,1749214114015,626402,72401
/proc/18762/stat,1749214114016,68479,3697
/proc/stat,1749214115026,626666,72415
/proc/18762/stat,1749214115027,68741,3710
/proc/stat,1749214116057,626971,72426
/proc/18762/stat,1749214116058,69047,3718
/proc/stat,1749214117028,627322,72429
/proc/18762/stat,1749214117028,69396,3720
/proc/stat,1749214118015,627437,72434
/proc/18762/stat,1749214118015,69510,3724
/proc/stat,1749214119022,627549,72444
/proc/18762/stat,1749214119022,69619,3733
/proc/stat,1749214120043,627870,72452
/proc/18762/stat,1749214120044,69938,3739
/proc/stat,1749214121058,628273,72454
/proc/18762/stat,1749214121059,70340,3740
/proc/stat,1749214122022,628584,72457
/proc/18762/stat,1749214122022,70653,3740
/proc/stat,1749214123025,628747,72472
/proc/18762/stat,1749214123026,70816,3755
/proc/stat,1749214124045,629112,72489
/proc/18762/stat,1749214124045,71182,3771
/proc/stat,1749214125031,629468,72502
/proc/18762/stat,1749214125031,71539,3781
/proc/stat,1749214126026,629720,72539
/proc/18762/stat,1749214126026,71798,3818
/proc/stat,1749214127031,629996,72595
/proc/18762/stat,1749214127031,72078,3874
/proc/stat,1749214128061,630278,72645
/proc/18762/stat,1749214128061,72368,3923
/proc/stat,1749214129016,630639,72648
/proc/18762/stat,1749214129016,72727,3925
/proc/stat,1749214130015,630741,72654
/proc/18762/stat,1749214130015,72832,3930
/proc/stat,1749214131017,630925,72656
/proc/18762/stat,1749214131018,73017,3931
/proc/stat,1749214132025,631151,72668
/proc/18762/stat,1749214132026,73239,3942
/proc/stat,1749214133033,631388,72682
/proc/18762/stat,1749214133034,73476,3955
/proc/stat,1749214134014,631586,72685
/proc/18762/stat,1749214134014,73674,3957
/proc/stat,1749214135014,631760,72694
/proc/18762/stat,1749214135014,73847,3965
/proc/stat,1749214136014,631872,72696
/proc/18762/stat,1749214136014,73961,3967
/proc/stat,1749214137016,631977,72712
/proc/18762/stat,1749214137016,74068,3982
/proc/stat,1749214138043,632335,72716
/proc/18762/stat,1749214138043,74423,3983
/proc/stat,1749214139038,632731,72717
/proc/18762/stat,1749214139038,74817,3983
/proc/stat,1749214140022,633030,72722
/proc/18762/stat,1749214140022,75114,3986
/proc/stat,1749214141053,633231,72740
/proc/18762/stat,1749214141053,75313,4003
/proc/stat,1749214142056,633593,72761
/proc/18762/stat,1749214142057,75678,4023
/proc/stat,1749214143041,633954,72770
/proc/18762/stat,1749214143041,76040,4029
/proc/stat,1749214144027,634168,72828
/proc/18762/stat,1749214144027,76259,4087
/proc/stat,1749214145027,634432,72884
/proc/18762/stat,1749214145027,76528,4141
/proc/stat,1749214146070,634730,72949
/proc/18762/stat,1749214146070,76826,4203
/proc/stat,1749214147049,635108,72960
/proc/18762/stat,1749214147049,77203,4214
/proc/stat,1749214148014,635226,72966
/proc/18762/stat,1749214148015,77319,4219
/proc/stat,1749214149017,635396,72971
/proc/18762/stat,1749214149017,77488,4222
/proc/stat,1749214150067,635632,72980
/proc/18762/stat,1749214150068,77723,4230
/proc/stat,1749214151060,635846,73000
/proc/18762/stat,1749214151061,77937,4248
/proc/stat,1749214152026,636149,73003
/proc/18762/stat,1749214152026,78237,4249
/proc/stat,1749214153022,636520,73004
/proc/18762/stat,1749214153023,78606,4250
/proc/stat,1749214154015,636625,73006
/proc/18762/stat,1749214154016,78712,4251
/proc/stat,1749214155015,636725,73014
/proc/18762/stat,1749214155015,78814,4257
/proc/stat,1749214156067,636993,73024
/proc/18762/stat,1749214156067,79081,4267
/proc/stat,1749214157035,637378,73026
/proc/18762/stat,1749214157035,79464,4268
/proc/stat,1749214158015,637739,73029
/proc/18762/stat,1749214158015,79824,4270
/proc/stat,1749214159021,637914,73053
/proc/18762/stat,1749214159022,79997,4294
/proc/stat,1749214160041,638196,73064
/proc/18762/stat,1749214160041,80274,4302
/proc/stat,1749214161037,638548,73081
/proc/18762/stat,1749214161037,80628,4317
/proc/stat,1749214162026,638876,73096
/proc/18762/stat,1749214162026,80960,4330
/proc/stat,1749214163088,639146,73152
/proc/18762/stat,1749214163089,81231,4385
/proc/stat,1749214164026,639370,73199
/proc/18762/stat,1749214164026,81464,4432
/proc/stat,1749214165026,639692,73228
/proc/18762/stat,1749214165027,81786,4460
/proc/stat,1749214166013,639920,73231
/proc/18762/stat,1749214166013,82015,4463
/proc/stat,1749214167016,640054,73236
/proc/18762/stat,1749214167016,82151,4467
/proc/stat,1749214168042,640266,73240
/proc/18762/stat,1749214168043,82363,4470
/proc/stat,1749214169023,640456,73266
/proc/18762/stat,1749214169023,82549,4494
/proc/stat,1749214170033,640717,73284
/proc/18762/stat,1749214170034,82808,4510
/proc/stat,1749214171014,640931,73289
/proc/18762/stat,1749214171014,83022,4513
/proc/stat,1749214172015,641046,73297
/proc/18762/stat,1749214172015,83137,4521
/proc/stat,1749214173014,641144,73307
/proc/18762/stat,1749214173015,83237,4529
/proc/stat,1749214174062,641381,73324
/proc/18762/stat,1749214174062,83473,4545
/proc/stat,1749214175058,641779,73324
/proc/18762/stat,1749214175059,83868,4545
/proc/stat,1749214176029,642162,73326
/proc/18762/stat,1749214176029,84250,4545
/proc/stat,1749214177015,642341,73342
/proc/18762/stat,1749214177015,84430,4561
/proc/stat,1749214178047,642604,73358
/proc/18762/stat,1749214178047,84696,4575
/proc/stat,1749214179030,642958,73372
/proc/18762/stat,1749214179031,85052,4588
/proc/stat,1749214180027,643285,73397
/proc/18762/stat,1749214180027,85375,4611
/proc/stat,1749214181025,643525,73454
/proc/18762/stat,1749214181026,85625,4666
/proc/stat,1749214182028,643775,73505
/proc/18762/stat,1749214182029,85888,4715
/proc/stat,1749214183027,644122,73534
/proc/18762/stat,1749214183027,86233,4742
/proc/stat,1749214184026,644435,73538
/proc/18762/stat,1749214184026,86548,4746
/proc/stat,1749214185018,644571,73545
/proc/18762/stat,1749214185019,86687,4751
/proc/stat,1749214186014,644772,73546
/proc/18762/stat,1749214186014,86887,4752
/proc/stat,1749214187016,644994,73562
/proc/18762/stat,1749214187017,87110,4767
/proc/stat,1749214188025,645237,73582
/proc/18762/stat,1749214188025,87351,4787
/proc/stat,1749214189058,645534,73590
/proc/18762/stat,1749214189059,87644,4793
/proc/stat,1749214190041,645914,73593
/proc/18762/stat,1749214190041,88021,4794
/proc/stat,1749214191017,646074,73596
/proc/18762/stat,1749214191017,88180,4797
/proc/stat,1749214192020,646180,73602
/proc/18762/stat,1749214192021,88286,4801
/proc/stat,1749214193054,646422,73614
/proc/18762/stat,1749214193054,88528,4812
/proc/stat,1749214194062,646822,73616
/proc/18762/stat,1749214194062,88928,4812
/proc/stat,1749214195025,647199,73619
/proc/18762/stat,1749214195026,89299,4813
/proc/stat,1749214196014,647370,73633
/proc/18762/stat,1749214196014,89472,4826
/proc/stat,1749214197035,647670,73644
/proc/18762/stat,1749214197035,89774,4836
/proc/stat,1749214198030,648031,73657
/proc/18762/stat,1749214198030,90134,4846
/proc/stat,1749214199017,648319,73688
/proc/18762/stat,1749214199017,90426,4876
/proc/stat,1749214200029,648588,73742
/proc/18762/stat,1749214200030,90702,4929
/proc/stat,1749214201028,648840,73800
/proc/18762/stat,1749214201028,90962,4985
/proc/stat,1749214202036,649212,73807
/proc/18762/stat,1749214202036,91335,4991
/proc/stat,1749214203025,649516,73815
/proc/18762/stat,1749214203026,91637,4998
/proc/stat,1749214204014,649688,73822
/proc/18762/stat,1749214204014,91810,5004
/proc/stat,1749214205015,649882,73826
/proc/18762/stat,1749214205015,92002,5007
/proc/stat,1749214206019,650094,73837
/proc/18762/stat,1749214206020,92212,5016
/proc/stat,1749214207025,650385,73846
/proc/18762/stat,1749214207025,92502,5024
/proc/stat,1749214208063,650650,73848
/proc/18762/stat,1749214208063,92766,5024
/proc/stat,1749214209075,650944,73855
/proc/18762/stat,1749214209075,93056,5030
/proc/stat,1749214210014,651096,73858
/proc/18762/stat,1749214210015,93209,5032
/proc/stat,1749214211015,651198,73862
/proc/18762/stat,1749214211015,93314,5035
