Timestamp,Domain,Power (Watts),DRAM Power (Watts), Energy (micro joules), DRAM Energy (micro joules)
1749213851035,package-0,15.815084,12.231231,55056235947,14273150777
1749213853002,package-0,14.712487,11.258699,55086048737,14296185386
1749213855001,package-0,15.932698,12.323637,55113980184,14317096770
1749213857001,package-0,16.588337,12.907315,55147670955,14343428612
1749213859001,package-0,15.272727,11.652314,55178522316,14367048425
1749213861001,package-0,11.930816,8.314981,55205785735,14387078525
1749213863001,package-0,12.926236,9.335731,55229724944,14404002615
1749213865001,package-0,14.192834,10.50864,55259327529,14426167597
1749213867001,package-0,14.201685,10.624363,55285985237,14445535468
1749213869002,package-0,15.775961,12.303557,55313867856,14466257155
1749213871001,package-0,13.825343,10.214818,55342189317,14487507345
1749213873001,package-0,15.441611,11.813629,55374556299,14512554827
1749213875001,package-0,15.355124,11.690949,55405602240,14536323626
1749213877001,package-0,10.86539,7.334332,55431023257,14554666414
1749213879001,package-0,14.529321,10.758945,55457322140,14573631026
1749213881001,package-0,10.586765,6.943891,55480515501,14589455692
1749213883001,package-0,13.130399,9.496863,55504600217,14606165000
1749213885001,package-0,13.58395,10.088841,55533917342,14628522487
1749213887001,package-0,16.817828,13.137539,55565966454,14653214562
1749213889002,package-0,15.554709,11.94284,55596775640,14676808618
1749213891001,package-0,12.840055,9.225989,55624971979,14697747407
1749213893001,package-0,12.088836,8.511819,55647214354,14713009697
1749213895001,package-0,15.50112,11.776703,55676715987,14735019895
1749213897001,package-0,10.871493,7.213421,55697764578,14748739098
1749213899001,package-0,15.815146,12.347991,55726339640,14770215728
1749213901002,package-0,13.601772,9.984594,55753886749,14790533852
1749213903001,package-0,15.812155,12.177154,55786565804,14815865879
1749213905006,package-0,13.175198,9.523779,55815210689,14837291972
1749213907001,package-0,9.219337,5.701463,55833326182,14848399915
1749213909001,package-0,9.294715,5.762254,55852703879,14860770794
1749213911001,package-0,9.437415,5.7921,55871580845,14872379895
1749213913001,package-0,9.559973,5.921616,55890459153,14884014936
1749213915001,package-0,9.330664,6.022018,55909409483,14896194348
1749213917002,package-0,9.25138,5.951645,55928121899,14908259198
1749213919001,package-0,9.401466,5.87999,55947256982,14920332653
1749213921001,package-0,9.560644,6.086349,55966146032,14932274761
1749213923001,package-0,9.51438,5.961716,55985036243,14944221996
1749213925001,package-0,9.48075,5.89061,56003604555,14955760846
1749213927001,package-0,10.72391,7.104962,56023199170,14968402354
1749213929001,package-0,9.030678,5.454088,56041366543,14979429975
1749213931001,package-0,9.696875,6.204512,56060687783,14991587475
1749213933001,package-0,9.774084,6.28984,56079721486,15003566449
1749213935004,package-0,9.471351,6.131637,56098569705,15015723766
1749213937001,package-0,9.817541,6.285384,56117497330,15027728862
1749213939001,package-0,9.37577,5.892075,56136278837,15039525585
1749213941001,package-0,9.489966,6.005111,56155249003,15051553142
1749213943001,package-0,9.342872,5.827073,56173985161,15063234082
1749213945001,package-0,9.179175,5.859787,56192137702,15074604597
1749213946004,package-0,10.652256,7.02226,56202805583,15081662562
1749213948001,package-0,9.307532,5.677232,56221431817,15093073544
1749213950001,package-0,10.131138,6.496443,56240439031,15104824856
1749213952002,package-0,9.275245,5.935288,56259282611,15116730588
1749213954001,package-0,9.31034,5.962753,56278045503,15128800442
1749213956002,package-0,9.381446,5.882248,56297111799,15140806820
1749213958001,package-0,9.606115,6.138717,56315940425,15152682583
1749213960001,package-0,9.460242,5.746262,56334899056,15164464108
1749213962001,package-0,9.433081,5.998703,56353615133,15176299527
1749213964005,package-0,10.041539,6.551436,56372934786,15188656856
1749213966001,package-0,9.301246,5.751755,56391623154,15200166775
1749213968002,package-0,9.261878,5.665269,56410286802,15211688841
1749213970001,package-0,9.702429,6.190109,56429627390,15223896634
1749213972001,package-0,9.46189,6.121444,56448419883,15236016903
1749213974001,package-0,9.78092,6.255783,56467355870,15248006131
1749213976005,package-0,9.351294,5.87529,56486169359,15259821408
1749213978003,package-0,9.543066,6.065109,56505154113,15271905728
1749213980002,package-0,9.338172,5.767014,56523853162,15283484555
1749213982001,package-0,9.953283,6.500837,56543165063,15295874904
1749213984001,package-0,9.518713,5.885971,56561888587,15307335385
1749213986001,package-0,9.462195,5.796799,56580747853,15318899687
1749213988001,package-0,9.540747,6.05156,56599837953,15330771361
1749213990001,package-0,9.284278,5.93132,56618469192,15342747953
1749213992001,package-0,9.664465,6.131149,56637607692,15355026731
1749213994001,package-0,9.381446,5.906479,56656396402,15366818326
1749213996001,package-0,9.44773,5.968674,56675333792,15378832212
1749213998002,package-0,9.299781,5.775375,56694059391,15390515653
1749214000001,package-0,9.781591,6.420089,56713276261,15402876828
1749214002001,package-0,9.618139,5.997787,56732213468,15414561368
1749214004001,package-0,9.362585,5.83751,56750958476,15426197020
1749214006001,package-0,9.627722,5.949264,56769947075,15437868437
1749214008001,package-0,9.41178,6.068343,56788868719,15450040586
1749214010001,package-0,9.33158,5.989852,56807486713,15462005094
1749214012001,package-0,9.456702,5.971115,56826698456,15474206723
1749214014001,package-0,9.492407,6.014084,56845539289,15486106412
1749214016003,package-0,9.493384,5.914902,56864463130,15498049741
1749214018001,package-0,9.538183,5.973617,56883222542,15509816373
1749214020001,package-0,10.126073,6.377181,56902489400,15522012204
1749214022001,package-0,9.403357,5.867173,56921184176,15533631498
1749214024001,package-0,9.838598,6.17131,56940126571,15545255492
1749214026001,package-0,9.45066,6.044846,56959154233,15557237517
1749214028001,package-0,9.293128,5.98613,56977832590,15569271116
1749214030001,package-0,9.742102,6.21379,56996914268,15581510770
1749214032001,package-0,9.382666,5.893051,57015750523,15593350034
1749214034001,package-0,9.467688,6.050338,57034668871,15605410550
1749214036001,package-0,9.240882,5.72136,57053376831,15617019895
1749214038001,package-0,9.504187,6.193039,57072286023,15629075712
1749214040001,package-0,9.498694,5.916428,57091504297,15641070981
1749214042005,package-0,9.123268,5.520371,57110006813,15652432280
1749214044001,package-0,9.657507,5.997116,57129326221,15664482115
1749214046001,package-0,9.391699,6.046737,57148222474,15676644376
1749214048001,package-0,9.347571,5.949204,57166878310,15688564146
1749214050001,package-0,9.491064,5.949631,57186082240,15700734952
1749214052001,package-0,9.489966,6.050705,57204856851,15712610166
1749214054001,package-0,9.54441,5.926499,57223840323,15724557706
1749214056001,package-0,9.273475,5.797592,57242390324,15736098936
1749214058001,package-0,9.092079,5.513719,57261718155,15748396451
1749214060001,package-0,9.416479,5.781785,57280260771,15759669921
1749214062001,package-0,9.545142,5.85167,57299529094,15771557403
1749214064001,package-0,9.375342,6.054001,57318444511,15783710448
1749214066001,package-0,9.435095,6.082321,57337112005,15795699370
1749214068001,package-0,9.436865,5.929672,57356278460,15807840635
1749214070001,package-0,9.514869,6.050644,57375167023,15819763151
1749214072001,package-0,9.525306,5.927475,57394084577,15831674253
1749214074001,package-0,9.44419,5.877121,57412727229,15843265898
1749214076001,package-0,10.620029,7.062482,57432180609,15855856259
1749214078001,package-0,9.318884,5.73198,57450815449,15867327177
1749214080001,package-0,9.678442,5.851974,57469659334,15878760558
1749214082001,package-0,9.667395,6.189926,57488748275,15890661285
1749214084001,package-0,9.204628,5.844467,57507316526,15902558715
1749214086001,package-0,9.671301,6.127792,57526587411,15914989775
1749214088001,package-0,9.373938,5.87352,57545318564,15926719298
1749214090001,package-0,9.478553,6.035629,57564283543,15938785307
1749214092003,package-0,9.205238,5.720627,57582950182,15950386351
1749214094001,package-0,9.542944,6.163985,57602042174,15962530363
1749214096002,package-0,9.363135,5.698594,57621069408,15974344481
1749214098001,package-0,9.9343,6.280501,57639856347,15985901702
1749214100002,package-0,9.661718,6.175949,57659041845,15997933410
1749214102002,package-0,9.448462,6.107345,57677795520,16010029692
1749214104002,package-0,9.690283,6.156235,57696788392,16022191527
1749214106004,package-0,9.421424,5.945542,57715617811,16034037566
1749214108001,package-0,9.504004,6.046738,57734482021,16046021605
1749214110003,package-0,9.415809,6.00737,57753371682,16057932707
1749214112001,package-0,9.575171,6.194442,57772214102,16069870665
1749214114001,package-0,9.510779,5.892014,57791262088,16081720427
1749214116001,package-0,9.334205,5.793564,57810113419,16093469847
1749214118001,package-0,9.514564,5.841843,57829061674,16105095794
1749214120001,package-0,9.434058,6.09465,57848031352,16117315795
1749214122001,package-0,9.590491,6.174545,57866851738,16129337859
1749214124001,package-0,9.460486,5.954818,57885854619,16141315977
1749214126001,package-0,9.463599,6.017258,57904705340,16153267546
1749214128001,package-0,9.394446,5.917771,57923517242,16165102721
1749214130001,package-0,9.422095,6.002121,57942304304,16176870208
1749214132001,package-0,9.446448,5.803208,57961534967,16188906554
1749214134001,package-0,10.007665,6.340499,57980244331,16200384613
1749214136001,package-0,9.561194,5.929001,57999327534,16212196777
1749214138001,package-0,9.448462,6.091476,58018262422,16224425933
1749214140003,package-0,9.820593,6.21141,58037317061,16236492980
1749214142001,package-0,9.482031,5.937301,58056088680,16248252471
1749214144001,package-0,9.512793,6.050643,58074942575,16260210448
1749214146001,package-0,9.406165,5.904465,58093828269,16272107635
1749214148001,package-0,8.911781,5.558214,58112086095,16283386659
1749214150001,package-0,9.071327,5.507676,58131657029,16295901519
1749214152001,package-0,9.337012,5.75908,58150477782,16307560486
1749214154001,package-0,9.497595,5.787216,58169444286,16319115693
1749214156001,package-0,9.341528,6.01622,58188470299,16331374268
1749214158001,package-0,9.465674,6.166366,58207187109,16343450470
1749214160001,package-0,9.395606,5.902207,58226292468,16355514831
1749214162001,package-0,9.569555,6.086838,58245161560,16367383209
1749214164001,package-0,9.50791,5.949997,58264070875,16379299560
1749214166001,package-0,9.494543,5.965622,58282713649,16390973541
1749214168001,package-0,9.329383,5.725205,58301873757,16403165832
1749214170001,package-0,9.047279,5.401476,58320587881,16414636445
1749214172001,package-0,9.690833,5.967819,58339731021,16426398194
1749214174001,package-0,9.314612,5.98497,58358693130,16438569062
1749214176001,package-0,9.273475,5.944137,58377418851,16450632263
1749214178001,package-0,9.395728,5.878342,58396526346,16462681671
1749214180001,package-0,9.435889,5.978805,58415315788,16474559753
1749214182001,package-0,9.456885,5.893784,58434287541,16486497406
1749214184001,package-0,9.310096,5.773788,58452998614,16498288879
1749214186001,package-0,9.831823,6.280501,58472236480,16510635283
1749214188001,package-0,9.56986,6.013229,58491139263,16522351684
1749214190001,package-0,9.175819,5.560899,58509692622,16533757478
1749214192001,package-0,9.755285,6.253951,58529044684,16545970154
1749214194001,package-0,9.461584,6.117599,58547833759,16558092315
1749214196001,package-0,9.743017,6.195968,58566777680,16570115478
1749214198001,package-0,9.336707,5.867661,58585527938,16581891632
1749214200001,package-0,9.454016,5.881943,58604466610,16593805725
1749214202001,package-0,9.410804,6.029464,58623372995,16605730865
1749214204001,package-0,9.19474,5.848373,58641807335,16617361084
1749214206001,package-0,9.228431,5.597092,58661337314,16629716277
1749214208001,package-0,9.403479,5.852158,58680214768,16641479858
1749214210001,package-0,9.778295,6.040939,58699079649,16653015717
