SourceFile,Timestamp,userTime (Ticks),systemTime (Ticks)
/proc/stat,1749209484317,500990,86589
/proc/8022/stat,1749209484323,3888,176
/proc/stat,1749209485070,501140,86608
/proc/8022/stat,1749209485075,4027,191
/proc/stat,1749209486066,501313,86616
/proc/8022/stat,1749209486070,4195,194
/proc/stat,1749209487064,501438,86622
/proc/8022/stat,1749209487068,4316,194
/proc/stat,1749209488065,501554,86627
/proc/8022/stat,1749209488069,4431,195
/proc/stat,1749209489065,501662,86648
/proc/8022/stat,1749209489069,4533,210
/proc/stat,1749209490062,501782,86652
/proc/8022/stat,1749209490065,4648,210
/proc/stat,1749209491062,501924,86657
/proc/8022/stat,1749209491065,4781,211
/proc/stat,1749209492069,502062,86662
/proc/8022/stat,1749209492073,4912,211
/proc/stat,1749209493067,502192,86669
/proc/8022/stat,1749209493071,5039,212
/proc/stat,1749209494063,502312,86674
/proc/8022/stat,1749209494066,5156,212
/proc/stat,1749209495068,502436,86678
/proc/8022/stat,1749209495072,5273,212
/proc/stat,1749209496067,502559,86684
/proc/8022/stat,1749209496071,5391,214
/proc/stat,1749209497063,502653,86699
/proc/8022/stat,1749209497067,5479,226
/proc/stat,1749209498065,502776,86704
/proc/8022/stat,1749209498069,5597,226
/proc/stat,1749209499080,502907,86709
/proc/8022/stat,1749209499084,5717,226
/proc/stat,1749209500063,503009,86712
/proc/8022/stat,1749209500067,5815,226
/proc/stat,1749209501074,503134,86718
/proc/8022/stat,1749209501077,5936,227
/proc/stat,1749209502071,503310,86723
/proc/8022/stat,1749209502076,6108,228
/proc/stat,1749209503063,503556,86728
/proc/8022/stat,1749209503068,6348,228
/proc/stat,1749209504098,503818,86752
/proc/8022/stat,1749209504102,6602,246
/proc/stat,1749209505066,503991,86787
/proc/8022/stat,1749209505070,6770,277
/proc/stat,1749209506064,504190,86804
/proc/8022/stat,1749209506068,6956,289
/proc/stat,1749209507065,504392,86809
/proc/8022/stat,1749209507068,7159,290
/proc/stat,1749209508067,504590,86822
/proc/8022/stat,1749209508071,7354,299
/proc/stat,1749209509066,504799,86826
/proc/8022/stat,1749209509069,7559,299
/proc/stat,1749209510067,505006,86846
/proc/8022/stat,1749209510071,7750,314
/proc/stat,1749209511065,505214,86851
/proc/8022/stat,1749209511069,7956,315
/proc/stat,1749209512068,505421,86864
/proc/8022/stat,1749209512073,8158,322
/proc/stat,1749209513075,505598,86869
/proc/8022/stat,1749209513078,8330,322
/proc/stat,1749209514064,505718,86874
/proc/8022/stat,1749209514069,8447,323
/proc/stat,1749209515064,505826,86888
/proc/8022/stat,1749209515080,8551,333
/proc/stat,1749209516068,505950,86892
/proc/8022/stat,1749209516071,8665,334
/proc/stat,1749209517062,506088,86896
/proc/8022/stat,1749209517065,8778,334
/proc/stat,1749209518063,506206,86900
/proc/8022/stat,1749209518066,8892,334
/proc/stat,1749209519062,506309,86905
/proc/8022/stat,1749209519065,8993,334
/proc/stat,1749209520067,506428,86922
/proc/8022/stat,1749209520070,9107,349
/proc/stat,1749209521067,506561,86926
/proc/8022/stat,1749209521070,9233,349
/proc/stat,1749209522065,506668,86930
/proc/8022/stat,1749209522068,9333,349
/proc/stat,1749209523064,506785,86935
/proc/8022/stat,1749209523066,9448,349
/proc/stat,1749209524066,506904,86939
/proc/8022/stat,1749209524073,9565,350
/proc/stat,1749209525062,507024,86943
/proc/8022/stat,1749209525065,9682,350
/proc/stat,1749209526064,507128,86947
/proc/8022/stat,1749209526067,9782,350
/proc/stat,1749209527064,507253,86951
/proc/8022/stat,1749209527067,9901,350
/proc/stat,1749209528064,507374,86957
/proc/8022/stat,1749209528068,10019,351
/proc/stat,1749209529064,507494,86962
/proc/8022/stat,1749209529067,10138,351
/proc/stat,1749209530061,507598,86966
/proc/8022/stat,1749209530064,10238,351
/proc/stat,1749209531064,507721,86970
/proc/8022/stat,1749209531067,10356,351
/proc/stat,1749209532065,507843,86976
/proc/8022/stat,1749209532067,10473,354
/proc/stat,1749209533062,507958,86984
/proc/8022/stat,1749209533064,10586,359
/proc/stat,1749209534063,508063,86991
/proc/8022/stat,1749209534066,10687,363
/proc/stat,1749209535066,508214,87032
/proc/8022/stat,1749209535068,10835,401
/proc/stat,1749209536066,508405,87048
/proc/8022/stat,1749209536071,11025,412
/proc/stat,1749209537063,508606,87052
/proc/8022/stat,1749209537065,11226,413
/proc/stat,1749209538070,508812,87064
/proc/8022/stat,1749209538073,11428,420
/proc/stat,1749209539075,509010,87080
/proc/8022/stat,1749209539079,11623,432
/proc/stat,1749209540070,509220,87084
/proc/8022/stat,1749209540073,11829,432
/proc/stat,1749209541063,509417,87098
/proc/8022/stat,1749209541065,12028,442
/proc/stat,1749209542072,509631,87101
/proc/8022/stat,1749209542074,12241,442
/proc/stat,1749209543064,509767,87105
/proc/8022/stat,1749209543066,12374,442
/proc/stat,1749209544063,509876,87119
/proc/8022/stat,1749209544065,12478,453
/proc/stat,1749209545064,509988,87127
/proc/8022/stat,1749209545066,12588,457
/proc/stat,1749209546065,510093,87130
/proc/8022/stat,1749209546068,12689,457
/proc/stat,1749209547065,510211,87136
/proc/8022/stat,1749209547067,12803,457
/proc/stat,1749209548062,510326,87140
/proc/8022/stat,1749209548065,12918,458
/proc/stat,1749209549061,510434,87155
/proc/8022/stat,1749209549064,13023,469
/proc/stat,1749209550061,510534,87161
/proc/8022/stat,1749209550064,13122,471
/proc/stat,1749209551064,510670,87167
/proc/8022/stat,1749209551066,13255,471
/proc/stat,1749209552062,510798,87171
/proc/8022/stat,1749209552064,13381,472
/proc/stat,1749209553065,510918,87176
/proc/8022/stat,1749209553068,13498,472
/proc/stat,1749209554064,511021,87179
/proc/8022/stat,1749209554066,13597,472
/proc/stat,1749209555061,511139,87182
/proc/8022/stat,1749209555064,13714,472
/proc/stat,1749209556064,511257,87186
/proc/8022/stat,1749209556066,13834,472
/proc/stat,1749209557064,511378,87190
/proc/8022/stat,1749209557066,13951,472
/proc/stat,1749209558061,511480,87194
/proc/8022/stat,1749209558065,14052,472
/proc/stat,1749209559062,511602,87197
/proc/8022/stat,1749209559064,14171,472
/proc/stat,1749209560063,511712,87212
/proc/8022/stat,1749209560065,14279,483
/proc/stat,1749209561063,511811,87220
/proc/8022/stat,1749209561066,14376,487
/proc/stat,1749209562064,511934,87224
/proc/8022/stat,1749209562066,14496,487
/proc/stat,1749209563069,512053,87229
/proc/8022/stat,1749209563078,14613,487
/proc/stat,1749209564068,512158,87234
/proc/8022/stat,1749209564071,14713,487
/proc/stat,1749209565066,512342,87282
/proc/8022/stat,1749209565069,14899,530
/proc/stat,1749209566068,512537,87291
/proc/8022/stat,1749209566070,15092,536
/proc/stat,1749209567062,512737,87298
/proc/8022/stat,1749209567081,15292,541
/proc/stat,1749209568067,512946,87307
/proc/8022/stat,1749209568071,15493,544
/proc/stat,1749209569067,513150,87324
/proc/8022/stat,1749209569070,15686,555
/proc/stat,1749209570065,513366,87328
/proc/8022/stat,1749209570068,15894,556
/proc/stat,1749209571076,513568,87344
/proc/8022/stat,1749209571083,16095,566
/proc/stat,1749209572066,513777,87350
/proc/8022/stat,1749209572069,16304,567
/proc/stat,1749209573061,513900,87355
/proc/8022/stat,1749209573063,16425,567
/proc/stat,1749209574063,514006,87369
/proc/8022/stat,1749209574065,16531,577
/proc/stat,1749209575076,514119,87380
/proc/8022/stat,1749209575078,16642,582
/proc/stat,1749209576062,514218,87385
/proc/8022/stat,1749209576064,16742,582
/proc/stat,1749209577062,514336,87388
/proc/8022/stat,1749209577065,16856,582
/proc/stat,1749209578063,514454,87392
/proc/8022/stat,1749209578065,16972,583
/proc/stat,1749209579064,514572,87407
/proc/8022/stat,1749209579067,17084,592
/proc/stat,1749209580073,514671,87417
/proc/8022/stat,1749209580094,17180,597
/proc/stat,1749209581061,514810,87421
/proc/8022/stat,1749209581063,17309,597
/proc/stat,1749209582061,514940,87426
/proc/8022/stat,1749209582063,17436,597
/proc/stat,1749209583065,515060,87431
/proc/8022/stat,1749209583067,17553,597
/proc/stat,1749209584061,515161,87436
/proc/8022/stat,1749209584063,17653,597
/proc/stat,1749209585061,515280,87439
/proc/8022/stat,1749209585064,17769,598
/proc/stat,1749209586063,515401,87444
/proc/8022/stat,1749209586065,17888,598
/proc/stat,1749209587065,515506,87448
/proc/8022/stat,1749209587067,17989,598
/proc/stat,1749209588062,515611,87470
/proc/8022/stat,1749209588064,18089,614
/proc/stat,1749209589061,515714,87473
/proc/8022/stat,1749209589063,18189,614
/proc/stat,1749209590062,515834,87478
/proc/8022/stat,1749209590064,18308,614
/proc/stat,1749209591063,515958,87483
/proc/8022/stat,1749209591065,18426,614
/proc/stat,1749209592062,516061,87486
/proc/8022/stat,1749209592064,18526,614
/proc/stat,1749209593062,516181,87489
/proc/8022/stat,1749209593064,18643,614
/proc/stat,1749209594069,516300,87502
/proc/8022/stat,1749209594072,18757,624
/proc/stat,1749209595064,516483,87534
/proc/8022/stat,1749209595066,18938,653
/proc/stat,1749209596064,516681,87540
/proc/8022/stat,1749209596067,19137,656
/proc/stat,1749209597067,516882,87552
/proc/8022/stat,1749209597070,19335,663
/proc/stat,1749209598072,517093,87558
/proc/8022/stat,1749209598075,19543,663
/proc/stat,1749209599064,517290,87572
/proc/8022/stat,1749209599067,19739,672
/proc/stat,1749209600063,517500,87576
/proc/8022/stat,1749209600065,19947,673
/proc/stat,1749209601064,517702,87591
/proc/8022/stat,1749209601067,20148,682
/proc/stat,1749209602062,517887,87598
/proc/8022/stat,1749209602064,20331,682
/proc/stat,1749209603061,518011,87602
/proc/8022/stat,1749209603063,20453,683
/proc/stat,1749209604063,518121,87617
/proc/8022/stat,1749209604065,20560,692
/proc/stat,1749209605062,518238,87620
/proc/8022/stat,1749209605065,20675,692
/proc/stat,1749209606063,518354,87626
/proc/8022/stat,1749209606066,20789,692
/proc/stat,1749209607064,518473,87630
/proc/8022/stat,1749209607066,20903,693
/proc/stat,1749209608069,518592,87635
/proc/8022/stat,1749209608072,21019,694
/proc/stat,1749209609064,518697,87641
/proc/8022/stat,1749209609066,21118,694
/proc/stat,1749209610065,518818,87659
/proc/8022/stat,1749209610068,21236,706
/proc/stat,1749209611066,518944,87667
/proc/8022/stat,1749209611069,21358,707
/proc/stat,1749209612065,519049,87672
/proc/8022/stat,1749209612067,21459,707
/proc/stat,1749209613062,519168,87679
/proc/8022/stat,1749209613064,21574,707
/proc/stat,1749209614062,519288,87684
/proc/8022/stat,1749209614064,21689,707
/proc/stat,1749209615086,519410,87692
/proc/8022/stat,1749209615088,21809,707
/proc/stat,1749209616062,519510,87698
/proc/8022/stat,1749209616064,21907,707
/proc/stat,1749209617061,519631,87704
/proc/8022/stat,1749209617063,22023,708
/proc/stat,1749209618061,519747,87718
/proc/8022/stat,1749209618063,22135,713
/proc/stat,1749209619062,519842,87736
/proc/8022/stat,1749209619065,22226,723
/proc/stat,1749209620062,519967,87742
/proc/8022/stat,1749209620064,22345,723
/proc/stat,1749209621062,520073,87751
/proc/8022/stat,1749209621064,22445,723
/proc/stat,1749209622061,520199,87762
/proc/8022/stat,1749209622063,22564,723
/proc/stat,1749209623061,520311,87769
/proc/8022/stat,1749209623063,22664,723
/proc/stat,1749209624092,520458,87800
/proc/8022/stat,1749209624095,22801,745
/proc/stat,1749209625065,520630,87834
/proc/8022/stat,1749209625068,22970,769
/proc/stat,1749209626066,520824,87856
/proc/8022/stat,1749209626069,23162,779
/proc/stat,1749209627065,521017,87881
/proc/8022/stat,1749209627067,23354,790
/proc/stat,1749209628065,521222,87896
/proc/8022/stat,1749209628068,23558,790
/proc/stat,1749209629065,521422,87916
/proc/8022/stat,1749209629067,23755,798
/proc/stat,1749209630094,521650,87926
/proc/8022/stat,1749209630097,23971,798
/proc/stat,1749209631068,521843,87949
/proc/8022/stat,1749209631072,24158,808
/proc/stat,1749209632065,522052,87958
/proc/8022/stat,1749209632067,24366,810
/proc/stat,1749209633063,522210,87964
/proc/8022/stat,1749209633065,24519,810
/proc/stat,1749209634061,522323,87984
/proc/8022/stat,1749209634063,24625,822
/proc/stat,1749209635061,522444,87991
/proc/8022/stat,1749209635063,24741,822
/proc/stat,1749209636062,522564,88001
/proc/8022/stat,1749209636064,24856,822
/proc/stat,1749209637062,522684,88010
/proc/8022/stat,1749209637064,24970,822
/proc/stat,1749209638061,522798,88027
/proc/8022/stat,1749209638063,25079,829
/proc/stat,1749209639061,522901,88038
/proc/8022/stat,1749209639063,25177,832
/proc/stat,1749209640061,523031,88045
/proc/8022/stat,1749209640063,25305,832
/proc/stat,1749209641061,523155,88052
/proc/8022/stat,1749209641064,25428,833
/proc/stat,1749209642061,523271,88056
/proc/8022/stat,1749209642063,25543,833
/proc/stat,1749209643062,523377,88060
/proc/8022/stat,1749209643064,25643,833
/proc/stat,1749209644061,523483,88076
/proc/8022/stat,1749209644063,25744,846
/proc/stat,1749209645061,523599,88080
/proc/8022/stat,1749209645063,25860,846
/proc/stat,1749209646061,523700,88083
/proc/8022/stat,1749209646063,25960,846
/proc/stat,1749209647062,523823,88085
/proc/8022/stat,1749209647064,26080,846
/proc/stat,1749209648075,523944,88089
/proc/8022/stat,1749209648077,26200,846
/proc/stat,1749209649062,524045,88092
/proc/8022/stat,1749209649064,26299,846
/proc/stat,1749209650062,524164,88097
/proc/8022/stat,1749209650063,26417,847
/proc/stat,1749209651061,524268,88099
/proc/8022/stat,1749209651063,26517,847
/proc/stat,1749209652062,524389,88103
/proc/8022/stat,1749209652064,26636,847
/proc/stat,1749209653060,524491,88108
/proc/8022/stat,1749209653061,26736,847
/proc/stat,1749209654062,524594,88112
/proc/8022/stat,1749209654064,26837,847
/proc/stat,1749209655064,524756,88159
/proc/8022/stat,1749209655067,26995,890
/proc/stat,1749209656067,524948,88172
/proc/8022/stat,1749209656069,27186,898
/proc/stat,1749209657063,525149,88176
/proc/8022/stat,1749209657066,27385,900
/proc/stat,1749209658063,525348,88187
/proc/8022/stat,1749209658065,27582,907
/proc/stat,1749209659063,525546,88198
/proc/8022/stat,1749209659066,27777,915
/proc/stat,1749209660067,525752,88203
/proc/8022/stat,1749209660069,27983,916
/proc/stat,1749209661067,525950,88218
/proc/8022/stat,1749209661069,28179,928
/proc/stat,1749209662065,526156,88224
/proc/8022/stat,1749209662067,28385,929
/proc/stat,1749209663064,526305,88229
/proc/8022/stat,1749209663066,28532,931
/proc/stat,1749209664063,526408,88246
/proc/8022/stat,1749209664065,28633,943
/proc/stat,1749209665063,526525,88251
/proc/8022/stat,1749209665065,28748,944
/proc/stat,1749209666063,526642,88255
/proc/8022/stat,1749209666065,28863,944
/proc/stat,1749209667063,526746,88259
/proc/8022/stat,1749209667066,28963,944
/proc/stat,1749209668062,526864,88263
/proc/8022/stat,1749209668064,29079,944
/proc/stat,1749209669063,526964,88283
/proc/8022/stat,1749209669065,29180,960
/proc/stat,1749209670063,527066,88287
/proc/8022/stat,1749209670065,29281,960
/proc/stat,1749209671061,527198,88292
/proc/8022/stat,1749209671063,29411,960
/proc/stat,1749209672062,527329,88295
/proc/8022/stat,1749209672064,29538,961
/proc/stat,1749209673061,527448,88299
/proc/8022/stat,1749209673063,29654,961
/proc/stat,1749209674061,527551,88303
/proc/8022/stat,1749209674063,29754,961
/proc/stat,1749209675063,527673,88307
/proc/8022/stat,1749209675065,29872,961
/proc/stat,1749209676063,527797,88314
/proc/8022/stat,1749209676065,29989,962
/proc/stat,1749209677063,527903,88317
/proc/8022/stat,1749209677065,30090,962
/proc/stat,1749209678060,528023,88320
/proc/8022/stat,1749209678062,30206,962
/proc/stat,1749209679070,528146,88323
/proc/8022/stat,1749209679072,30325,962
/proc/stat,1749209680061,528260,88331
/proc/8022/stat,1749209680063,30439,966
/proc/stat,1749209681062,528349,88348
/proc/8022/stat,1749209681064,30526,979
/proc/stat,1749209682062,528468,88351
/proc/8022/stat,1749209682064,30645,979
/proc/stat,1749209683060,528571,88356
/proc/8022/stat,1749209683062,30745,979
/proc/stat,1749209684060,528673,88360
/proc/8022/stat,1749209684062,30845,979
/proc/stat,1749209685063,528840,88401
/proc/8022/stat,1749209685066,31012,1015
/proc/stat,1749209686064,529036,88412
/proc/8022/stat,1749209686066,31204,1024
/proc/stat,1749209687063,529242,88416
/proc/8022/stat,1749209687065,31409,1024
/proc/stat,1749209688067,529446,88424
/proc/8022/stat,1749209688069,31610,1030
/proc/stat,1749209689062,529645,88434
/proc/8022/stat,1749209689064,31809,1036
/proc/stat,1749209690063,529855,88438
/proc/8022/stat,1749209690069,32018,1036
/proc/stat,1749209691063,530060,88450
/proc/8022/stat,1749209691064,32220,1045
/proc/stat,1749209692064,530273,88455
/proc/8022/stat,1749209692067,32432,1046
/proc/stat,1749209693061,530402,88458
/proc/8022/stat,1749209693064,32559,1046
/proc/stat,1749209694063,530508,88471
/proc/8022/stat,1749209694065,32665,1056
/proc/stat,1749209695061,530625,88474
/proc/8022/stat,1749209695068,32780,1056
/proc/stat,1749209696061,530740,88478
/proc/8022/stat,1749209696063,32896,1056
/proc/stat,1749209697063,530858,88481
/proc/8022/stat,1749209697065,33012,1057
/proc/stat,1749209698062,530975,88486
/proc/8022/stat,1749209698064,33128,1058
/proc/stat,1749209699061,531070,88496
/proc/8022/stat,1749209699063,33219,1066
/proc/stat,1749209700061,531202,88500
/proc/8022/stat,1749209700063,33352,1066
/proc/stat,1749209701063,531333,88502
/proc/8022/stat,1749209701066,33479,1066
/proc/stat,1749209702060,531435,88505
/proc/8022/stat,1749209702062,33579,1066
/proc/stat,1749209703062,531554,88509
/proc/8022/stat,1749209703064,33696,1066
/proc/stat,1749209704062,531670,88512
/proc/8022/stat,1749209704064,33812,1066
/proc/stat,1749209705063,531788,88516
/proc/8022/stat,1749209705065,33929,1066
/proc/stat,1749209706062,531890,88518
/proc/8022/stat,1749209706064,34029,1066
/proc/stat,1749209707063,532014,88522
/proc/8022/stat,1749209707065,34149,1066
/proc/stat,1749209708061,532130,88532
/proc/8022/stat,1749209708063,34261,1073
/proc/stat,1749209709062,532227,88540
/proc/8022/stat,1749209709064,34356,1079
/proc/stat,1749209710063,532348,88544
/proc/8022/stat,1749209710064,34475,1079
/proc/stat,1749209711086,532474,88547
/proc/8022/stat,1749209711088,34598,1079
/proc/stat,1749209712062,532574,88550
/proc/8022/stat,1749209712065,34696,1079
/proc/stat,1749209713062,532676,88554
/proc/8022/stat,1749209713064,34796,1079
/proc/stat,1749209714072,532804,88568
/proc/8022/stat,1749209714075,34923,1088
/proc/stat,1749209715066,532982,88607
/proc/8022/stat,1749209715069,35102,1124
/proc/stat,1749209716065,533173,88622
/proc/8022/stat,1749209716067,35291,1135
/proc/stat,1749209717064,533376,88628
/proc/8022/stat,1749209717066,35491,1139
/proc/stat,1749209718065,533577,88639
/proc/8022/stat,1749209718067,35691,1144
/proc/stat,1749209719065,533770,88656
/proc/8022/stat,1749209719067,35883,1157
/proc/stat,1749209720064,533982,88661
/proc/8022/stat,1749209720066,36091,1158
/proc/stat,1749209721065,534175,88683
/proc/8022/stat,1749209721067,36284,1175
/proc/stat,1749209722065,534387,88688
/proc/8022/stat,1749209722068,36496,1176
/proc/stat,1749209723064,534555,88692
/proc/8022/stat,1749209723067,36662,1176
/proc/stat,1749209724063,534669,88706
/proc/8022/stat,1749209724065,36773,1186
/proc/stat,1749209725061,534784,88710
/proc/8022/stat,1749209725063,36888,1187
/proc/stat,1749209726061,534899,88715
/proc/8022/stat,1749209726063,37004,1187
/proc/stat,1749209727060,535018,88717
/proc/8022/stat,1749209727062,37120,1188
/proc/stat,1749209728061,535132,88725
/proc/8022/stat,1749209728063,37232,1193
/proc/stat,1749209729061,535228,88735
/proc/8022/stat,1749209729063,37326,1199
/proc/stat,1749209730063,535361,88739
/proc/8022/stat,1749209730065,37457,1199
/proc/stat,1749209731064,535487,88743
/proc/8022/stat,1749209731066,37582,1199
/proc/stat,1749209732083,535607,88748
/proc/8022/stat,1749209732085,37699,1199
/proc/stat,1749209733064,535710,88752
/proc/8022/stat,1749209733066,37797,1199
/proc/stat,1749209734063,535827,88759
/proc/8022/stat,1749209734065,37911,1200
/proc/stat,1749209735064,535940,88768
/proc/8022/stat,1749209735066,38020,1207
/proc/stat,1749209736062,536040,88774
/proc/8022/stat,1749209736064,38118,1209
/proc/stat,1749209737064,536160,88778
/proc/8022/stat,1749209737067,38236,1209
/proc/stat,1749209738066,536284,88782
/proc/8022/stat,1749209738069,38354,1209
/proc/stat,1749209739068,536391,88786
/proc/8022/stat,1749209739071,38454,1209
/proc/stat,1749209740065,536518,88789
/proc/8022/stat,1749209740068,38572,1209
/proc/stat,1749209741072,536641,88793
/proc/8022/stat,1749209741074,38692,1210
/proc/stat,1749209742060,536742,88797
/proc/8022/stat,1749209742062,38791,1210
/proc/stat,1749209743063,536844,88802
/proc/8022/stat,1749209743065,38892,1210
/proc/stat,1749209744062,536945,88807
/proc/8022/stat,1749209744063,38992,1210
/proc/stat,1749209745069,537188,88836
/proc/8022/stat,1749209745071,39235,1235
/proc/stat,1749209746065,537374,88857
/proc/8022/stat,1749209746067,39418,1252
/proc/stat,1749209747073,537567,88870
/proc/8022/stat,1749209747075,39612,1262
/proc/stat,1749209748064,537762,88883
/proc/8022/stat,1749209748066,39806,1270
/proc/stat,1749209749064,537964,88889
/proc/8022/stat,1749209749066,40010,1272
/proc/stat,1749209750065,538159,88906
/proc/8022/stat,1749209750067,40203,1285
/proc/stat,1749209751063,538369,88910
/proc/8022/stat,1749209751065,40413,1286
/proc/stat,1749209752063,538569,88924
/proc/8022/stat,1749209752064,40614,1295
/proc/stat,1749209753064,538777,88929
/proc/8022/stat,1749209753066,40820,1296
/proc/stat,1749209754068,538921,88934
/proc/8022/stat,1749209754072,40965,1296
/proc/stat,1749209755061,539054,88940
/proc/8022/stat,1749209755063,41098,1298
/proc/stat,1749209756061,539147,88953
/proc/8022/stat,1749209756063,41188,1308
/proc/stat,1749209757060,539268,88955
/proc/8022/stat,1749209757063,41303,1308
/proc/stat,1749209758061,539386,88958
/proc/8022/stat,1749209758063,41418,1308
/proc/stat,1749209759061,539504,88963
/proc/8022/stat,1749209759063,41534,1308
/proc/stat,1749209760062,539618,88968
/proc/8022/stat,1749209760064,41649,1310
/proc/stat,1749209761061,539709,88983
/proc/8022/stat,1749209761063,41737,1322
/proc/stat,1749209762061,539842,88986
/proc/8022/stat,1749209762063,41868,1322
/proc/stat,1749209763061,539973,88989
/proc/8022/stat,1749209763062,41995,1323
/proc/stat,1749209764060,540075,88992
/proc/8022/stat,1749209764062,42095,1323
/proc/stat,1749209765062,540194,88996
/proc/8022/stat,1749209765064,42212,1323
/proc/stat,1749209766060,540312,88999
/proc/8022/stat,1749209766062,42329,1323
/proc/stat,1749209767061,540415,89002
/proc/8022/stat,1749209767063,42429,1323
/proc/stat,1749209768061,540536,89005
/proc/8022/stat,1749209768062,42549,1323
/proc/stat,1749209769060,540654,89009
/proc/8022/stat,1749209769062,42667,1323
/proc/stat,1749209770060,540773,89013
/proc/8022/stat,1749209770062,42786,1324
/proc/stat,1749209771062,540876,89016
/proc/8022/stat,1749209771064,42887,1324
/proc/stat,1749209772060,540997,89019
/proc/8022/stat,1749209772062,43006,1324
/proc/stat,1749209773060,541112,89029
/proc/8022/stat,1749209773062,43120,1330
/proc/stat,1749209774060,541206,89040
/proc/8022/stat,1749209774061,43213,1337
/proc/stat,1749209775059,541306,89046
/proc/8022/stat,1749209775061,43311,1339
/proc/stat,1749209776062,541467,89087
/proc/8022/stat,1749209776063,43474,1376
/proc/stat,1749209777065,541660,89099
/proc/8022/stat,1749209777067,43666,1385
/proc/stat,1749209778062,541863,89103
/proc/8022/stat,1749209778063,43870,1385
/proc/stat,1749209779065,542060,89117
/proc/8022/stat,1749209779066,44067,1396
/proc/stat,1749209780061,542257,89130
/proc/8022/stat,1749209780079,44262,1406
/proc/stat,1749209781062,542468,89135
/proc/8022/stat,1749209781064,44470,1406
/proc/stat,1749209782064,542669,89150
/proc/8022/stat,1749209782066,44672,1416
/proc/stat,1749209783067,542880,89156
/proc/8022/stat,1749209783069,44883,1417
/proc/stat,1749209784061,543007,89159
/proc/8022/stat,1749209784063,45008,1417
/proc/stat,1749209785061,543116,89172
/proc/8022/stat,1749209785062,45114,1427
/proc/stat,1749209786061,543232,89176
/proc/8022/stat,1749209786063,45229,1427
/proc/stat,1749209787061,543351,89180
/proc/8022/stat,1749209787063,45345,1427
/proc/stat,1749209788061,543467,89184
/proc/8022/stat,1749209788063,45461,1428
/proc/stat,1749209789061,543578,89195
/proc/8022/stat,1749209789062,45571,1434
/proc/stat,1749209790061,543678,89200
/proc/8022/stat,1749209790063,45669,1436
/proc/stat,1749209791061,543812,89204
/proc/8022/stat,1749209791063,45802,1437
/proc/stat,1749209792061,543942,89208
/proc/8022/stat,1749209792063,45928,1437
/proc/stat,1749209793062,544061,89212
/proc/8022/stat,1749209793064,46045,1437
/proc/stat,1749209794062,544164,89216
/proc/8022/stat,1749209794063,46145,1437
/proc/stat,1749209795061,544281,89221
/proc/8022/stat,1749209795064,46260,1438
/proc/stat,1749209796060,544399,89225
/proc/8022/stat,1749209796062,46377,1438
/proc/stat,1749209797061,544522,89229
/proc/8022/stat,1749209797063,46496,1438
/proc/stat,1749209798062,544623,89233
/proc/8022/stat,1749209798064,46597,1438
/proc/stat,1749209799062,544729,89249
/proc/8022/stat,1749209799063,46703,1451
/proc/stat,1749209800061,544850,89254
/proc/8022/stat,1749209800063,46822,1451
/proc/stat,1749209801061,544950,89259
/proc/8022/stat,1749209801062,46922,1451
/proc/stat,1749209802061,545072,89262
/proc/8022/stat,1749209802063,47043,1451
/proc/stat,1749209803063,545176,89267
/proc/8022/stat,1749209803065,47144,1451
/proc/stat,1749209804062,545280,89270
/proc/8022/stat,1749209804064,47244,1451
/proc/stat,1749209805081,545406,89290
/proc/8022/stat,1749209805083,47369,1467
/proc/stat,1749209806063,545586,89320
/proc/8022/stat,1749209806065,47548,1494
/proc/stat,1749209807063,545780,89332
/proc/8022/stat,1749209807065,47740,1503
/proc/stat,1749209808062,545980,89341
/proc/8022/stat,1749209808064,47938,1509
/proc/stat,1749209809063,546183,89348
/proc/8022/stat,1749209809065,48141,1512
/proc/stat,1749209810063,546381,89359
/proc/8022/stat,1749209810065,48338,1520
/proc/stat,1749209811063,546588,89362
/proc/8022/stat,1749209811065,48543,1521
/proc/stat,1749209812073,546790,89376
/proc/8022/stat,1749209812075,48743,1532
/proc/stat,1749209813063,547004,89380
/proc/8022/stat,1749209813065,48952,1532
/proc/stat,1749209814060,547164,89384
/proc/8022/stat,1749209814062,49109,1532
/proc/stat,1749209815060,547279,89396
/proc/8022/stat,1749209815062,49222,1541
/proc/stat,1749209816064,547400,89399
/proc/8022/stat,1749209816066,49339,1541
/proc/stat,1749209817061,547516,89403
/proc/8022/stat,1749209817063,49454,1542
/proc/stat,1749209818061,547635,89406
/proc/8022/stat,1749209818063,49570,1542
/proc/stat,1749209819061,547748,89417
/proc/8022/stat,1749209819063,49679,1550
/proc/stat,1749209820062,547848,89423
/proc/8022/stat,1749209820064,49777,1553
/proc/stat,1749209821063,547964,89426
/proc/8022/stat,1749209821065,49892,1553
/proc/stat,1749209822063,548099,89430
/proc/8022/stat,1749209822064,50024,1553
/proc/stat,1749209823061,548225,89436
/proc/8022/stat,1749209823063,50148,1554
/proc/stat,1749209824061,548341,89440
/proc/8022/stat,1749209824063,50263,1556
/proc/stat,1749209825061,548442,89445
/proc/8022/stat,1749209825063,50363,1556
/proc/stat,1749209826062,548558,89459
/proc/8022/stat,1749209826064,50469,1568
/proc/stat,1749209827085,548684,89463
/proc/8022/stat,1749209827086,50590,1568
/proc/stat,1749209828062,548802,89468
/proc/8022/stat,1749209828064,50688,1568
/proc/stat,1749209829061,548922,89471
/proc/8022/stat,1749209829063,50805,1568
/proc/stat,1749209830077,549045,89476
/proc/8022/stat,1749209830079,50925,1568
/proc/stat,1749209831061,549146,89480
/proc/8022/stat,1749209831063,51024,1568
/proc/stat,1749209832062,549267,89484
/proc/8022/stat,1749209832064,51143,1568
/proc/stat,1749209833061,549370,89486
/proc/8022/stat,1749209833063,51243,1568
/proc/stat,1749209834061,549492,89492
/proc/8022/stat,1749209834063,51366,1568
/proc/stat,1749209835061,549596,89495
/proc/8022/stat,1749209835063,51466,1568
/proc/stat,1749209836064,549755,89532
/proc/8022/stat,1749209836065,51621,1601
/proc/stat,1749209837061,549940,89550
/proc/8022/stat,1749209837063,51806,1615
/proc/stat,1749209838063,550142,89555
/proc/8022/stat,1749209838065,52006,1618
/proc/stat,1749209839062,550342,89565
/proc/8022/stat,1749209839064,52203,1625
/proc/stat,1749209840063,550548,89568
/proc/8022/stat,1749209840065,52408,1626
/proc/stat,1749209841063,550748,89579
/proc/8022/stat,1749209841065,52607,1634
/proc/stat,1749209842063,550954,89583
/proc/8022/stat,1749209842065,52814,1634
/proc/stat,1749209843062,551158,89598
/proc/8022/stat,1749209843063,53013,1644
/proc/stat,1749209844060,551336,89602
/proc/8022/stat,1749209844062,53193,1644
/proc/stat,1749209845066,551472,89607
/proc/8022/stat,1749209845068,53325,1646
/proc/stat,1749209846059,551562,89622
/proc/8022/stat,1749209846061,53413,1656
/proc/stat,1749209847059,551678,89626
/proc/8022/stat,1749209847061,53526,1657
/proc/stat,1749209848060,551794,89630
/proc/8022/stat,1749209848062,53640,1657
/proc/stat,1749209849060,551914,89632
/proc/8022/stat,1749209849062,53755,1657
/proc/stat,1749209850060,552028,89640
/proc/8022/stat,1749209850062,53866,1662
/proc/stat,1749209851059,552124,89650
/proc/8022/stat,1749209851061,53960,1668
/proc/stat,1749209852060,552258,89652
/proc/8022/stat,1749209852061,54091,1668
/proc/stat,1749209853060,552388,89654
/proc/8022/stat,1749209853062,54216,1668
/proc/stat,1749209854060,552490,89658
/proc/8022/stat,1749209854061,54316,1668
/proc/stat,1749209855059,552605,89662
/proc/8022/stat,1749209855061,54431,1669
/proc/stat,1749209856061,552722,89668
/proc/8022/stat,1749209856062,54547,1669
/proc/stat,1749209857091,552845,89670
/proc/8022/stat,1749209857093,54668,1669
/proc/stat,1749209858059,552944,89673
/proc/8022/stat,1749209858061,54765,1669
/proc/stat,1749209859060,553054,89690
/proc/8022/stat,1749209859062,54868,1683
/proc/stat,1749209860059,553156,89696
/proc/8022/stat,1749209860061,54965,1686
/proc/stat,1749209861064,553281,89700
/proc/8022/stat,1749209861066,55084,1686
/proc/stat,1749209862062,553402,89702
/proc/8022/stat,1749209862064,55203,1686
/proc/stat,1749209863061,553505,89706
/proc/8022/stat,1749209863063,55303,1686
/proc/stat,1749209864062,553639,89712
/proc/8022/stat,1749209864064,55435,1686
/proc/stat,1749209865062,553745,89718
/proc/8022/stat,1749209865063,55540,1686
/proc/stat,1749209866094,553880,89738
/proc/8022/stat,1749209866096,55667,1702
/proc/stat,1749209867067,554057,89770
/proc/8022/stat,1749209867069,55840,1730
/proc/stat,1749209868068,554268,89783
/proc/8022/stat,1749209868070,56029,1741
/proc/stat,1749209869062,554468,89792
/proc/8022/stat,1749209869064,56225,1747
/proc/stat,1749209870063,554673,89797
/proc/8022/stat,1749209870065,56429,1748
/proc/stat,1749209871067,554868,89809
/proc/8022/stat,1749209871068,56624,1759
/proc/stat,1749209872063,555096,89811
/proc/8022/stat,1749209872065,56830,1759
/proc/stat,1749209873063,555295,89823
/proc/8022/stat,1749209873065,57029,1770
/proc/stat,1749209874063,555504,89827
/proc/8022/stat,1749209874065,57240,1771
/proc/stat,1749209875060,555673,89830
/proc/8022/stat,1749209875061,57405,1772
/proc/stat,1749209876060,555788,89841
/proc/8022/stat,1749209876061,57518,1782
/proc/stat,1749209877063,555905,89845
/proc/8022/stat,1749209877065,57634,1783
/proc/stat,1749209878060,556026,89849
/proc/8022/stat,1749209878061,57748,1784
/proc/stat,1749209879060,556143,89852
/proc/8022/stat,1749209879062,57863,1785
/proc/stat,1749209880060,556260,89857
/proc/8022/stat,1749209880061,57976,1788
/proc/stat,1749209881063,556358,89868
/proc/8022/stat,1749209881064,58067,1797
/proc/stat,1749209882061,556489,89872
/proc/8022/stat,1749209882063,58197,1798
/proc/stat,1749209883062,556614,89877
/proc/8022/stat,1749209883063,58320,1798
/proc/stat,1749209884060,556719,89884
/proc/8022/stat,1749209884061,58420,1798
/proc/stat,1749209885061,556839,89890
/proc/8022/stat,1749209885063,58536,1798
/proc/stat,1749209886061,556959,89894
/proc/8022/stat,1749209886063,58652,1799
/proc/stat,1749209887059,557082,89898
/proc/8022/stat,1749209887061,58768,1799
/proc/stat,1749209888061,557201,89904
/proc/8022/stat,1749209888063,58886,1801
/proc/stat,1749209889061,557286,89924
/proc/8022/stat,1749209889063,58969,1817
/proc/stat,1749209890060,557409,89926
/proc/8022/stat,1749209890062,59088,1817
/proc/stat,1749209891061,557513,89929
/proc/8022/stat,1749209891062,59187,1817
/proc/stat,1749209892061,557634,89933
/proc/8022/stat,1749209892062,59307,1817
/proc/stat,1749209893061,557758,89937
/proc/8022/stat,1749209893062,59427,1817
/proc/stat,1749209894060,557863,89940
/proc/8022/stat,1749209894062,59527,1817
/proc/stat,1749209895062,558015,89946
/proc/8022/stat,1749209895064,59679,1818
/proc/stat,1749209896060,558130,89949
/proc/8022/stat,1749209896061,59791,1818
/proc/stat,1749209897061,558271,89982
/proc/8022/stat,1749209897062,59933,1848
/proc/stat,1749209898062,558466,89993
/proc/8022/stat,1749209898064,60126,1856
/proc/stat,1749209899064,558668,89998
/proc/8022/stat,1749209899066,60326,1857
/proc/stat,1749209900061,558865,90009
/proc/8022/stat,1749209900063,60524,1864
/proc/stat,1749209901063,559065,90021
/proc/8022/stat,1749209901065,60723,1873
/proc/stat,1749209902064,559274,90027
/proc/8022/stat,1749209902066,60929,1874
/proc/stat,1749209903064,559481,90042
/proc/8022/stat,1749209903066,61127,1885
/proc/stat,1749209904060,559692,90046
/proc/8022/stat,1749209904062,61336,1886
/proc/stat,1749209905059,559836,90050
/proc/8022/stat,1749209905061,61481,1886
/proc/stat,1749209906060,559946,90061
/proc/8022/stat,1749209906062,61588,1894
/proc/stat,1749209907061,560059,90069
/proc/8022/stat,1749209907062,61699,1898
/proc/stat,1749209908060,560176,90072
/proc/8022/stat,1749209908061,61814,1898
/proc/stat,1749209909061,560279,90075
/proc/8022/stat,1749209909063,61914,1898
/proc/stat,1749209910060,560394,90080
/proc/8022/stat,1749209910062,62030,1898
/proc/stat,1749209911061,560499,90096
/proc/8022/stat,1749209911062,62132,1912
/proc/stat,1749209912061,560631,90101
/proc/8022/stat,1749209912063,62262,1913
/proc/stat,1749209913059,560733,90104
/proc/8022/stat,1749209913061,62362,1913
/proc/stat,1749209914059,560863,90108
/proc/8022/stat,1749209914061,62488,1913
/proc/stat,1749209915061,560982,90110
/proc/8022/stat,1749209915062,62605,1913
/proc/stat,1749209916068,561101,90114
/proc/8022/stat,1749209916070,62722,1914
/proc/stat,1749209917060,561202,90118
/proc/8022/stat,1749209917061,62822,1914
/proc/stat,1749209918059,561320,90120
/proc/8022/stat,1749209918061,62939,1914
/proc/stat,1749209919059,561443,90123
/proc/8022/stat,1749209919060,63059,1914
/proc/stat,1749209920062,561545,90128
/proc/8022/stat,1749209920063,63160,1914
/proc/stat,1749209921060,561658,90147
/proc/8022/stat,1749209921061,63266,1927
/proc/stat,1749209922076,561779,90153
/proc/8022/stat,1749209922077,63387,1927
/proc/stat,1749209923059,561880,90156
/proc/8022/stat,1749209923061,63485,1927
/proc/stat,1749209924061,561999,90162
/proc/8022/stat,1749209924062,63603,1928
/proc/stat,1749209925060,562103,90164
/proc/8022/stat,1749209925062,63704,1928
/proc/stat,1749209926061,562212,90168
/proc/8022/stat,1749209926063,63803,1928
/proc/stat,1749209927062,562375,90209
/proc/8022/stat,1749209927064,63970,1965
/proc/stat,1749209928061,562567,90222
/proc/8022/stat,1749209928062,64160,1975
/proc/stat,1749209929062,562772,90227
/proc/8022/stat,1749209929063,64364,1978
/proc/stat,1749209930061,562973,90236
/proc/8022/stat,1749209930063,64564,1983
/proc/stat,1749209931065,563173,90249
/proc/8022/stat,1749209931067,64761,1992
/proc/stat,1749209932074,563389,90253
/proc/8022/stat,1749209932076,64976,1993
/proc/stat,1749209933063,563612,90271
/proc/8022/stat,1749209933065,65164,2007
/proc/stat,1749209934062,563826,90274
/proc/8022/stat,1749209934064,65375,2008
/proc/stat,1749209935060,563970,90279
/proc/8022/stat,1749209935061,65518,2008
/proc/stat,1749209936060,564079,90292
/proc/8022/stat,1749209936061,65624,2018
/proc/stat,1749209937060,564195,90296
/proc/8022/stat,1749209937061,65739,2018
/proc/stat,1749209938064,564395,90300
/proc/8022/stat,1749209938067,65856,2018
/proc/stat,1749209939062,564518,90304
/proc/8022/stat,1749209939064,65972,2018
/proc/stat,1749209940078,564634,90306
/proc/8022/stat,1749209940085,66088,2018
/proc/stat,1749209941060,564730,90319
/proc/8022/stat,1749209941063,66178,2027
/proc/stat,1749209942060,564863,90322
/proc/8022/stat,1749209942062,66309,2027
/proc/stat,1749209943096,564993,90327
/proc/8022/stat,1749209943097,66438,2029
/proc/stat,1749209944060,565093,90331
/proc/8022/stat,1749209944062,66534,2029
/proc/stat,1749209945060,565214,90336
/proc/8022/stat,1749209945061,66650,2029
/proc/stat,1749209946059,565332,90340
/proc/8022/stat,1749209946061,66767,2029
/proc/stat,1749209947069,565452,90343
/proc/8022/stat,1749209947070,66884,2029
/proc/stat,1749209948059,565553,90345
/proc/8022/stat,1749209948060,66984,2029
/proc/stat,1749209949059,565664,90358
/proc/8022/stat,1749209949061,67093,2038
/proc/stat,1749209950059,565766,90363
/proc/8022/stat,1749209950060,67192,2039
/proc/stat,1749209951060,565887,90366
/proc/8022/stat,1749209951061,67311,2039
/proc/stat,1749209952060,566007,90369
/proc/8022/stat,1749209952061,67428,2040
/proc/stat,1749209953059,566109,90372
/proc/8022/stat,1749209953060,67528,2040
/proc/stat,1749209954059,566230,90376
/proc/8022/stat,1749209954061,67648,2040
/proc/stat,1749209955058,566413,90379
/proc/8022/stat,1749209955060,67748,2040
/proc/stat,1749209956060,566514,90383
/proc/8022/stat,1749209956062,67848,2040
/proc/stat,1749209957065,566691,90424
/proc/8022/stat,1749209957067,68027,2077
/proc/stat,1749209958062,566886,90433
/proc/8022/stat,1749209958064,68221,2082
/proc/stat,1749209959063,567087,90438
/proc/8022/stat,1749209959064,68422,2083
/proc/stat,1749209960063,567288,90450
/proc/8022/stat,1749209960064,68622,2089
/proc/stat,1749209961061,567498,90465
/proc/8022/stat,1749209961063,68825,2092
/proc/stat,1749209962067,567704,90484
/proc/8022/stat,1749209962069,69026,2101
/proc/stat,1749209963067,567918,90491
/proc/8022/stat,1749209963069,69236,2102
/proc/stat,1749209964062,568115,90503
/proc/8022/stat,1749209964064,69431,2110
/proc/stat,1749209965077,568325,90512
/proc/8022/stat,1749209965079,69642,2111
/proc/stat,1749209966060,568440,90520
/proc/8022/stat,1749209966062,69750,2116
/proc/stat,1749209967060,568537,90528
/proc/8022/stat,1749209967061,69845,2122
/proc/stat,1749209968061,568654,90532
/proc/8022/stat,1749209968063,69960,2122
/proc/stat,1749209969061,568770,90535
/proc/8022/stat,1749209969063,70076,2122
/proc/stat,1749209970062,568886,90539
/proc/8022/stat,1749209970063,70192,2122
/proc/stat,1749209971062,568996,90558
/proc/8022/stat,1749209971063,70298,2134
/proc/stat,1749209972061,569100,90562
/proc/8022/stat,1749209972063,70398,2134
/proc/stat,1749209973061,569233,90566
/proc/8022/stat,1749209973063,70530,2134
/proc/stat,1749209974061,569364,90570
/proc/8022/stat,1749209974063,70657,2134
/proc/stat,1749209975059,569483,90574
/proc/8022/stat,1749209975061,70773,2134
/proc/stat,1749209976060,569602,90578
/proc/8022/stat,1749209976062,70890,2134
/proc/stat,1749209977061,569705,90581
/proc/8022/stat,1749209977063,70990,2134
/proc/stat,1749209978062,569825,90584
/proc/8022/stat,1749209978063,71107,2134
/proc/stat,1749209979061,569936,90598
/proc/8022/stat,1749209979062,71215,2144
/proc/stat,1749209980061,570033,90607
/proc/8022/stat,1749209980063,71310,2149
/proc/stat,1749209981061,570154,90611
/proc/8022/stat,1749209981063,71427,2150
/proc/stat,1749209982082,570273,90615
/proc/8022/stat,1749209982085,71544,2150
/proc/stat,1749209983061,570378,90618
/proc/8022/stat,1749209983063,71646,2150
/proc/stat,1749209984062,570502,90622
/proc/8022/stat,1749209984063,71766,2151
/proc/stat,1749209985063,570604,90625
/proc/8022/stat,1749209985065,71867,2151
/proc/stat,1749209986058,570705,90629
/proc/8022/stat,1749209986060,71967,2151
/proc/stat,1749209987088,570832,90652
/proc/8022/stat,1749209987089,72096,2170
/proc/stat,1749209988066,571007,90680
/proc/8022/stat,1749209988068,72273,2194
/proc/stat,1749209989063,571200,90694
/proc/8022/stat,1749209989064,72465,2204
/proc/stat,1749209990062,571388,90710
/proc/8022/stat,1749209990064,72653,2217
/proc/stat,1749209991077,571596,90716
/proc/8022/stat,1749209991085,72862,2219
/proc/stat,1749209992062,571786,90732
/proc/8022/stat,1749209992071,73049,2230
/proc/stat,1749209993066,572000,90737
/proc/8022/stat,1749209993068,73257,2230
/proc/stat,1749209994066,572205,90750
/proc/8022/stat,1749209994068,73457,2240
/proc/stat,1749209995074,572420,90756
/proc/8022/stat,1749209995076,73665,2240
/proc/stat,1749209996066,572558,90760
/proc/8022/stat,1749209996068,73797,2241
/proc/stat,1749209997079,572700,90766
/proc/8022/stat,1749209997080,73934,2244
/proc/stat,1749209998059,572790,90779
/proc/8022/stat,1749209998060,74023,2253
/proc/stat,1749209999062,572909,90783
/proc/8022/stat,1749209999064,74138,2253
/proc/stat,1749210000058,573025,90786
/proc/8022/stat,1749210000060,74252,2254
/proc/stat,1749210001060,573146,90795
/proc/8022/stat,1749210001062,74368,2254
/proc/stat,1749210002096,573284,90805
/proc/8022/stat,1749210002098,74502,2255
/proc/stat,1749210003059,573372,90820
/proc/8022/stat,1749210003060,74588,2266
/proc/stat,1749210004059,573498,90826
/proc/8022/stat,1749210004061,74712,2266
/proc/stat,1749210005083,573616,90828
/proc/8022/stat,1749210005084,74829,2266
/proc/stat,1749210006059,573716,90831
/proc/8022/stat,1749210006061,74927,2266
/proc/stat,1749210007059,573833,90834
/proc/8022/stat,1749210007061,75042,2266
/proc/stat,1749210008059,573952,90837
/proc/8022/stat,1749210008061,75159,2266
/proc/stat,1749210009058,574054,90839
/proc/8022/stat,1749210009060,75259,2266
/proc/stat,1749210010058,574172,90843
/proc/8022/stat,1749210010060,75378,2266
/proc/stat,1749210011059,574290,90847
/proc/8022/stat,1749210011060,75495,2266
/proc/stat,1749210012090,574411,90851
/proc/8022/stat,1749210012091,75616,2267
/proc/stat,1749210013059,574496,90868
/proc/8022/stat,1749210013060,75699,2281
/proc/stat,1749210014081,574618,90873
/proc/8022/stat,1749210014082,75821,2281
/proc/stat,1749210015058,574719,90877
/proc/8022/stat,1749210015060,75919,2281
/proc/stat,1749210016059,574821,90880
/proc/8022/stat,1749210016061,76019,2281
/proc/stat,1749210017059,574921,90884
/proc/8022/stat,1749210017060,76119,2281
/proc/stat,1749210018062,575087,90921
/proc/8022/stat,1749210018064,76282,2315
/proc/stat,1749210019069,575277,90937
/proc/8022/stat,1749210019071,76471,2327
/proc/stat,1749210020063,575472,90947
/proc/8022/stat,1749210020065,76666,2333
/proc/stat,1749210021063,575666,90965
/proc/8022/stat,1749210021065,76858,2346
/proc/stat,1749210022063,575873,90970
/proc/8022/stat,1749210022064,77063,2346
/proc/stat,1749210023062,576072,90982
/proc/8022/stat,1749210023064,77261,2355
/proc/stat,1749210024063,576282,90987
/proc/8022/stat,1749210024064,77469,2355
/proc/stat,1749210025062,576479,91003
/proc/8022/stat,1749210025064,77668,2368
/proc/stat,1749210026064,576690,91007
/proc/8022/stat,1749210026066,77874,2369
/proc/stat,1749210027059,576821,91010
/proc/8022/stat,1749210027061,78002,2369
/proc/stat,1749210028059,576930,91021
/proc/8022/stat,1749210028060,78110,2377
/proc/stat,1749210029059,577049,91024
/proc/8022/stat,1749210029060,78225,2377
/proc/stat,1749210030058,577165,91029
/proc/8022/stat,1749210030060,78340,2379
/proc/stat,1749210031058,577284,91032
/proc/8022/stat,1749210031059,78457,2379
/proc/stat,1749210032059,577394,91042
/proc/8022/stat,1749210032060,78566,2385
/proc/stat,1749210033059,577493,91048
/proc/8022/stat,1749210033060,78664,2387
/proc/stat,1749210034059,577625,91052
/proc/8022/stat,1749210034061,78796,2389
/proc/stat,1749210035058,577755,91055
/proc/8022/stat,1749210035060,78922,2389
/proc/stat,1749210036058,577871,91060
/proc/8022/stat,1749210036060,79038,2389
/proc/stat,1749210037058,577973,91062
/proc/8022/stat,1749210037060,79138,2389
/proc/stat,1749210038058,578091,91066
/proc/8022/stat,1749210038060,79255,2389
/proc/stat,1749210039058,578210,91069
/proc/8022/stat,1749210039060,79372,2389
/proc/stat,1749210040061,578332,91073
/proc/8022/stat,1749210040062,79492,2389
/proc/stat,1749210041059,578433,91076
/proc/8022/stat,1749210041060,79592,2389
/proc/stat,1749210042059,578540,91093
/proc/8022/stat,1749210042060,79696,2403
/proc/stat,1749210043060,578663,91096
/proc/8022/stat,1749210043061,79816,2403
/proc/stat,1749210044059,578764,91098
/proc/8022/stat,1749210044060,79916,2403
/proc/stat,1749210045059,578887,91100
/proc/8022/stat,1749210045060,80035,2405
/proc/stat,1749210046059,578991,91111
/proc/8022/stat,1749210046060,80135,2405
/proc/stat,1749210047058,579099,91120
/proc/8022/stat,1749210047060,80235,2405
/proc/stat,1749210048062,579214,91136
/proc/8022/stat,1749210048064,80351,2415
/proc/stat,1749210049063,579392,91180
/proc/8022/stat,1749210049064,80525,2448
/proc/stat,1749210050064,579590,91196
/proc/8022/stat,1749210050066,80718,2457
/proc/stat,1749210051068,579791,91204
/proc/8022/stat,1749210051070,80919,2459
/proc/stat,1749210052063,579988,91217
/proc/8022/stat,1749210052064,81114,2468
/proc/stat,1749210053061,580182,91230
/proc/8022/stat,1749210053063,81307,2478
/proc/stat,1749210054062,580389,91233
/proc/8022/stat,1749210054064,81515,2479
/proc/stat,1749210055061,580592,91244
/proc/8022/stat,1749210055062,81716,2486
/proc/stat,1749210056062,580794,91250
/proc/8022/stat,1749210056064,81920,2489
/proc/stat,1749210057060,580979,91254
/proc/8022/stat,1749210057061,82103,2489
/proc/stat,1749210058060,581091,91261
/proc/8022/stat,1749210058061,82215,2492
/proc/stat,1749210059059,581187,91269
/proc/8022/stat,1749210059060,82309,2498
/proc/stat,1749210060062,581301,91273
/proc/8022/stat,1749210060064,82423,2499
/proc/stat,1749210061059,581417,91275
/proc/8022/stat,1749210061060,82537,2499
/proc/stat,1749210062058,581533,91278
/proc/8022/stat,1749210062060,82651,2499
/proc/stat,1749210063059,581635,91295
/proc/8022/stat,1749210063060,82751,2513
/proc/stat,1749210064060,581738,91298
/proc/8022/stat,1749210064061,82852,2513
/proc/stat,1749210065060,581868,91301
/proc/8022/stat,1749210065062,82981,2513
/proc/stat,1749210066059,581995,91304
/proc/8022/stat,1749210066060,83105,2514
/proc/stat,1749210067059,582111,91308
/proc/8022/stat,1749210067060,83220,2515
/proc/stat,1749210068059,582213,91311
/proc/8022/stat,1749210068061,83320,2515
/proc/stat,1749210069059,582328,91314
/proc/8022/stat,1749210069060,83436,2515
/proc/stat,1749210070059,582446,91319
/proc/8022/stat,1749210070061,83550,2516
/proc/stat,1749210071059,582562,91327
/proc/8022/stat,1749210071061,83664,2521
/proc/stat,1749210072059,582655,91338
/proc/8022/stat,1749210072060,83755,2530
/proc/stat,1749210073059,582776,91341
/proc/8022/stat,1749210073060,83873,2530
/proc/stat,1749210074059,582878,91344
/proc/8022/stat,1749210074061,83973,2530
/proc/stat,1749210075059,582997,91348
/proc/8022/stat,1749210075061,84091,2531
/proc/stat,1749210076058,583119,91352
/proc/8022/stat,1749210076060,84211,2531
/proc/stat,1749210077059,583221,91355
/proc/8022/stat,1749210077060,84311,2531
/proc/stat,1749210078059,583323,91358
/proc/8022/stat,1749210078060,84412,2531
/proc/stat,1749210079061,583476,91388
/proc/8022/stat,1749210079062,84559,2558
/proc/stat,1749210080063,583654,91415
/proc/8022/stat,1749210080065,84738,2581
/proc/stat,1749210081063,583854,91424
/proc/8022/stat,1749210081065,84934,2587
/proc/stat,1749210082063,584050,91437
/proc/8022/stat,1749210082065,85128,2596
/proc/stat,1749210083063,584258,91442
/proc/8022/stat,1749210083065,85335,2597
/proc/stat,1749210084062,584454,91458
/proc/8022/stat,1749210084063,85529,2609
/proc/stat,1749210085062,584662,91461
/proc/8022/stat,1749210085064,85738,2609
/proc/stat,1749210086062,584858,91478
/proc/8022/stat,1749210086064,85934,2623
/proc/stat,1749210087062,585067,91483
/proc/8022/stat,1749210087064,86139,2624
/proc/stat,1749210088085,585220,91490
/proc/8022/stat,1749210088087,86292,2625
/proc/stat,1749210089059,585308,91504
/proc/8022/stat,1749210089060,86379,2635
/proc/stat,1749210090059,585427,91507
/proc/8022/stat,1749210090060,86496,2635
/proc/stat,1749210091059,585546,91510
/proc/8022/stat,1749210091060,86612,2635
/proc/stat,1749210092059,585664,91513
/proc/8022/stat,1749210092060,86728,2636
/proc/stat,1749210093058,585772,91528
/proc/8022/stat,1749210093060,86834,2647
/proc/stat,1749210094058,585887,91536
/proc/8022/stat,1749210094060,86948,2648
/proc/stat,1749210095059,585992,91542
/proc/8022/stat,1749210095061,87049,2648
/proc/stat,1749210096059,586126,91546
/proc/8022/stat,1749210096060,87180,2648
/proc/stat,1749210097058,586252,91552
/proc/8022/stat,1749210097060,87305,2649
/proc/stat,1749210098059,586370,91556
/proc/8022/stat,1749210098060,87421,2649
/proc/stat,1749210099059,586486,91561
/proc/8022/stat,1749210099061,87536,2651
/proc/stat,1749210100059,586574,91577
/proc/8022/stat,1749210100060,87623,2664
/proc/stat,1749210101058,586695,91580
/proc/8022/stat,1749210101060,87742,2665
/proc/stat,1749210102059,586797,91583
/proc/8022/stat,1749210102061,87843,2665
/proc/stat,1749210103059,586918,91587
/proc/8022/stat,1749210103061,87961,2665
/proc/stat,1749210104059,587039,91589
/proc/8022/stat,1749210104061,88081,2665
/proc/stat,1749210105059,587141,91592
/proc/8022/stat,1749210105061,88181,2665
/proc/stat,1749210106059,587262,91596
/proc/8022/stat,1749210106060,88301,2665
/proc/stat,1749210107062,587389,91600
/proc/8022/stat,1749210107063,88425,2665
/proc/stat,1749210108060,587491,91604
/proc/8022/stat,1749210108062,88525,2665
/proc/stat,1749210109060,587593,91606
/proc/8022/stat,1749210109062,88625,2665
/proc/stat,1749210110062,587764,91647
/proc/8022/stat,1749210110064,88799,2704
/proc/stat,1749210111062,587957,91657
/proc/8022/stat,1749210111064,88994,2711
/proc/stat,1749210112062,588159,91662
/proc/8022/stat,1749210112064,89196,2711
/proc/stat,1749210113062,588350,91676
/proc/8022/stat,1749210113064,89388,2723
/proc/stat,1749210114061,588550,91686
/proc/8022/stat,1749210114063,89589,2728
/proc/stat,1749210115065,588757,91693
/proc/8022/stat,1749210115067,89796,2730
/proc/stat,1749210116065,588963,91704
/proc/8022/stat,1749210116067,90000,2736
/proc/stat,1749210117062,589160,91714
/proc/8022/stat,1749210117064,90197,2743
/proc/stat,1749210118061,589358,91718
/proc/8022/stat,1749210118062,90394,2743
/proc/stat,1749210119060,589472,91730
/proc/8022/stat,1749210119062,90507,2751
/proc/stat,1749210120062,589588,91737
/proc/8022/stat,1749210120064,90621,2754
/proc/stat,1749210121096,589713,91741
/proc/8022/stat,1749210121098,90740,2754
/proc/stat,1749210122079,589815,91746
/proc/8022/stat,1749210122081,90839,2754
/proc/stat,1749210123070,589936,91750
/proc/8022/stat,1749210123071,90953,2755
/proc/stat,1749210124081,590051,91768
/proc/8022/stat,1749210124082,91058,2767
/proc/stat,1749210125065,590182,91772
/proc/8022/stat,1749210125067,91185,2767
/proc/stat,1749210126062,590284,91775
/proc/8022/stat,1749210126064,91285,2768
/proc/stat,1749210127061,590412,91779
/proc/8022/stat,1749210127062,91409,2768
/proc/stat,1749210128060,590526,91783
/proc/8022/stat,1749210128062,91525,2768
/proc/stat,1749210129060,590643,91787
/proc/8022/stat,1749210129062,91641,2768
/proc/stat,1749210130061,590744,91791
/proc/8022/stat,1749210130063,91741,2768
/proc/stat,1749210131060,590865,91794
/proc/8022/stat,1749210131062,91857,2768
/proc/stat,1749210132061,590975,91809
/proc/8022/stat,1749210132063,91964,2779
/proc/stat,1749210133061,591076,91814
/proc/8022/stat,1749210133063,92063,2781
/proc/stat,1749210134061,591196,91817
/proc/8022/stat,1749210134063,92180,2781
/proc/stat,1749210135062,591316,91821
/proc/8022/stat,1749210135064,92299,2781
/proc/stat,1749210136062,591418,91825
/proc/8022/stat,1749210136064,92399,2781
/proc/stat,1749210137061,591540,91828
/proc/8022/stat,1749210137063,92518,2781
/proc/stat,1749210138060,591642,91831
/proc/8022/stat,1749210138062,92618,2781
/proc/stat,1749210139089,591800,91837
/proc/8022/stat,1749210139092,92773,2781
/proc/stat,1749210140058,591951,91841
/proc/8022/stat,1749210140060,92924,2781
/proc/stat,1749210141062,592128,91873
/proc/8022/stat,1749210141064,93109,2810
/proc/stat,1749210142062,592320,91886
/proc/8022/stat,1749210142064,93300,2820
/proc/stat,1749210143062,592523,91890
/proc/8022/stat,1749210143064,93504,2821
/proc/stat,1749210144062,592722,91904
/proc/8022/stat,1749210144064,93700,2830
/proc/stat,1749210145062,592919,91918
/proc/8022/stat,1749210145064,93896,2839
/proc/stat,1749210146064,593132,91921
/proc/8022/stat,1749210146066,94105,2839
/proc/stat,1749210147067,593333,91937
/proc/8022/stat,1749210147069,94304,2851
/proc/stat,1749210148062,593540,91950
/proc/8022/stat,1749210148063,94512,2854
/proc/stat,1749210149059,593717,91964
/proc/8022/stat,1749210149060,94685,2855
/proc/stat,1749210150061,593840,91978
/proc/8022/stat,1749210150062,94801,2861
/proc/stat,1749210151059,593960,91984
/proc/8022/stat,1749210151060,94916,2862
/proc/stat,1749210152062,594078,91989
/proc/8022/stat,1749210152063,95033,2862
/proc/stat,1749210153059,594197,91992
/proc/8022/stat,1749210153060,95149,2862
/proc/stat,1749210154059,594315,91996
/proc/8022/stat,1749210154061,95266,2863
/proc/stat,1749210155059,594408,92013
/proc/8022/stat,1749210155061,95353,2875
/proc/stat,1749210156058,594527,92016
/proc/8022/stat,1749210156060,95470,2875
/proc/stat,1749210157059,594662,92020
/proc/8022/stat,1749210157060,95602,2876
/proc/stat,1749210158066,594790,92024
/proc/8022/stat,1749210158068,95728,2876
/proc/stat,1749210159059,594891,92026
/proc/8022/stat,1749210159061,95827,2876
/proc/stat,1749210160059,595006,92029
/proc/8022/stat,1749210160061,95942,2876
/proc/stat,1749210161059,595117,92040
/proc/8022/stat,1749210161061,96050,2884
/proc/stat,1749210162059,595208,92054
/proc/8022/stat,1749210162061,96140,2894
/proc/stat,1749210163061,595326,92059
/proc/8022/stat,1749210163062,96258,2895
/proc/stat,1749210164058,595444,92063
/proc/8022/stat,1749210164060,96376,2895
/proc/stat,1749210165059,595546,92066
/proc/8022/stat,1749210165061,96476,2895
/proc/stat,1749210166059,595666,92070
/proc/8022/stat,1749210166060,96594,2895
/proc/stat,1749210167064,595789,92073
/proc/8022/stat,1749210167065,96713,2895
/proc/stat,1749210168059,595889,92077
/proc/8022/stat,1749210168061,96813,2895
/proc/stat,1749210169059,595990,92081
/proc/8022/stat,1749210169061,96914,2895
/proc/stat,1749210170060,596187,92085
/proc/8022/stat,1749210170061,97110,2896
/proc/stat,1749210171062,596321,92108
/proc/8022/stat,1749210171063,97250,2915
/proc/stat,1749210172071,596516,92122
/proc/8022/stat,1749210172073,97444,2924
/proc/stat,1749210173062,596702,92141
/proc/8022/stat,1749210173064,97630,2939
/proc/stat,1749210174064,596900,92152
/proc/8022/stat,1749210174066,97827,2946
/proc/stat,1749210175063,597109,92156
/proc/8022/stat,1749210175064,98038,2946
/proc/stat,1749210176062,597309,92167
/proc/8022/stat,1749210176064,98239,2952
/proc/stat,1749210177062,597520,92170
/proc/8022/stat,1749210177064,98449,2953
/proc/stat,1749210178062,597716,92182
/proc/8022/stat,1749210178063,98646,2962
/proc/stat,1749210179062,597927,92185
/proc/8022/stat,1749210179064,98858,2962
/proc/stat,1749210180059,598065,92189
/proc/8022/stat,1749210180060,98996,2963
/proc/stat,1749210181059,598178,92198
/proc/8022/stat,1749210181060,99107,2969
/proc/stat,1749210182064,598294,92209
/proc/8022/stat,1749210182065,99218,2974
/proc/stat,1749210183061,598410,92213
/proc/8022/stat,1749210183063,99333,2974
/proc/stat,1749210184059,598511,92216
/proc/8022/stat,1749210184061,99433,2974
/proc/stat,1749210185058,598628,92221
/proc/8022/stat,1749210185060,99550,2974
/proc/stat,1749210186059,598737,92234
/proc/8022/stat,1749210186061,99657,2984
/proc/stat,1749210187068,598868,92243
/proc/8022/stat,1749210187070,99787,2988
/proc/stat,1749210188059,598970,92245
/proc/8022/stat,1749210188061,99886,2988
/proc/stat,1749210189058,599099,92247
/proc/8022/stat,1749210189059,100013,2988
/proc/stat,1749210190059,599218,92251
/proc/8022/stat,1749210190060,100130,2988
/proc/stat,1749210191072,599339,92254
/proc/8022/stat,1749210191074,100248,2988
/proc/stat,1749210192059,599440,92256
/proc/8022/stat,1749210192060,100346,2988
/proc/stat,1749210193058,599551,92266
/proc/8022/stat,1749210193060,100456,2995
/proc/stat,1749210194059,599647,92276
/proc/8022/stat,1749210194060,100550,3001
/proc/stat,1749210195059,599765,92278
/proc/8022/stat,1749210195060,100666,3001
/proc/stat,1749210196084,599888,92282
/proc/8022/stat,1749210196086,100786,3002
/proc/stat,1749210197059,599987,92286
/proc/8022/stat,1749210197060,100884,3002
/proc/stat,1749210198059,600110,92288
/proc/8022/stat,1749210198061,101004,3002
/proc/stat,1749210199059,600212,92291
/proc/8022/stat,1749210199061,101104,3002
/proc/stat,1749210200059,600312,92296
/proc/8022/stat,1749210200061,101204,3002
/proc/stat,1749210201060,600415,92299
/proc/8022/stat,1749210201061,101305,3002
/proc/stat,1749210202060,600599,92342
/proc/8022/stat,1749210202062,101490,3042
/proc/stat,1749210203060,600790,92356
/proc/8022/stat,1749210203062,101679,3054
/proc/stat,1749210204060,600991,92363
/proc/8022/stat,1749210204061,101879,3059
/proc/stat,1749210205060,601192,92374
/proc/8022/stat,1749210205062,102079,3063
/proc/stat,1749210206060,601394,92396
/proc/8022/stat,1749210206062,102277,3072
/proc/stat,1749210207060,601610,92405
/proc/8022/stat,1749210207062,102486,3072
/proc/stat,1749210208061,601812,92427
/proc/8022/stat,1749210208062,102683,3084
/proc/stat,1749210209059,602011,92438
/proc/8022/stat,1749210209060,102884,3085
/proc/stat,1749210210058,602138,92440
/proc/8022/stat,1749210210060,103007,3085
/proc/stat,1749210211060,602249,92453
/proc/8022/stat,1749210211062,103116,3093
/proc/stat,1749210212060,602364,92461
/proc/8022/stat,1749210212061,103228,3097
/proc/stat,1749210213074,602482,92468
/proc/8022/stat,1749210213076,103346,3097
/proc/stat,1749210214061,602583,92473
/proc/8022/stat,1749210214063,103444,3097
/proc/stat,1749210215061,602699,92476
/proc/8022/stat,1749210215062,103560,3097
/proc/stat,1749210216060,602807,92491
/proc/8022/stat,1749210216062,103666,3108
/proc/stat,1749210217093,602946,92496
/proc/8022/stat,1749210217095,103801,3109
/proc/stat,1749210218059,603044,92500
/proc/8022/stat,1749210218060,103898,3109
/proc/stat,1749210219061,603174,92503
/proc/8022/stat,1749210219063,104024,3109
/proc/stat,1749210220060,603290,92508
/proc/8022/stat,1749210220062,104138,3110
/proc/stat,1749210221060,603391,92512
/proc/8022/stat,1749210221062,104238,3110
/proc/stat,1749210222061,603510,92516
/proc/8022/stat,1749210222063,104354,3110
/proc/stat,1749210223061,603629,92519
/proc/8022/stat,1749210223062,104472,3110
/proc/stat,1749210224059,603744,92527
/proc/8022/stat,1749210224060,104586,3113
/proc/stat,1749210225061,603839,92538
/proc/8022/stat,1749210225062,104679,3120
/proc/stat,1749210226059,603962,92542
/proc/8022/stat,1749210226061,104798,3121
/proc/stat,1749210227061,604064,92546
/proc/8022/stat,1749210227062,104898,3121
/proc/stat,1749210228058,604185,92548
/proc/8022/stat,1749210228060,105017,3121
/proc/stat,1749210229059,604285,92553
/proc/8022/stat,1749210229060,105117,3121
/proc/stat,1749210230058,604386,92556
/proc/8022/stat,1749210230059,105218,3121
/proc/stat,1749210231064,604533,92575
/proc/8022/stat,1749210231066,105365,3136
/proc/stat,1749210232062,604714,92604
/proc/8022/stat,1749210232063,105547,3162
/proc/stat,1749210233063,604910,92615
/proc/8022/stat,1749210233065,105741,3169
/proc/stat,1749210234062,605108,92625
/proc/8022/stat,1749210234064,105937,3175
/proc/stat,1749210235062,605312,92628
/proc/8022/stat,1749210235064,106141,3175
/proc/stat,1749210236070,605510,92644
/proc/8022/stat,1749210236072,106338,3188
/proc/stat,1749210237073,605720,92648
/proc/8022/stat,1749210237075,106546,3189
/proc/stat,1749210238062,605910,92664
/proc/8022/stat,1749210238064,106738,3200
/proc/stat,1749210239062,606117,92668
/proc/8022/stat,1749210239063,106948,3200
/proc/stat,1749210240058,606262,92672
/proc/8022/stat,1749210240060,107092,3200
/proc/stat,1749210241059,606375,92682
/proc/8022/stat,1749210241060,107205,3209
/proc/stat,1749210242061,606496,92686
/proc/8022/stat,1749210242063,107321,3209
/proc/stat,1749210243059,606612,92691
/proc/8022/stat,1749210243060,107435,3209
/proc/stat,1749210244058,606728,92694
/proc/8022/stat,1749210244060,107550,3209
/proc/stat,1749210245067,606841,92706
/proc/8022/stat,1749210245068,107658,3218
/proc/stat,1749210246058,606941,92713
/proc/8022/stat,1749210246059,107754,3222
/proc/stat,1749210247059,607074,92716
/proc/8022/stat,1749210247060,107886,3222
/proc/stat,1749210248058,607200,92719
/proc/8022/stat,1749210248060,108011,3222
/proc/stat,1749210249059,607319,92724
/proc/8022/stat,1749210249060,108127,3222
/proc/stat,1749210250061,607422,92728
/proc/8022/stat,1749210250062,108227,3222
/proc/stat,1749210251066,607548,92731
/proc/8022/stat,1749210251068,108343,3224
/proc/stat,1749210252064,607676,92736
/proc/8022/stat,1749210252066,108459,3224
/proc/stat,1749210253059,607800,92739
/proc/8022/stat,1749210253060,108578,3224
/proc/stat,1749210254058,607918,92744
/proc/8022/stat,1749210254059,108694,3225
/proc/stat,1749210255058,608007,92759
/proc/8022/stat,1749210255060,108782,3238
/proc/stat,1749210256058,608127,92764
/proc/8022/stat,1749210256060,108901,3238
/proc/stat,1749210257059,608229,92766
/proc/8022/stat,1749210257060,109001,3238
/proc/stat,1749210258058,608351,92769
/proc/8022/stat,1749210258060,109121,3238
/proc/stat,1749210259058,608473,92771
/proc/8022/stat,1749210259060,109241,3238
/proc/stat,1749210260059,608576,92774
/proc/8022/stat,1749210260060,109341,3239
/proc/stat,1749210261057,608677,92778
/proc/8022/stat,1749210261059,109441,3239
/proc/stat,1749210262059,608736,92811
