SourceFile,Timestamp,userTime (Ticks),systemTime (Ticks)
/proc/stat,1749210449121,134498,26037
/proc/12190/stat,1749210449124,288,14
/proc/stat,1749210450022,134754,26046
/proc/12190/stat,1749210450022,541,21
/proc/stat,1749210451058,135138,26052
/proc/12190/stat,1749210451059,920,25
/proc/stat,1749210452071,135506,26078
/proc/12190/stat,1749210452072,1285,49
/proc/stat,1749210453034,135850,26102
/proc/12190/stat,1749210453035,1629,72
/proc/stat,1749210454069,136218,26136
/proc/12190/stat,1749210454070,1996,104
/proc/stat,1749210455074,136602,26141
/proc/12190/stat,1749210455075,2377,108
/proc/stat,1749210456046,136950,26173
/proc/12190/stat,1749210456047,2721,140
/proc/stat,1749210457044,137324,26181
/proc/12190/stat,1749210457045,3093,146
/proc/stat,1749210458033,137694,26197
/proc/12190/stat,1749210458034,3456,161
/proc/stat,1749210459050,138055,26224
/proc/12190/stat,1749210459050,3815,187
/proc/stat,1749210460076,138419,26255
/proc/12190/stat,1749210460076,4181,218
/proc/stat,1749210461028,138780,26268
/proc/12190/stat,1749210461028,4537,230
/proc/stat,1749210462041,139136,26298
/proc/12190/stat,1749210462042,4892,257
/proc/stat,1749210463066,139509,26314
/proc/12190/stat,1749210463066,5260,272
/proc/stat,1749210464055,139860,26346
/proc/12190/stat,1749210464056,5609,302
/proc/stat,1749210465041,140212,26382
/proc/12190/stat,1749210465042,5956,337
/proc/stat,1749210466055,140594,26390
/proc/12190/stat,1749210466055,6336,344
/proc/stat,1749210467038,140942,26417
/proc/12190/stat,1749210467039,6681,370
/proc/stat,1749210468039,141317,26434
/proc/12190/stat,1749210468040,7053,386
/proc/stat,1749210469053,141688,26463
/proc/12190/stat,1749210469054,7421,413
/proc/stat,1749210470072,142079,26472
/proc/12190/stat,1749210470073,7811,421
/proc/stat,1749210471045,142428,26503
/proc/12190/stat,1749210471046,8154,451
/proc/stat,1749210472061,142817,26506
/proc/12190/stat,1749210472061,8541,454
/proc/stat,1749210473053,143180,26530
/proc/12190/stat,1749210473054,8900,475
/proc/stat,1749210474062,143527,26568
/proc/12190/stat,1749210474062,9249,512
/proc/stat,1749210475054,143903,26578
/proc/12190/stat,1749210475054,9622,521
/proc/stat,1749210476046,144252,26616
/proc/12190/stat,1749210476047,9969,556
/proc/stat,1749210477069,144626,26631
/proc/12190/stat,1749210477069,10342,570
/proc/stat,1749210478041,144972,26658
/proc/12190/stat,1749210478042,10690,595
/proc/stat,1749210479058,145328,26693
/proc/12190/stat,1749210479058,11044,630
/proc/stat,1749210480049,145708,26705
/proc/12190/stat,1749210480049,11421,639
/proc/stat,1749210481043,146074,26719
/proc/12190/stat,1749210481044,11789,651
/proc/stat,1749210482063,146445,26743
/proc/12190/stat,1749210482063,12157,674
/proc/stat,1749210483050,146798,26775
/proc/12190/stat,1749210483051,12509,705
/proc/stat,1749210484045,147149,26816
/proc/12190/stat,1749210484045,12857,743
/proc/stat,1749210485052,147534,26823
/proc/12190/stat,1749210485054,13244,748
/proc/stat,1749210486034,147877,26857
/proc/12190/stat,1749210486035,13583,780
/proc/stat,1749210487056,148264,26865
/proc/12190/stat,1749210487056,13969,787
/proc/stat,1749210488042,148623,26893
/proc/12190/stat,1749210488042,14326,813
/proc/stat,1749210489060,148975,26928
/proc/12190/stat,1749210489061,14677,847
/proc/stat,1749210490050,149358,26933
/proc/12190/stat,1749210490051,15058,852
/proc/stat,1749210491037,149700,26974
/proc/12190/stat,1749210491037,15398,890
/proc/stat,1749210492071,150092,26986
/proc/12190/stat,1749210492071,15787,901
/proc/stat,1749210493055,150435,27018
/proc/12190/stat,1749210493056,16129,930
/proc/stat,1749210494075,150805,27041
/proc/12190/stat,1749210494076,16499,952
/proc/stat,1749210495052,151179,27048
/proc/12190/stat,1749210495053,16874,957
/proc/stat,1749210496046,151556,27059
/proc/12190/stat,1749210496047,17250,965
/proc/stat,1749210497049,151915,27096
/proc/12190/stat,1749210497050,17607,1000
/proc/stat,1749210498035,152284,27109
/proc/12190/stat,1749210498036,17975,1011
/proc/stat,1749210499071,152632,27160
/proc/12190/stat,1749210499071,18320,1058
/proc/stat,1749210500074,153016,27169
/proc/12190/stat,1749210500074,18701,1066
/proc/stat,1749210501074,153381,27184
/proc/12190/stat,1749210501074,19068,1079
/proc/stat,1749210502039,153726,27217
/proc/12190/stat,1749210502040,19410,1111
/proc/stat,1749210503040,154111,27226
/proc/12190/stat,1749210503040,19794,1119
/proc/stat,1749210504061,154454,27278
/proc/12190/stat,1749210504062,20135,1168
/proc/stat,1749210505064,154826,27291
/proc/12190/stat,1749210505065,20507,1179
/proc/stat,1749210506059,155198,27305
/proc/12190/stat,1749210506059,20875,1191
/proc/stat,1749210507067,155556,27335
/proc/12190/stat,1749210507067,21233,1219
/proc/stat,1749210508066,155937,27350
/proc/12190/stat,1749210508067,21611,1232
/proc/stat,1749210509071,156286,27396
/proc/12190/stat,1749210509071,21955,1276
