Timestamp,Domain,Power (Watts),DRAM Power (Watts), Energy (micro joules), DRAM Energy (micro joules)
1749210449040,package-0,15.366232,11.644379,41878650785,6313475719
1749210451010,package-0,16.773273,13.049222,41910825081,6338479745
1749210453010,package-0,17.023821,13.292629,41944767987,6364950746
1749210455010,package-0,17.007281,13.263089,41978911027,6391544184
1749210457010,package-0,17.216203,13.424038,42013049794,6418093738
1749210459010,package-0,16.943804,13.194424,42046873072,6444404827
1749210460017,package-0,17.214312,13.415127,42064204449,6457909859
1749210462010,package-0,17.307267,13.161648,42098587356,6483901064
1749210464010,package-0,17.035784,13.270107,42132609669,6510405879
1749210466010,package-0,16.73305,12.972989,42166606896,6536804859
1749210468010,package-0,17.065631,13.310269,42200786680,6563437726
1749210470009,package-0,16.94588,13.209805,42235091890,6590174108
1749210472010,package-0,17.135881,13.344754,42269318364,6616799284
1749210474010,package-0,17.19301,13.369594,42303379312,6643295004
1749210476010,package-0,16.876238,13.09274,42337294936,6669675003
1749210478010,package-0,17.058611,13.279141,42371363208,6696186654
1749210480012,package-0,17.32509,13.355068,42406065207,6723112732
1749210482010,package-0,17.118181,13.355252,42440102778,6749606561
1749210484010,package-0,17.309648,13.487026,42474581084,6776488328
1749210486010,package-0,17.089984,13.281033,42508622867,6802963846
1749210488010,package-0,16.822589,13.068997,42542633400,6829425021
1749210490010,package-0,11.731049,8.117716,42571690454,6851059914
1749210492010,package-0,9.359839,5.776963,42591690342,6863845526
1749210494010,package-0,9.472449,5.866501,42610595445,6875582068
1749210496010,package-0,9.525427,5.961838,42629510130,6887359077
1749210498010,package-0,9.445289,5.914108,42648407055,6899116859
1749210500010,package-0,9.470862,5.882676,42667347314,6910865975
1749210502010,package-0,9.513526,5.906052,42686261389,6922632058
1749210504010,package-0,9.358924,5.518479,42705086597,6933584178
1749210506010,package-0,9.457496,5.885788,42723992616,6945303264
1749210508010,package-0,9.482276,5.917771,42742914137,6957053601
