SourceFile,Timestamp,userTime (Ticks),systemTime (Ticks)
/proc/stat,1749220531219,767482,84801
/proc/21829/stat,1749220531220,377,23
/proc/stat,1749220532039,767682,84813
/proc/21829/stat,1749220532041,571,32
/proc/stat,1749220533070,768011,84829
/proc/21829/stat,1749220533072,886,47
/proc/stat,1749220534039,768338,84834
/proc/21829/stat,1749220534040,1207,49
/proc/stat,1749220535050,768650,84836
/proc/21829/stat,1749220535051,1513,49
/proc/stat,1749220536024,768853,84845
/proc/21829/stat,1749220536025,1714,57
/proc/stat,1749220537043,769094,84848
/proc/21829/stat,1749220537044,1953,58
/proc/stat,1749220538024,769267,84859
/proc/21829/stat,1749220538025,2124,65
/proc/stat,1749220539024,769433,84869
/proc/21829/stat,1749220539025,2285,74
/proc/stat,1749220540028,769602,84877
/proc/21829/stat,1749220540029,2450,80
/proc/stat,1749220541023,769768,84881
/proc/21829/stat,1749220541024,2610,82
/proc/stat,1749220542024,769933,84890
/proc/21829/stat,1749220542025,2773,87
/proc/stat,1749220543036,770110,84898
/proc/21829/stat,1749220543037,2944,92
/proc/stat,1749220544035,770276,84906
/proc/21829/stat,1749220544036,3109,100
/proc/stat,1749220545043,770451,84914
/proc/21829/stat,1749220545044,3279,106
/proc/stat,1749220546023,770618,84917
/proc/21829/stat,1749220546024,3439,107
/proc/stat,1749220547023,770783,84926
/proc/21829/stat,1749220547024,3602,113
/proc/stat,1749220548024,770945,84935
/proc/21829/stat,1749220548025,3762,121
/proc/stat,1749220549024,771113,84941
/proc/21829/stat,1749220549024,3926,124
/proc/stat,1749220550023,771273,84945
/proc/21829/stat,1749220550024,4086,126
/proc/stat,1749220551033,771458,84951
/proc/21829/stat,1749220551034,4268,130
/proc/stat,1749220552029,771628,84957
/proc/21829/stat,1749220552030,4436,134
/proc/stat,1749220553023,771794,84964
/proc/21829/stat,1749220553024,4599,139
/proc/stat,1749220554025,771970,84971
/proc/21829/stat,1749220554025,4774,143
/proc/stat,1749220555026,772148,84974
/proc/21829/stat,1749220555026,4948,145
/proc/stat,1749220556023,772312,84982
/proc/21829/stat,1749220556023,5109,151
/proc/stat,1749220557023,772479,84989
/proc/21829/stat,1749220557024,5276,157
/proc/stat,1749220558023,772642,84998
/proc/21829/stat,1749220558024,5437,164
/proc/stat,1749220559035,772809,85005
/proc/21829/stat,1749220559036,5598,169
/proc/stat,1749220560038,772993,85011
/proc/21829/stat,1749220560038,5783,171
/proc/stat,1749220561046,773189,85020
/proc/21829/stat,1749220561047,5975,178
/proc/stat,1749220562035,773353,85027
/proc/21829/stat,1749220562035,6138,182
/proc/stat,1749220563024,773513,85036
/proc/21829/stat,1749220563024,6298,189
/proc/stat,1749220564022,773680,85041
/proc/21829/stat,1749220564023,6463,192
/proc/stat,1749220565023,773848,85048
/proc/21829/stat,1749220565023,6631,196
/proc/stat,1749220566023,774028,85056
/proc/21829/stat,1749220566024,6810,202
/proc/stat,1749220567023,774191,85062
/proc/21829/stat,1749220567024,6972,207
