Timestamp,Domain,Power (Watts),DRAM Power (Watts), Energy (micro joules), DRAM Energy (micro joules)
1749220532103,package-0,7.93217,4.583179,65404853681,18984505598
1749220534015,package-0,7.923197,4.560962,65419965397,18993263327
1749220536015,package-0,7.129986,3.823293,65433553314,19000345035
1749220538015,package-0,6.265487,3.059197,65446174132,19006555652
1749220540015,package-0,6.248581,3.010673,65458593595,19012542941
1749220542015,package-0,6.157699,2.944328,65470892574,19018414691
1749220544015,package-0,6.209762,2.995414,65483266322,19024375613
1749220546015,package-0,6.115646,2.93261,65495676141,19030340869
1749220548015,package-0,6.121689,2.925041,65507911767,19036180942
1749220550015,package-0,6.441024,3.136772,65520436210,19042210529
1749220552015,package-0,6.178329,2.984978,65532692709,19048109867
1749220554015,package-0,6.317305,3.065666,65545179371,19054139758
1749220556015,package-0,6.158065,2.948662,65557464862,19060012119
1749220558015,package-0,6.145064,2.922234,65569745104,19065870258
1749220560015,package-0,6.834883,3.457206,65583013076,19072474001
1749220562015,package-0,6.132247,2.929619,65595327192,19078374865
1749220564015,package-0,6.176865,2.951714,65607758008,19084335482
1749220566015,package-0,6.143539,2.92907,65620346171,19090468218
