SourceFile,Timestamp,userTime (Ticks),systemTime (Ticks)
/proc/stat,1749219929130,715404,81592
/proc/20920/stat,1749219929132,467,29
/proc/stat,1749219930025,715497,81601
/proc/20920/stat,1749219930026,556,35
/proc/stat,1749219931033,715608,81610
/proc/20920/stat,1749219931034,664,41
/proc/stat,1749219932023,715716,81616
/proc/20920/stat,1749219932025,770,47
/proc/stat,1749219933034,715844,81620
/proc/20920/stat,1749219933035,895,48
/proc/stat,1749219934023,715962,81624
/proc/20920/stat,1749219934024,1012,51
/proc/stat,1749219935025,716073,81630
/proc/20920/stat,1749219935025,1121,56
/proc/stat,1749219936042,716245,81633
/proc/20920/stat,1749219936042,1287,56
/proc/stat,1749219937031,716408,81646
/proc/20920/stat,1749219937032,1439,66
/proc/stat,1749219938024,716514,81654
/proc/20920/stat,1749219938025,1542,74
/proc/stat,1749219939023,716616,81669
/proc/20920/stat,1749219939024,1640,86
/proc/stat,1749219940025,716729,81671
/proc/20920/stat,1749219940025,1753,87
/proc/stat,1749219941024,716845,81675
/proc/20920/stat,1749219941025,1867,89
/proc/stat,1749219942024,716963,81684
/proc/20920/stat,1749219942024,1983,94
/proc/stat,1749219943033,717086,81691
/proc/20920/stat,1749219943034,2101,99
/proc/stat,1749219944024,717210,81695
/proc/20920/stat,1749219944024,2221,101
/proc/stat,1749219945027,717311,81708
/proc/20920/stat,1749219945027,2319,113
/proc/stat,1749219946024,717413,81720
/proc/20920/stat,1749219946025,2420,123
/proc/stat,1749219947024,717520,81729
/proc/20920/stat,1749219947025,2525,131
/proc/stat,1749219948023,717634,81732
/proc/20920/stat,1749219948024,2638,131
/proc/stat,1749219949023,717756,81736
/proc/20920/stat,1749219949023,2757,134
/proc/stat,1749219950034,717874,81745
/proc/20920/stat,1749219950034,2872,140
/proc/stat,1749219951023,717992,81746
/proc/20920/stat,1749219951023,2985,140
/proc/stat,1749219952025,718093,81762
/proc/20920/stat,1749219952026,3086,154
/proc/stat,1749219953023,718200,81771
/proc/20920/stat,1749219953023,3185,162
/proc/stat,1749219954023,718310,81775
/proc/20920/stat,1749219954024,3294,165
/proc/stat,1749219955033,718419,81784
/proc/20920/stat,1749219955034,3402,172
/proc/stat,1749219956024,718528,81789
/proc/20920/stat,1749219956024,3509,175
/proc/stat,1749219957024,718660,81792
/proc/20920/stat,1749219957024,3637,176
/proc/stat,1749219958023,718773,81798
/proc/20920/stat,1749219958024,3749,179
/proc/stat,1749219959031,718888,81802
/proc/20920/stat,1749219959032,3863,183
/proc/stat,1749219960034,718990,81819
/proc/20920/stat,1749219960035,3960,198
/proc/stat,1749219961023,719095,81827
/proc/20920/stat,1749219961023,4063,204
/proc/stat,1749219962023,719206,81834
/proc/20920/stat,1749219962024,4172,209
/proc/stat,1749219963033,719318,81842
/proc/20920/stat,1749219963034,4280,215
/proc/stat,1749219964023,719435,81846
/proc/20920/stat,1749219964023,4396,218
/proc/stat,1749219965034,719552,81854
/proc/20920/stat,1749219965035,4512,224
/proc/stat,1749219966033,719666,81858
/proc/20920/stat,1749219966034,4623,226
/proc/stat,1749219967034,719778,81867
/proc/20920/stat,1749219967034,4731,233
/proc/stat,1749219968024,719877,81876
/proc/20920/stat,1749219968025,4828,241
/proc/stat,1749219969027,719985,81886
/proc/20920/stat,1749219969027,4935,248
/proc/stat,1749219970036,720094,81893
/proc/20920/stat,1749219970037,5043,253
/proc/stat,1749219971023,720207,81896
/proc/20920/stat,1749219971024,5152,254
/proc/stat,1749219972024,720329,81899
/proc/20920/stat,1749219972024,5273,256
/proc/stat,1749219973024,720446,81907
/proc/20920/stat,1749219973024,5388,263
/proc/stat,1749219974022,720565,81909
/proc/20920/stat,1749219974023,5504,263
/proc/stat,1749219975024,720669,81920
/proc/20920/stat,1749219975024,5607,273
/proc/stat,1749219976027,720778,81927
/proc/20920/stat,1749219976027,5711,278
/proc/stat,1749219977023,720887,81934
/proc/20920/stat,1749219977023,5820,283
/proc/stat,1749219978023,720991,81942
/proc/20920/stat,1749219978024,5925,289
/proc/stat,1749219979023,721104,81948
/proc/20920/stat,1749219979023,6036,293
/proc/stat,1749219980024,721222,81955
/proc/20920/stat,1749219980025,6152,299
/proc/stat,1749219981022,721345,81956
/proc/20920/stat,1749219981023,6274,299
/proc/stat,1749219982031,721459,81959
/proc/20920/stat,1749219982031,6386,301
/proc/stat,1749219983024,721562,81970
/proc/20920/stat,1749219983025,6484,311
/proc/stat,1749219984025,721672,81978
/proc/20920/stat,1749219984025,6591,317
/proc/stat,1749219985024,721776,81988
/proc/20920/stat,1749219985024,6694,326
/proc/stat,1749219986023,721890,81992
/proc/20920/stat,1749219986023,6806,328
/proc/stat,1749219987022,722012,81996
/proc/20920/stat,1749219987023,6926,330
/proc/stat,1749219988023,722122,82002
/proc/20920/stat,1749219988023,7035,334
/proc/stat,1749219989023,722240,82010
/proc/20920/stat,1749219989024,7152,340
/proc/stat,1749219990024,722345,82021
/proc/20920/stat,1749219990024,7254,349
/proc/stat,1749219991023,722448,82027
/proc/20920/stat,1749219991023,7355,354
/proc/stat,1749219992033,722562,82033
/proc/20920/stat,1749219992034,7469,358
/proc/stat,1749219993029,722670,82041
/proc/20920/stat,1749219993029,7576,363
/proc/stat,1749219994023,722781,82047
/proc/20920/stat,1749219994023,7687,366
/proc/stat,1749219995022,722900,82050
/proc/20920/stat,1749219995023,7807,367
/proc/stat,1749219996022,723019,82058
/proc/20920/stat,1749219996023,7923,374
/proc/stat,1749219997022,723130,82059
/proc/20920/stat,1749219997023,8031,374
/proc/stat,1749219998022,723235,82073
/proc/20920/stat,1749219998023,8134,386
/proc/stat,1749219999022,723344,82078
/proc/20920/stat,1749219999023,8241,390
/proc/stat,1749220000023,723447,82089
/proc/20920/stat,1749220000023,8344,398
/proc/stat,1749220001022,723564,82092
/proc/20920/stat,1749220001023,8457,400
/proc/stat,1749220002033,723688,82097
/proc/20920/stat,1749220002033,8576,402
/proc/stat,1749220003032,723804,82105
/proc/20920/stat,1749220003033,8690,408
/proc/stat,1749220004027,723924,82108
/proc/20920/stat,1749220004027,8810,409
/proc/stat,1749220005032,724024,82120
/proc/20920/stat,1749220005033,8910,419
/proc/stat,1749220006033,724124,82132
/proc/20920/stat,1749220006034,9007,428
/proc/stat,1749220007034,724232,82141
/proc/20920/stat,1749220007034,9114,435
/proc/stat,1749220008023,724343,82144
/proc/20920/stat,1749220008023,9224,436
/proc/stat,1749220009023,724449,82152
/proc/20920/stat,1749220009024,9330,442
/proc/stat,1749220010023,724566,82158
/proc/20920/stat,1749220010023,9446,447
/proc/stat,1749220011022,724685,82160
/proc/20920/stat,1749220011023,9565,447
/proc/stat,1749220012023,724800,82166
/proc/20920/stat,1749220012023,9678,450
/proc/stat,1749220013025,724936,82176
/proc/20920/stat,1749220013025,9811,458
/proc/stat,1749220014032,725038,82188
/proc/20920/stat,1749220014032,9908,469
/proc/stat,1749220015023,725146,82196
/proc/20920/stat,1749220015024,10013,475
/proc/stat,1749220016023,725258,82202
/proc/20920/stat,1749220016023,10124,478
/proc/stat,1749220017022,725371,82207
/proc/20920/stat,1749220017023,10236,482
/proc/stat,1749220018055,725502,82210
/proc/20920/stat,1749220018055,10366,483
/proc/stat,1749220019033,725610,82218
/proc/20920/stat,1749220019033,10471,489
/proc/stat,1749220020023,725718,82220
/proc/20920/stat,1749220020023,10577,489
/proc/stat,1749220021023,725819,82241
/proc/20920/stat,1749220021023,10673,508
/proc/stat,1749220022022,725929,82247
/proc/20920/stat,1749220022023,10782,512
/proc/stat,1749220023022,726030,82259
/proc/20920/stat,1749220023023,10884,521
/proc/stat,1749220024031,726144,82264
/proc/20920/stat,1749220024031,10996,524
/proc/stat,1749220025042,726266,82269
/proc/20920/stat,1749220025042,11114,527
/proc/stat,1749220026023,726374,82276
/proc/20920/stat,1749220026024,11219,533
/proc/stat,1749220027033,726500,82279
/proc/20920/stat,1749220027033,11342,533
/proc/stat,1749220028023,726604,82288
/proc/20920/stat,1749220028023,11444,541
/proc/stat,1749220029022,726703,82298
/proc/20920/stat,1749220029023,11541,549
/proc/stat,1749220030023,726810,82305
/proc/20920/stat,1749220030023,11648,554
/proc/stat,1749220031025,726919,82312
/proc/20920/stat,1749220031025,11756,559
/proc/stat,1749220032022,727032,82319
/proc/20920/stat,1749220032023,11865,564
/proc/stat,1749220033022,727156,82320
/proc/20920/stat,1749220033022,11988,564
/proc/stat,1749220034032,727273,82329
/proc/20920/stat,1749220034033,12105,570
/proc/stat,1749220035022,727388,82332
/proc/20920/stat,1749220035022,12217,572
/proc/stat,1749220036023,727494,82348
/proc/20920/stat,1749220036023,12322,586
/proc/stat,1749220037022,727598,82356
/proc/20920/stat,1749220037023,12424,592
/proc/stat,1749220038023,727708,82363
/proc/20920/stat,1749220038023,12533,596
/proc/stat,1749220039022,727818,82370
/proc/20920/stat,1749220039022,12641,602
/proc/stat,1749220040023,727929,82377
/proc/20920/stat,1749220040023,12751,608
/proc/stat,1749220041047,728059,82381
/proc/20920/stat,1749220041047,12881,608
/proc/stat,1749220042023,728166,82388
/proc/20920/stat,1749220042023,12986,614
/proc/stat,1749220043034,728280,82391
/proc/20920/stat,1749220043035,13097,616
/proc/stat,1749220044024,728380,82400
/proc/20920/stat,1749220044024,13197,624
/proc/stat,1749220045022,728490,82407
/proc/20920/stat,1749220045023,13306,628
/proc/stat,1749220046022,728594,82420
/proc/20920/stat,1749220046023,13408,638
/proc/stat,1749220047023,728703,82424
/proc/20920/stat,1749220047023,13518,640
/proc/stat,1749220048034,728824,82431
/proc/20920/stat,1749220048035,13640,645
/proc/stat,1749220049033,728934,82438
/proc/20920/stat,1749220049033,13748,651
/proc/stat,1749220050023,729057,82440
/proc/20920/stat,1749220050023,13868,651
/proc/stat,1749220051022,729160,82449
/proc/20920/stat,1749220051023,13969,659
/proc/stat,1749220052023,729260,82458
/proc/20920/stat,1749220052023,14067,667
/proc/stat,1749220053031,729372,82466
/proc/20920/stat,1749220053031,14178,673
/proc/stat,1749220054024,729478,82472
/proc/20920/stat,1749220054024,14282,677
/proc/stat,1749220055023,729594,82477
/proc/20920/stat,1749220055023,14398,681
/proc/stat,1749220056024,729717,82479
/proc/20920/stat,1749220056025,14519,681
/proc/stat,1749220057027,729833,82488
/proc/20920/stat,1749220057028,14631,689
/proc/stat,1749220058023,729941,82490
/proc/20920/stat,1749220058023,14738,689
/proc/stat,1749220059023,730043,82504
/proc/20920/stat,1749220059024,14837,702
/proc/stat,1749220060029,730152,82511
/proc/20920/stat,1749220060030,14946,706
/proc/stat,1749220061023,730256,82520
/proc/20920/stat,1749220061023,15049,713
/proc/stat,1749220062022,730367,82526
/proc/20920/stat,1749220062022,15158,718
/proc/stat,1749220063032,730487,82532
/proc/20920/stat,1749220063033,15276,721
/proc/stat,1749220064023,730604,82538
/proc/20920/stat,1749220064023,15390,727
/proc/stat,1749220065033,730720,82540
/proc/20920/stat,1749220065033,15505,727
/proc/stat,1749220066022,730827,82550
/proc/20920/stat,1749220066022,15611,735
/proc/stat,1749220067030,730931,82556
/proc/20920/stat,1749220067030,15713,740
/proc/stat,1749220068022,731034,82566
/proc/20920/stat,1749220068023,15816,749
/proc/stat,1749220069023,731142,82574
/proc/20920/stat,1749220069023,15922,755
/proc/stat,1749220070023,731254,82579
/proc/20920/stat,1749220070023,16033,759
/proc/stat,1749220071022,731377,82581
/proc/20920/stat,1749220071022,16155,759
/proc/stat,1749220072039,731492,82589
/proc/20920/stat,1749220072039,16271,765
/proc/stat,1749220073037,731626,82592
/proc/20920/stat,1749220073037,16403,765
/proc/stat,1749220074022,731726,82603
/proc/20920/stat,1749220074022,16505,774
/proc/stat,1749220075032,731834,82611
/proc/20920/stat,1749220075032,16610,780
/proc/stat,1749220076023,731945,82617
/proc/20920/stat,1749220076024,16719,784
/proc/stat,1749220077032,732055,82626
/proc/20920/stat,1749220077032,16828,790
/proc/stat,1749220078022,732172,82631
/proc/20920/stat,1749220078023,16943,794
/proc/stat,1749220079023,732288,82640
/proc/20920/stat,1749220079023,17056,801
/proc/stat,1749220080023,732402,82644
/proc/20920/stat,1749220080023,17167,803
/proc/stat,1749220081031,732512,82650
/proc/20920/stat,1749220081032,17276,808
/proc/stat,1749220082032,732611,82661
/proc/20920/stat,1749220082033,17376,816
/proc/stat,1749220083023,732710,82674
/proc/20920/stat,1749220083023,17476,827
/proc/stat,1749220084023,732818,82682
/proc/20920/stat,1749220084023,17581,834
/proc/stat,1749220085022,732932,82686
/proc/20920/stat,1749220085022,17694,836
/proc/stat,1749220086022,733057,82687
/proc/20920/stat,1749220086022,17817,836
/proc/stat,1749220087022,733171,82697
/proc/20920/stat,1749220087023,17930,843
/proc/stat,1749220088022,733284,82702
/proc/20920/stat,1749220088023,18043,846
/proc/stat,1749220089022,733387,82712
/proc/20920/stat,1749220089022,18144,856
/proc/stat,1749220090022,733490,82719
/proc/20920/stat,1749220090022,18245,862
/proc/stat,1749220091022,733603,82726
/proc/20920/stat,1749220091022,18355,868
/proc/stat,1749220092022,733715,82732
/proc/20920/stat,1749220092022,18463,873
/proc/stat,1749220093022,733828,82739
/proc/20920/stat,1749220093022,18575,877
/proc/stat,1749220094023,733949,82741
/proc/20920/stat,1749220094024,18697,877
/proc/stat,1749220095023,734066,82747
/proc/20920/stat,1749220095023,18812,883
/proc/stat,1749220096022,734173,82749
/proc/20920/stat,1749220096022,18919,883
/proc/stat,1749220097022,734274,82766
/proc/20920/stat,1749220097022,19018,898
/proc/stat,1749220098023,734382,82772
/proc/20920/stat,1749220098023,19127,904
/proc/stat,1749220099034,734485,82784
/proc/20920/stat,1749220099034,19230,913
/proc/stat,1749220100027,734600,82787
/proc/20920/stat,1749220100028,19343,914
/proc/stat,1749220101022,734718,82791
/proc/20920/stat,1749220101022,19461,915
/proc/stat,1749220102023,734832,82800
/proc/20920/stat,1749220102024,19572,924
/proc/stat,1749220103031,734949,82803
/proc/20920/stat,1749220103032,19686,924
/proc/stat,1749220104032,735085,82817
/proc/20920/stat,1749220104033,19818,935
/proc/stat,1749220105022,735185,82823
/proc/20920/stat,1749220105022,19918,940
/proc/stat,1749220106022,735296,82832
/proc/20920/stat,1749220106022,20025,946
/proc/stat,1749220107033,735406,82840
/proc/20920/stat,1749220107033,20134,952
/proc/stat,1749220108022,735513,82844
/proc/20920/stat,1749220108022,20241,955
/proc/stat,1749220109025,735643,82846
/proc/20920/stat,1749220109025,20369,956
/proc/stat,1749220110022,735752,82854
/proc/20920/stat,1749220110023,20476,962
/proc/stat,1749220111021,735863,82862
/proc/20920/stat,1749220111022,20587,967
/proc/stat,1749220112022,735964,82876
/proc/20920/stat,1749220112022,20687,979
/proc/stat,1749220113022,736070,82884
/proc/20920/stat,1749220113022,20791,986
/proc/stat,1749220114022,736176,82893
/proc/20920/stat,1749220114022,20898,993
/proc/stat,1749220115022,736284,82902
/proc/20920/stat,1749220115023,21003,1001
/proc/stat,1749220116022,736399,82908
/proc/20920/stat,1749220116023,21115,1006
/proc/stat,1749220117023,736515,82915
/proc/20920/stat,1749220117024,21231,1011
/proc/stat,1749220118025,736634,82918
/proc/20920/stat,1749220118025,21350,1011
/proc/stat,1749220119023,736764,82921
/proc/20920/stat,1749220119023,21479,1012
/proc/stat,1749220120030,736867,82933
/proc/20920/stat,1749220120031,21580,1021
/proc/stat,1749220121022,736978,82937
/proc/20920/stat,1749220121023,21688,1025
/proc/stat,1749220122022,737088,82943
/proc/20920/stat,1749220122023,21796,1030
/proc/stat,1749220123022,737196,82948
/proc/20920/stat,1749220123023,21904,1033
/proc/stat,1749220124022,737315,82954
/proc/20920/stat,1749220124022,22023,1037
/proc/stat,1749220125022,737432,82961
/proc/20920/stat,1749220125022,22139,1042
/proc/stat,1749220126022,737546,82962
/proc/20920/stat,1749220126022,22253,1042
/proc/stat,1749220127034,737603,82970
/proc/stat,1749220128026,737605,82972
/proc/stat,1749220129026,737606,82974
/proc/stat,1749220130026,737608,82974
/proc/stat,1749220131025,737612,82975
/proc/stat,1749220132025,737614,82977
/proc/stat,1749220133026,737615,82979
/proc/stat,1749220134027,737616,82980
/proc/stat,1749220135027,737618,82981
/proc/stat,1749220136027,737620,82982
/proc/stat,1749220137027,737624,82984
/proc/stat,1749220138026,737625,82986
/proc/stat,1749220139026,737627,82988
/proc/stat,1749220140025,737629,82990
/proc/stat,1749220141027,737630,82992
/proc/stat,1749220142026,737633,82994
/proc/stat,1749220143027,737634,82996
/proc/stat,1749220144024,737636,82997
/proc/stat,1749220145026,737637,83000
/proc/stat,1749220146027,737639,83000
/proc/stat,1749220147026,737640,83002
/proc/stat,1749220148027,737644,83004
/proc/stat,1749220149026,737646,83006
/proc/stat,1749220150027,737648,83007
/proc/stat,1749220151027,737650,83008
/proc/stat,1749220152027,737651,83010
/proc/stat,1749220153026,737651,83012
/proc/stat,1749220154027,737652,83013
/proc/stat,1749220155027,737655,83015
/proc/stat,1749220156027,737657,83017
/proc/stat,1749220157027,737659,83018
/proc/stat,1749220158027,737660,83020
/proc/stat,1749220159025,737662,83021
/proc/stat,1749220160024,737663,83022
/proc/stat,1749220161026,737666,83024
/proc/stat,1749220162027,737668,83025
/proc/stat,1749220163025,737670,83028
/proc/stat,1749220164027,737672,83030
/proc/stat,1749220165026,737673,83032
/proc/stat,1749220166026,737675,83034
/proc/stat,1749220167026,737677,83036
/proc/stat,1749220168025,737678,83039
/proc/stat,1749220169026,737680,83042
/proc/stat,1749220170026,737682,83042
/proc/stat,1749220171027,737683,83046
/proc/stat,1749220172026,737684,83046
/proc/stat,1749220173027,737686,83049
/proc/stat,1749220174024,737687,83050
/proc/stat,1749220175025,737690,83052
/proc/stat,1749220176026,737691,83054
/proc/stat,1749220177026,737694,83056
/proc/stat,1749220178026,737696,83057
/proc/stat,1749220179025,737698,83059
/proc/stat,1749220180024,737700,83060
/proc/stat,1749220181027,737702,83062
/proc/stat,1749220182025,737705,83064
/proc/stat,1749220183028,737709,83067
/proc/stat,1749220184027,737713,83068
/proc/stat,1749220185027,737717,83070
/proc/stat,1749220186026,737718,83074
/proc/stat,1749220187023,737722,83076
/proc/stat,1749220188025,737724,83078
/proc/stat,1749220189026,737726,83079
/proc/stat,1749220190025,737728,83080
/proc/stat,1749220191027,737730,83081
/proc/stat,1749220192025,737730,83084
/proc/stat,1749220193028,737731,83085
/proc/stat,1749220194024,737732,83088
/proc/stat,1749220195027,737732,83091
/proc/stat,1749220196024,737733,83092
/proc/stat,1749220197027,737736,83094
/proc/stat,1749220198025,737738,83096
/proc/stat,1749220199026,737738,83099
/proc/stat,1749220200023,737739,83102
/proc/stat,1749220201025,737742,83104
/proc/stat,1749220202024,737744,83107
/proc/stat,1749220203027,737746,83109
/proc/stat,1749220204026,737747,83110
/proc/stat,1749220205027,737748,83114
/proc/stat,1749220206024,737749,83115
/proc/stat,1749220207026,737751,83118
/proc/stat,1749220208025,737752,83120
/proc/stat,1749220209026,737755,83121
/proc/stat,1749220210026,737756,83123
/proc/stat,1749220211027,737760,83124
/proc/stat,1749220212025,737762,83125
/proc/stat,1749220213023,737764,83127
/proc/stat,1749220214025,737765,83129
/proc/stat,1749220215026,737767,83131
/proc/stat,1749220216024,737767,83132
/proc/stat,1749220217026,737768,83135
/proc/stat,1749220218024,737771,83135
/proc/stat,1749220219027,737774,83137
/proc/stat,1749220220024,737775,83139
/proc/stat,1749220221027,737778,83140
/proc/stat,1749220222024,737780,83141
/proc/stat,1749220223026,737782,83143
/proc/stat,1749220224026,737783,83145
/proc/stat,1749220225026,737786,83147
/proc/stat,1749220226025,737786,83150
/proc/stat,1749220227025,737789,83151
/proc/stat,1749220228026,737790,83153
/proc/stat,1749220229026,737792,83155
/proc/stat,1749220230026,737792,83157
/proc/stat,1749220231026,737794,83158
/proc/stat,1749220232026,737795,83160
/proc/stat,1749220233024,737797,83162
/proc/stat,1749220234026,737799,83164
/proc/stat,1749220235027,737803,83165
/proc/stat,1749220236026,737803,83167
/proc/stat,1749220237027,737804,83170
/proc/stat,1749220238025,737805,83171
/proc/stat,1749220239025,737806,83174
/proc/stat,1749220240027,737808,83175
/proc/stat,1749220241027,737811,83178
/proc/stat,1749220242026,737813,83179
/proc/stat,1749220243026,737813,83182
/proc/stat,1749220244024,737815,83185
/proc/stat,1749220245025,737816,83187
/proc/stat,1749220246026,737817,83188
/proc/stat,1749220247027,737821,83191
/proc/stat,1749220248029,737824,83194
/proc/stat,1749220249026,737827,83195
/proc/stat,1749220250024,737829,83196
/proc/stat,1749220251026,737831,83197
/proc/stat,1749220252027,737832,83199
/proc/stat,1749220253026,737834,83201
/proc/stat,1749220254026,737835,83203
/proc/stat,1749220255026,737836,83205
/proc/stat,1749220256027,737838,83207
/proc/stat,1749220257026,737838,83209
/proc/stat,1749220258027,737839,83211
/proc/stat,1749220259026,737842,83212
/proc/stat,1749220260025,737844,83216
/proc/stat,1749220261027,737846,83217
/proc/stat,1749220262025,737848,83219
/proc/stat,1749220263026,737849,83221
/proc/stat,1749220264026,737850,83223
