Timestamp,Domain,Power (Watts),DRAM Power (Watts), Energy (micro joules), DRAM Energy (micro joules)
1749219929065,package-0,5.915085,2.583673,62876489670,17885318532
1749219931003,package-0,5.842453,2.486749,62887760149,17890133095
1749219933003,package-0,5.971299,2.585992,62899895006,17895455835
1749219935003,package-0,6.161849,2.808465,62911872880,17900751476
1749219937003,package-0,5.848374,2.496819,62924349594,17906472652
1749219939003,package-0,6.004196,2.577508,62936040360,17911482771
1749219941003,package-0,5.911179,2.567742,62947858811,17916597382
1749219943003,package-0,5.696335,2.372553,62959547929,17921622394
1749219945003,package-0,5.767991,2.471368,62971150988,17926608709
1749219947003,package-0,6.009629,2.585259,62982942706,17931665520
1749219949003,package-0,5.86998,2.546991,62994747668,17936779948
1749219951003,package-0,5.539414,2.254694,63006256061,17941582609
1749219953003,package-0,5.883285,2.530695,63017953785,17946593949
1749219955003,package-0,5.836777,2.463616,63029592122,17951554873
1749219957004,package-0,5.893112,2.529778,63041614308,17956789540
1749219959003,package-0,5.828477,2.494318,63053068564,17961587380
1749219961003,package-0,5.846665,2.503046,63064911185,17966597987
1749219963003,package-0,5.92955,2.545892,63076752463,17971707105
1749219965004,package-0,5.931808,2.521478,63088602774,17976793823
1749219967004,package-0,5.767991,2.440851,63099985680,17981505786
1749219969003,package-0,5.825974,2.487237,63111491388,17986415563
1749219971003,package-0,5.987168,2.60827,63123442041,17991580589
1749219973003,package-0,5.909103,2.498956,63135221002,17996639780
1749219975003,package-0,5.810959,2.46795,63146613246,18001412473
1749219977003,package-0,5.760361,2.446588,63158219845,18006386886
1749219979003,package-0,5.907028,2.586358,63169967129,18011474947
1749219981003,package-0,5.481126,2.185175,63181502134,18016301900
1749219983003,package-0,5.779648,2.471185,63193143522,18021308418
1749219985003,package-0,6.01097,2.596918,63204930235,18026382258
1749219987003,package-0,5.857041,2.509576,63216788604,18031503704
1749219989003,package-0,5.590013,2.28924,63228328003,18036378692
1749219991003,package-0,5.897079,2.538873,63239967255,18041345842
1749219993004,package-0,5.899948,2.53576,63251644471,18046318791
1749219995003,package-0,5.915634,2.576409,63263601228,18051515372
1749219997003,package-0,5.785813,2.426202,63274987246,18056197855
1749219999003,package-0,5.711167,2.433466,63286539463,18061126737
1749220001003,package-0,5.896592,2.531244,63298418827,18066220596
1749220003003,package-0,6.023239,2.606317,63310353061,18071400453
1749220005003,package-0,5.760422,2.45025,63321499273,18075985280
1749220007003,package-0,5.841416,2.482355,63333109717,18080923256
1749220009003,package-0,5.896531,2.550104,63344806892,18085945704
1749220011003,package-0,5.780503,2.428705,63356628822,18091004285
1749220013003,package-0,5.804672,2.473077,63368381660,18096081908
1749220015003,package-0,5.867295,2.528742,63380111428,18101142992
1749220017003,package-0,6.085922,2.63958,63392109078,18106318271
1749220019003,package-0,5.533738,2.200251,63403471719,18111021079
1749220021003,package-0,5.917832,2.534234,63415311228,18116012643
1749220023003,package-0,5.923203,2.519098,63426965861,18120967953
1749220025003,package-0,5.872666,2.534662,63438750987,18126040572
1749220027003,package-0,5.522752,2.223444,63450338177,18130908235
1749220029003,package-0,5.763047,2.451959,63461893079,18135809285
1749220031003,package-0,5.908127,2.527703,63473650007,18140828925
1749220033003,package-0,5.922287,2.569634,63485653455,18146046746
1749220035003,package-0,5.674912,2.389398,63497076582,18150817486
1749220037003,package-0,5.834824,2.501825,63508728591,18155791106
1749220039003,package-0,5.902755,2.531671,63520468978,18160814775
1749220041003,package-0,5.837693,2.496515,63532395340,18165974735
1749220043004,package-0,5.883652,2.532586,63543802415,18170701712
1749220045003,package-0,5.791977,2.466546,63555497209,18175685220
1749220047003,package-0,5.977219,2.581963,63567380724,18180788234
1749220049003,package-0,6.010909,2.579339,63579216020,18185876295
1749220051003,package-0,5.750169,2.429376,63590490223,18190526796
1749220053006,package-0,5.835496,2.478448,63602188252,18195511219
1749220055003,package-0,6.086349,2.654046,63614202625,18200711584
1749220057005,package-0,5.593675,2.244195,63625654989,18205497033
1749220059003,package-0,5.823654,2.47442,63637261770,18210421520
1749220061003,package-0,5.882858,2.516839,63648949240,18215416991
1749220063003,package-0,5.887498,2.537164,63660786735,18220516282
1749220065003,package-0,5.577927,2.253901,63672318382,18225318028
1749220067003,package-0,5.729477,2.438288,63683855950,18230202354
1749220069003,package-0,5.968308,2.550652,63695659082,18235245248
1749220071003,package-0,5.855209,2.50097,63707567071,18240375789
1749220073003,package-0,5.831284,2.473382,63719459497,18245477705
1749220075003,package-0,5.850327,2.504938,63731149042,18250466401
1749220077003,package-0,5.892624,2.524164,63742891200,18255500873
1749220079003,package-0,5.942245,2.540765,63754762690,18260618596
1749220081003,package-0,5.931321,2.549921,63766389675,18265391900
1749220083003,package-0,5.81279,2.487847,63777959957,18270326640
1749220085003,package-0,6.06041,2.616448,63789917935,18275484464
1749220087003,package-0,5.867477,2.483025,63801688351,18280536941
1749220089003,package-0,5.761094,2.427606,63813062102,18285273929
1749220091003,package-0,5.854355,2.503778,63824794127,18290313528
1749220093003,package-0,6.088241,2.65606,63836797026,18295508766
1749220095003,package-0,5.529343,2.192804,63848202209,18300255641
1749220097003,package-0,5.962021,2.559685,63859955414,18305294507
1749220099004,package-0,5.992965,2.566583,63871716248,18310312927
1749220101003,package-0,5.892258,2.563409,63883545747,18315437365
1749220103003,package-0,5.728623,2.377923,63895291322,18320411839
1749220105003,package-0,5.856003,2.502557,63906931551,18325346458
1749220107004,package-0,5.827255,2.458612,63918568545,18330280650
1749220109003,package-0,5.845261,2.496576,63930552096,18335479794
1749220111003,package-0,5.634873,2.341425,63941939884,18340218063
1749220113003,package-0,5.878341,2.528009,63953693577,18345240023
1749220115003,package-0,5.931015,2.546198,63965479863,18350280904
1749220117003,package-0,6.042648,2.614312,63977442296,18355475653
1749220119003,package-0,5.909287,2.548151,63989174749,18360458246
1749220121003,package-0,5.848801,2.488763,64000958715,18365509136
1749220123003,package-0,5.934982,2.553033,64012741461,18370554289
1749220125003,package-0,5.87645,2.465631,64024535681,18375583939
1749220127003,package-0,0.531249,0.081543,64028289456,18376818189
1749220129003,package-0,0.474059,0.04248,64029222071,18376900098
1749220131003,package-0,0.471434,0.049927,64030166892,18376989820
1749220133003,package-0,0.460143,0.040344,64031068868,18377065869
1749220135003,package-0,0.465453,0.0401,64031987017,18377144665
1749220137003,package-0,0.461364,0.0401,64032962906,18377246228
1749220139003,package-0,0.485777,0.049194,64033915906,18377334423
1749220141003,package-0,0.470519,0.042419,64035306772,18377427196
1749220143003,package-0,0.468504,0.039978,64036219672,18377505993
1749220145003,package-0,0.472349,0.039246,64037124882,18377583568
1749220147003,package-0,0.571349,0.073486,64038159731,18377696910
1749220149003,package-0,0.443846,0.038208,64039057128,18377772410
1749220151003,package-0,0.462523,0.039429,64039991086,18377851634
1749220153003,package-0,0.454589,0.039001,64040887324,18377927561
1749220155003,package-0,0.452453,0.039978,64041818047,18378005320
1749220157003,package-0,0.506468,0.040527,64042811025,18378087778
1749220159003,package-0,0.47589,0.040527,64043799243,18378167856
1749220161003,package-0,0.490722,0.041137,64044733506,18378248178
1749220163003,package-0,0.484984,0.041259,64045720197,18378326913
1749220165003,package-0,0.473876,0.041016,64046761088,18378418100
1749220167003,package-0,0.481994,0.04541,64047713845,18378508798
1749220169003,package-0,0.468749,0.040649,64048647680,18378589547
1749220171003,package-0,0.476256,0.04071,64049584628,18378671822
1749220173003,package-0,0.459838,0.043946,64050484040,18378753060
1749220175003,package-0,0.502074,0.04602,64051467436,18378841133
1749220177003,package-0,0.501219,0.044922,64052449306,18378932014
1749220179004,package-0,0.474242,0.057189,64053376916,18379029792
1749220181003,package-0,0.485777,0.047729,64054310629,18379121589
1749220183004,package-0,0.514403,0.058898,64055318317,18379237433
1749220185004,package-0,0.490233,0.057983,64056306352,18379359198
1749220187003,package-0,0.473876,0.041565,64057333327,18379472052
1749220189003,package-0,0.472106,0.038757,64058257580,18379552923
1749220191003,package-0,0.463255,0.03949,64059179574,18379631842
1749220193003,package-0,0.474486,0.042236,64060126471,18379712652
1749220195003,package-0,0.462401,0.040528,64061043339,18379790716
1749220197003,package-0,0.486449,0.04541,64062040163,18379880193
1749220199003,package-0,0.487975,0.043579,64062986144,18379962529
1749220201003,package-0,0.565612,0.084839,64064488399,18380104924
1749220203003,package-0,0.476195,0.039917,64065429986,18380185673
1749220205003,package-0,0.487182,0.041199,64066352103,18380262089
1749220207003,package-0,0.481994,0.043212,64067330433,18380349979
1749220209003,package-0,0.468565,0.041809,64068269822,18380429264
1749220211003,package-0,0.455444,0.039306,64069259200,18380536075
1749220213003,package-0,0.460448,0.044067,64070191631,18380619449
1749220215003,package-0,0.491576,0.042969,64071151956,18380699344
1749220217003,package-0,0.464232,0.039673,64072074805,18380777774
1749220219003,package-0,0.461424,0.039978,64072978245,18380857241
1749220221003,package-0,0.455016,0.042541,64073905611,18380941347
1749220223003,package-0,0.477843,0.040344,64074857208,18381021914
1749220225003,package-0,0.459227,0.040283,64075782193,18381105471
1749220227003,package-0,0.452941,0.039307,64076724024,18381186281
1749220229003,package-0,0.443847,0.038024,64077615929,18381261964
1749220231003,package-0,0.470946,0.040832,64078526876,18381339845
1749220233003,package-0,0.473998,0.040772,64079445880,18381417970
1749220235003,package-0,0.453368,0.040527,64080430436,18381524415
1749220237003,package-0,0.478514,0.041443,64081406019,18381612977
1749220239003,package-0,0.44757,0.042236,64082300060,18381692200
1749220241003,package-0,0.477294,0.05249,64083242562,18381782288
1749220243003,package-0,0.452086,0.039063,64084173285,18381864502
1749220245003,package-0,0.442626,0.040161,64085050785,18381942199
1749220247003,package-0,0.484312,0.044555,64086095948,18382057250
1749220249003,package-0,0.467651,0.04303,64087060485,18382159423
1749220251003,package-0,0.469665,0.040771,64087967709,18382238341
1749220253003,package-0,0.471679,0.039246,64088883173,18382314513
1749220255003,package-0,0.462462,0.041199,64089818839,18382396544
1749220257003,package-0,0.469359,0.039124,64090765797,18382477782
1749220259003,package-0,0.45056,0.040283,64091745897,18382585264
1749220261003,package-0,0.460082,0.038086,64093077681,18382669798
1749220263003,package-0,0.457945,0.038696,64093972942,18382745664
