SourceFile,Timestamp,userTime (Ticks),systemTime (Ticks)
/proc/stat,1748993856355,2757244,317496
/proc/26298/stat,1748993856364,1432,87
/proc/stat,1748993857068,2757478,317507
/proc/26298/stat,1748993857074,1650,92
/proc/stat,1748993858063,2757788,317517
/proc/26298/stat,1748993858069,1950,92
/proc/stat,1748993859063,2758108,317536
/proc/26298/stat,1748993859070,2258,99
/proc/stat,1748993860070,2758324,317567
/proc/26298/stat,1748993860074,2466,121
/proc/stat,1748993861074,2758524,317588
/proc/26298/stat,1748993861079,2656,134
/proc/stat,1748993862065,2758870,317612
/proc/26298/stat,1748993862070,2994,149
/proc/stat,1748993863063,2759259,317628
/proc/26298/stat,1748993863068,3373,158
/proc/stat,1748993864065,2759660,317644
/proc/26298/stat,1748993864070,3762,167
/proc/stat,1748993865066,2760032,317679
/proc/26298/stat,1748993865071,4125,196
/proc/stat,1748993866063,2760390,317727
/proc/26298/stat,1748993866067,4474,233
/proc/stat,1748993867065,2760758,317776
/proc/26298/stat,1748993867069,4831,274
/proc/stat,1748993868064,2761157,317788
/proc/26298/stat,1748993868069,5224,278
/proc/stat,1748993869074,2761492,317807
/proc/26298/stat,1748993869080,5555,286
/proc/stat,1748993870063,2761811,317889
/proc/26298/stat,1748993870071,5865,357
/proc/stat,1748993871064,2762176,317942
/proc/26298/stat,1748993871067,6220,397
/proc/stat,1748993872079,2762584,317957
/proc/26298/stat,1748993872086,6620,400
/proc/stat,1748993873062,2762918,317984
/proc/26298/stat,1748993873065,6947,418
/proc/stat,1748993874063,2763222,318015
/proc/26298/stat,1748993874069,7248,441
/proc/stat,1748993875079,2763600,318046
/proc/26298/stat,1748993875086,7621,467
/proc/stat,1748993876081,2763952,318102
/proc/26298/stat,1748993876087,7967,518
/proc/stat,1748993877066,2764342,318109
/proc/26298/stat,1748993877071,8344,528
/proc/stat,1748993878063,2764658,318132
/proc/26298/stat,1748993878066,8657,548
/proc/stat,1748993879065,2764972,318198
/proc/26298/stat,1748993879071,8968,622
/proc/stat,1748993880065,2765354,318211
/proc/26298/stat,1748993880070,9344,641
/proc/stat,1748993881063,2765759,318217
/proc/26298/stat,1748993881067,9732,652
/proc/stat,1748993882065,2766046,318241
/proc/26298/stat,1748993882069,10016,684
/proc/stat,1748993883063,2766402,318262
/proc/26298/stat,1748993883069,10369,711
/proc/stat,1748993884065,2766752,318307
/proc/26298/stat,1748993884071,10716,760
/proc/stat,1748993885064,2767110,318332
/proc/26298/stat,1748993885069,11070,790
/proc/stat,1748993886084,2767494,318335
/proc/26298/stat,1748993886088,11451,802
/proc/stat,1748993887065,2767786,318361
/proc/26298/stat,1748993887070,11741,832
/proc/stat,1748993888070,2768107,318440
/proc/26298/stat,1748993888073,12052,916
/proc/stat,1748993889064,2768512,318444
/proc/26298/stat,1748993889066,12434,929
/proc/stat,1748993890064,2768902,318453
/proc/26298/stat,1748993890067,12815,943
/proc/stat,1748993891083,2769202,318496
/proc/26298/stat,1748993891086,13113,994
/proc/stat,1748993892065,2769552,318511
/proc/26298/stat,1748993892069,13460,1015
/proc/stat,1748993893066,2769882,318577
/proc/26298/stat,1748993893070,13784,1090
/proc/stat,1748993894065,2770266,318583
/proc/26298/stat,1748993894068,14161,1103
/proc/stat,1748993895063,2770580,318588
/proc/26298/stat,1748993895066,14473,1116
/proc/stat,1748993896063,2770902,318635
/proc/26298/stat,1748993896066,14792,1169
/proc/stat,1748993897064,2771250,318680
/proc/26298/stat,1748993897067,15137,1222
/proc/stat,1748993898063,2771640,318684
/proc/26298/stat,1748993898066,15524,1234
/proc/stat,1748993899061,2771993,318710
/proc/26298/stat,1748993899064,15874,1267
/proc/stat,1748993900064,2772275,318742
/proc/26298/stat,1748993900067,16154,1304
/proc/stat,1748993901062,2772643,318764
/proc/26298/stat,1748993901065,16517,1334
/proc/stat,1748993902063,2772983,318824
/proc/26298/stat,1748993902066,16857,1394
/proc/stat,1748993903067,2773383,318827
/proc/26298/stat,1748993903071,17255,1395
/proc/stat,1748993904102,2773732,318844
/proc/26298/stat,1748993904106,17594,1408
/proc/stat,1748993905064,2774047,318917
/proc/26298/stat,1748993905067,17907,1478
/proc/stat,1748993906063,2774430,318931
/proc/26298/stat,1748993906066,18287,1489
/proc/stat,1748993907064,2774828,318934
/proc/26298/stat,1748993907067,18681,1491
/proc/stat,1748993908069,2775159,318968
/proc/26298/stat,1748993908072,19011,1520
/proc/stat,1748993909064,2775525,318991
/proc/26298/stat,1748993909067,19376,1538
/proc/stat,1748993910067,2775868,319052
/proc/26298/stat,1748993910070,19715,1596
/proc/stat,1748993911064,2776250,319071
/proc/26298/stat,1748993911067,20094,1613
/proc/stat,1748993912064,2776602,319078
/proc/26298/stat,1748993912066,20443,1614
/proc/stat,1748993913062,2776958,319127
/proc/26298/stat,1748993913065,20792,1659
/proc/stat,1748993914063,2777296,319190
/proc/26298/stat,1748993914066,21128,1719
/proc/stat,1748993915064,2777693,319194
/proc/26298/stat,1748993915068,21521,1721
/proc/stat,1748993916064,2778079,319198
/proc/26298/stat,1748993916067,21904,1724
/proc/stat,1748993917063,2778388,319224
/proc/26298/stat,1748993917066,22212,1745
/proc/stat,1748993918064,2778765,319244
/proc/26298/stat,1748993918067,22587,1761
/proc/stat,1748993919067,2779101,319317
/proc/26298/stat,1748993919070,22916,1831
/proc/stat,1748993920063,2779500,319320
/proc/26298/stat,1748993920067,23312,1833
/proc/stat,1748993921063,2779845,319336
/proc/26298/stat,1748993921066,23654,1845
/proc/stat,1748993922063,2780183,319400
/proc/26298/stat,1748993922066,23989,1905
/proc/stat,1748993923063,2780558,319421
/proc/26298/stat,1748993923066,24365,1923
/proc/stat,1748993924064,2780958,319426
/proc/26298/stat,1748993924067,24762,1923
/proc/stat,1748993925078,2781269,319458
/proc/26298/stat,1748993925085,25072,1952
/proc/stat,1748993926063,2781634,319481
/proc/26298/stat,1748993926066,25437,1972
/proc/stat,1748993927063,2781973,319541
/proc/26298/stat,1748993927066,25775,2030
/proc/stat,1748993928063,2782364,319553
/proc/26298/stat,1748993928066,26165,2038
/proc/stat,1748993929063,2782726,319558
/proc/26298/stat,1748993929065,26526,2038
/proc/stat,1748993930062,2783065,319612
/proc/26298/stat,1748993930066,26860,2090
/proc/stat,1748993931062,2783419,319660
/proc/26298/stat,1748993931065,27215,2134
/proc/stat,1748993932062,2783816,319664
/proc/26298/stat,1748993932065,27612,2136
/proc/stat,1748993933061,2784197,319678
/proc/26298/stat,1748993933064,27992,2148
/proc/stat,1748993934062,2784553,319702
/proc/26298/stat,1748993934066,28349,2168
/proc/stat,1748993935065,2784905,319744
/proc/26298/stat,1748993935069,28701,2205
/proc/stat,1748993936066,2785247,319806
/proc/26298/stat,1748993936070,29039,2264
/proc/stat,1748993937063,2785649,319810
/proc/26298/stat,1748993937066,29438,2264
/proc/stat,1748993938061,2785982,319828
/proc/26298/stat,1748993938064,29767,2280
/proc/stat,1748993939063,2786303,319904
/proc/26298/stat,1748993939066,30080,2353
/proc/stat,1748993940067,2786683,319928
/proc/26298/stat,1748993940072,30457,2372
/proc/stat,1748993941066,2787076,319933
/proc/26298/stat,1748993941070,30838,2375
/proc/stat,1748993942063,2787422,319944
/proc/26298/stat,1748993942066,31175,2382
/proc/stat,1748993943064,2787751,320007
/proc/26298/stat,1748993943070,31500,2444
/proc/stat,1748993944064,2788144,320023
/proc/26298/stat,1748993944068,31885,2456
/proc/stat,1748993945063,2788545,320026
/proc/26298/stat,1748993945065,32283,2457
/proc/stat,1748993946061,2788875,320080
/proc/26298/stat,1748993946064,32610,2507
/proc/stat,1748993947063,2789233,320106
/proc/26298/stat,1748993947066,32970,2530
/proc/stat,1748993948062,2789585,320151
/proc/26298/stat,1748993948065,33318,2572
/proc/stat,1748993949064,2789960,320175
/proc/26298/stat,1748993949067,33692,2593
/proc/stat,1748993950064,2790350,320180
/proc/26298/stat,1748993950067,34080,2593
/proc/stat,1748993951066,2790692,320221
/proc/26298/stat,1748993951070,34419,2631
/proc/stat,1748993952065,2791043,320276
/proc/26298/stat,1748993952068,34765,2682
/proc/stat,1748993953063,2791432,320281
/proc/26298/stat,1748993953070,35153,2683
/proc/stat,1748993954063,2791828,320286
/proc/26298/stat,1748993954066,35548,2684
/proc/stat,1748993955062,2792109,320317
/proc/26298/stat,1748993955064,35826,2711
/proc/stat,1748993956063,2792486,320329
/proc/26298/stat,1748993956065,36205,2721
/proc/stat,1748993957064,2792823,320396
/proc/26298/stat,1748993957067,36540,2785
/proc/stat,1748993958063,2793222,320400
/proc/26298/stat,1748993958067,36938,2785
/proc/stat,1748993959074,2793591,320412
/proc/26298/stat,1748993959077,37303,2790
/proc/stat,1748993960062,2793915,320486
/proc/26298/stat,1748993960064,37625,2860
/proc/stat,1748993961062,2794282,320518
/proc/26298/stat,1748993961066,37993,2890
/proc/stat,1748993962063,2794678,320524
/proc/26298/stat,1748993962067,38389,2893
/proc/stat,1748993963076,2795054,320538
/proc/26298/stat,1748993963079,38756,2900
/proc/stat,1748993964062,2795394,320594
/proc/26298/stat,1748993964065,39093,2952
/proc/stat,1748993965063,2795787,320600
/proc/26298/stat,1748993965066,39485,2954
/proc/stat,1748993966063,2796179,320608
/proc/26298/stat,1748993966067,39874,2960
/proc/stat,1748993967063,2796508,320665
/proc/26298/stat,1748993967066,40200,3013
/proc/stat,1748993968062,2796856,320694
/proc/26298/stat,1748993968066,40547,3038
/proc/stat,1748993969065,2797218,320732
/proc/26298/stat,1748993969069,40909,3073
/proc/stat,1748993970063,2797601,320751
/proc/26298/stat,1748993970066,41289,3088
/proc/stat,1748993971060,2797974,320754
/proc/26298/stat,1748993971063,41660,3088
/proc/stat,1748993972063,2798306,320800
/proc/26298/stat,1748993972066,41989,3130
/proc/stat,1748993973063,2798642,320869
/proc/26298/stat,1748993973067,42323,3194
/proc/stat,1748993974064,2799044,320874
/proc/26298/stat,1748993974067,42721,3194
/proc/stat,1748993975063,2799436,320884
/proc/26298/stat,1748993975066,43110,3202
/proc/stat,1748993976121,2799777,320920
/proc/26298/stat,1748993976125,43446,3234
/proc/stat,1748993977062,2800134,320936
/proc/26298/stat,1748993977066,43804,3248
/proc/stat,1748993978063,2800475,320996
/proc/26298/stat,1748993978067,44144,3307
/proc/stat,1748993979064,2800877,320999
/proc/26298/stat,1748993979067,44541,3309
/proc/stat,1748993980093,2801240,321016
/proc/26298/stat,1748993980096,44901,3324
/proc/stat,1748993981068,2801563,321084
/proc/26298/stat,1748993981071,45219,3390
/proc/stat,1748993982067,2801948,321104
/proc/26298/stat,1748993982071,45602,3403
/proc/stat,1748993983068,2802350,321108
/proc/26298/stat,1748993983073,45998,3405
/proc/stat,1748993984109,2802729,321127
/proc/26298/stat,1748993984114,46366,3418
/proc/stat,1748993985063,2803070,321172
/proc/26298/stat,1748993985065,46703,3459
/proc/stat,1748993986062,2803469,321176
/proc/26298/stat,1748993986064,47098,3460
/proc/stat,1748993987062,2803843,321199
/proc/26298/stat,1748993987065,47472,3479
/proc/stat,1748993988066,2804163,321243
/proc/26298/stat,1748993988070,47793,3518
/proc/stat,1748993989062,2804506,321267
/proc/26298/stat,1748993989065,48133,3540
/proc/stat,1748993990062,2804855,321318
/proc/26298/stat,1748993990065,48482,3587
/proc/stat,1748993991065,2805248,321328
/proc/26298/stat,1748993991068,48875,3594
/proc/stat,1748993992068,2805590,321334
/proc/26298/stat,1748993992071,49218,3596
/proc/stat,1748993993063,2805914,321387
/proc/26298/stat,1748993993065,49537,3646
/proc/stat,1748993994062,2806272,321433
/proc/26298/stat,1748993994065,49892,3689
/proc/stat,1748993995064,2806671,321438
/proc/26298/stat,1748993995066,50291,3690
/proc/stat,1748993996062,2807051,321462
/proc/26298/stat,1748993996066,50665,3712
/proc/stat,1748993997061,2807375,321497
/proc/26298/stat,1748993997063,50988,3743
/proc/stat,1748993998061,2807747,321517
/proc/26298/stat,1748993998064,51359,3758
/proc/stat,1748993999061,2808080,321585
/proc/26298/stat,1748993999064,51694,3822
/proc/stat,1748994000061,2808479,321591
/proc/26298/stat,1748994000063,52092,3822
/proc/stat,1748994001104,2808816,321604
/proc/26298/stat,1748994001108,52427,3832
/proc/stat,1748994002077,2809138,321676
/proc/26298/stat,1748994002081,52744,3900
/proc/stat,1748994003067,2809528,321687
/proc/26298/stat,1748994003070,53130,3909
/proc/stat,1748994004061,2809921,321691
/proc/26298/stat,1748994004064,53520,3911
/proc/stat,1748994005064,2810228,321715
/proc/26298/stat,1748994005067,53824,3930
/proc/stat,1748994006061,2810591,321737
/proc/26298/stat,1748994006064,54187,3947
/proc/stat,1748994007062,2810940,321791
/proc/26298/stat,1748994007064,54533,3998
/proc/stat,1748994008063,2811322,321813
/proc/26298/stat,1748994008066,54915,4016
/proc/stat,1748994009062,2811679,321817
/proc/26298/stat,1748994009064,55270,4017
/proc/stat,1748994010060,2812021,321863
/proc/26298/stat,1748994010063,55613,4060
/proc/stat,1748994011062,2812368,321923
/proc/26298/stat,1748994011065,55956,4116
/proc/stat,1748994012061,2812765,321926
/proc/26298/stat,1748994012064,56354,4117
/proc/stat,1748994013060,2813153,321931
/proc/26298/stat,1748994013063,56739,4118
/proc/stat,1748994014061,2813474,321960
/proc/26298/stat,1748994014064,57060,4142
/proc/stat,1748994015062,2813844,321983
/proc/26298/stat,1748994015065,57433,4160
/proc/stat,1748994016063,2814163,322069
/proc/26298/stat,1748994016066,57751,4243
/proc/stat,1748994017061,2814552,322078
/proc/26298/stat,1748994017063,58140,4248
/proc/stat,1748994018062,2814908,322103
/proc/26298/stat,1748994018064,58494,4269
/proc/stat,1748994019061,2815246,322156
/proc/26298/stat,1748994019063,58831,4320
/proc/stat,1748994020082,2815644,322180
/proc/26298/stat,1748994020084,59216,4335
/proc/stat,1748994021064,2816035,322185
/proc/26298/stat,1748994021067,59608,4335
/proc/stat,1748994022076,2816328,322222
/proc/26298/stat,1748994022078,59897,4367
/proc/stat,1748994023062,2816687,322238
/proc/26298/stat,1748994023069,60256,4380
/proc/stat,1748994024061,2817031,322293
/proc/26298/stat,1748994024063,60599,4432
/proc/stat,1748994025061,2817413,322312
/proc/26298/stat,1748994025063,60981,4448
/proc/stat,1748994026063,2817762,322315
/proc/26298/stat,1748994026065,61327,4449
/proc/stat,1748994027062,2818107,322368
/proc/26298/stat,1748994027064,61667,4499
/proc/stat,1748994028062,2818453,322424
/proc/26298/stat,1748994028064,62013,4552
/proc/stat,1748994029061,2818851,322428
/proc/26298/stat,1748994029063,62411,4553
/proc/stat,1748994030061,2819239,322434
/proc/26298/stat,1748994030063,62796,4557
/proc/stat,1748994031060,2819548,322464
/proc/26298/stat,1748994031062,63106,4582
/proc/stat,1748994032061,2819923,322484
/proc/26298/stat,1748994032063,63481,4599
/proc/stat,1748994033062,2820260,322555
/proc/26298/stat,1748994033065,63814,4664
/proc/stat,1748994034061,2820659,322558
/proc/26298/stat,1748994034063,64212,4664
/proc/stat,1748994035089,2820999,322571
/proc/26298/stat,1748994035092,64550,4675
/proc/stat,1748994036061,2821306,322654
/proc/26298/stat,1748994036063,64852,4755
/proc/stat,1748994037072,2821690,322676
/proc/26298/stat,1748994037074,65233,4774
/proc/stat,1748994038061,2822071,322684
/proc/26298/stat,1748994038063,65616,4777
/proc/stat,1748994039061,2822402,322692
/proc/26298/stat,1748994039063,65945,4782
/proc/stat,1748994040061,2822749,322746
/proc/26298/stat,1748994040063,66292,4833
/proc/stat,1748994041060,2823134,322752
/proc/26298/stat,1748994041062,66676,4833
/proc/stat,1748994042060,2823521,322761
/proc/26298/stat,1748994042062,67061,4840
/proc/stat,1748994043061,2823854,322811
/proc/26298/stat,1748994043064,67390,4886
/proc/stat,1748994044062,2824219,322839
/proc/26298/stat,1748994044064,67754,4910
/proc/stat,1748994045062,2824572,322889
/proc/26298/stat,1748994045064,68104,4956
/proc/stat,1748994046061,2824961,322904
/proc/26298/stat,1748994046063,68490,4967
/proc/stat,1748994047073,2825322,322910
/proc/26298/stat,1748994047076,68845,4968
/proc/stat,1748994048064,2825666,322951
/proc/26298/stat,1748994048066,69180,5007
/proc/stat,1748994049062,2826016,323006
/proc/26298/stat,1748994049064,69526,5058
/proc/stat,1748994050061,2826416,323010
/proc/26298/stat,1748994050063,69925,5058
/proc/stat,1748994051063,2826792,323030
/proc/26298/stat,1748994051065,70300,5076
/proc/stat,1748994052062,2827096,323062
/proc/26298/stat,1748994052064,70602,5104
/proc/stat,1748994053064,2827471,323082
/proc/26298/stat,1748994053066,70978,5122
/proc/stat,1748994054061,2827811,323146
/proc/26298/stat,1748994054064,71315,5180
/proc/stat,1748994055062,2828210,323150
/proc/26298/stat,1748994055064,71713,5181
/proc/stat,1748994056094,2828574,323166
/proc/26298/stat,1748994056096,72076,5194
/proc/stat,1748994057061,2828894,323239
/proc/26298/stat,1748994057063,72392,5262
/proc/stat,1748994058060,2829274,323256
/proc/26298/stat,1748994058062,72773,5276
/proc/stat,1748994059062,2829672,323260
/proc/26298/stat,1748994059064,73169,5277
/proc/stat,1748994060071,2829984,323277
/proc/26298/stat,1748994060073,73483,5289
/proc/stat,1748994061061,2830346,323294
/proc/26298/stat,1748994061063,73844,5303
/proc/stat,1748994062061,2830691,323352
/proc/26298/stat,1748994062064,74187,5358
/proc/stat,1748994063061,2831057,323388
/proc/26298/stat,1748994063063,74551,5393
/proc/stat,1748994064061,2831413,323391
/proc/26298/stat,1748994064062,74905,5394
/proc/stat,1748994065060,2831774,323428
/proc/26298/stat,1748994065062,75267,5427
/proc/stat,1748994066060,2832123,323476
/proc/26298/stat,1748994066062,75616,5473
/proc/stat,1748994067060,2832515,323480
/proc/26298/stat,1748994067063,76010,5473
/proc/stat,1748994068060,2832884,323507
/proc/26298/stat,1748994068062,76377,5495
/proc/stat,1748994069068,2833196,323533
/proc/26298/stat,1748994069070,76691,5517
/proc/stat,1748994070060,2833568,323556
/proc/26298/stat,1748994070062,77064,5536
/proc/stat,1748994071060,2833917,323606
/proc/26298/stat,1748994071063,77412,5584
/proc/stat,1748994072061,2834315,323609
/proc/26298/stat,1748994072063,77809,5584
/proc/stat,1748994073061,2834649,323627
/proc/26298/stat,1748994073064,78137,5598
/proc/stat,1748994074061,2834972,323710
/proc/26298/stat,1748994074063,78454,5674
/proc/stat,1748994075061,2835356,323727
/proc/26298/stat,1748994075063,78837,5687
/proc/stat,1748994076060,2835755,323731
/proc/26298/stat,1748994076063,79235,5688
/proc/stat,1748994077069,2836075,323758
/proc/26298/stat,1748994077071,79552,5711
/proc/stat,1748994078061,2836431,323777
/proc/26298/stat,1748994078063,79910,5727
/proc/stat,1748994079064,2836775,323833
/proc/26298/stat,1748994079067,80253,5781
/proc/stat,1748994080061,2837150,323858
/proc/26298/stat,1748994080064,80627,5802
/proc/stat,1748994081074,2837537,323864
/proc/26298/stat,1748994081076,81006,5804
/proc/stat,1748994082060,2837867,323912
/proc/26298/stat,1748994082063,81338,5849
/proc/stat,1748994083061,2838204,323978
/proc/26298/stat,1748994083063,81673,5912
/proc/stat,1748994084061,2838600,323984
/proc/26298/stat,1748994084064,82066,5916
/proc/stat,1748994085059,2838993,323988
/proc/26298/stat,1748994085061,82456,5917
/proc/stat,1748994086060,2839324,324032
/proc/26298/stat,1748994086063,82785,5958
/proc/stat,1748994087062,2839685,324076
/proc/26298/stat,1748994087064,83142,5999
/proc/stat,1748994088061,2840081,324082
/proc/26298/stat,1748994088063,83539,6001
/proc/stat,1748994089060,2840444,324116
/proc/26298/stat,1748994089063,83901,6033
/proc/stat,1748994090085,2840762,324157
/proc/26298/stat,1748994090087,84217,6070
/proc/stat,1748994091060,2841133,324168
/proc/26298/stat,1748994091063,84591,6076
/proc/stat,1748994092060,2841470,324230
/proc/26298/stat,1748994092062,84926,6136
/proc/stat,1748994093062,2841870,324233
/proc/26298/stat,1748994093064,85322,6137
/proc/stat,1748994094074,2842208,324244
/proc/26298/stat,1748994094077,85661,6143
/proc/stat,1748994095062,2842536,324319
/proc/26298/stat,1748994095064,85984,6214
/proc/stat,1748994096061,2842915,324339
/proc/26298/stat,1748994096063,86365,6231
/proc/stat,1748994097061,2843315,324343
/proc/26298/stat,1748994097064,86760,6232
/proc/stat,1748994098060,2843617,324377
/proc/26298/stat,1748994098062,87063,6264
/proc/stat,1748994099061,2843974,324400
/proc/26298/stat,1748994099063,87421,6282
/proc/stat,1748994100061,2844330,324444
/proc/26298/stat,1748994100063,87777,6324
/proc/stat,1748994101066,2844708,324475
/proc/26298/stat,1748994101068,88149,6350
/proc/stat,1748994102059,2845084,324480
/proc/26298/stat,1748994102061,88525,6350
/proc/stat,1748994103063,2845424,324527
/proc/26298/stat,1748994103065,88864,6394
/proc/stat,1748994104062,2845768,324588
/proc/26298/stat,1748994104065,89203,6452
/proc/stat,1748994105066,2846167,324593
/proc/26298/stat,1748994105069,89598,6452
/proc/stat,1748994106065,2846567,324596
/proc/26298/stat,1748994106067,89995,6453
/proc/stat,1748994107063,2846874,324629
/proc/26298/stat,1748994107065,90296,6481
/proc/stat,1748994108062,2847256,324646
/proc/26298/stat,1748994108064,90679,6494
/proc/stat,1748994109065,2847586,324720
/proc/26298/stat,1748994109069,91008,6565
/proc/stat,1748994110066,2847991,324724
/proc/26298/stat,1748994110069,91406,6566
/proc/stat,1748994111114,2848380,324737
/proc/26298/stat,1748994111116,91785,6577
/proc/stat,1748994112066,2848681,324814
/proc/26298/stat,1748994112069,92080,6652
/proc/stat,1748994113061,2849042,324855
/proc/26298/stat,1748994113063,92440,6690
/proc/stat,1748994114060,2849436,324861
/proc/26298/stat,1748994114062,92834,6692
/proc/stat,1748994115068,2849808,324873
/proc/26298/stat,1748994115070,93207,6699
/proc/stat,1748994116060,2850134,324933
/proc/26298/stat,1748994116062,93531,6756
/proc/stat,1748994117059,2850510,324952
/proc/26298/stat,1748994117061,93909,6772
/proc/stat,1748994118060,2850912,324955
/proc/26298/stat,1748994118062,94306,6773
/proc/stat,1748994119060,2851245,325000
/proc/26298/stat,1748994119062,94639,6814
/proc/stat,1748994120060,2851604,325023
/proc/26298/stat,1748994120063,94998,6835
/proc/stat,1748994121060,2851958,325070
/proc/26298/stat,1748994121063,95350,6879
/proc/stat,1748994122061,2852317,325099
/proc/26298/stat,1748994122063,95709,6904
/proc/stat,1748994123057,2852705,325104
/proc/26298/stat,1748994123059,96093,6905
/proc/stat,1748994124061,2853029,325142
/proc/26298/stat,1748994124063,96415,6940
/proc/stat,1748994125060,2853353,325214
/proc/26298/stat,1748994125062,96736,7010
/proc/stat,1748994126061,2853752,325218
/proc/26298/stat,1748994126064,97134,7011
/proc/stat,1748994127061,2854147,325222
/proc/26298/stat,1748994127063,97529,7012
/proc/stat,1748994128070,2854429,325263
/proc/26298/stat,1748994128072,97811,7049
/proc/stat,1748994129062,2854809,325269
/proc/26298/stat,1748994129065,98191,7052
/proc/stat,1748994130063,2855138,325347
/proc/26298/stat,1748994130065,98515,7125
/proc/stat,1748994131061,2855531,325350
/proc/26298/stat,1748994131064,98909,7126
/proc/stat,1748994132059,2855810,325358
