SourceFile,Timestamp,userTime (Ticks),systemTime (Ticks)
/proc/stat,1749213109123,422096,64829
/proc/18161/stat,1749213109134,515,27
/proc/stat,1749213110037,422408,64854
/proc/18161/stat,1749213110038,828,49
/proc/stat,1749213111030,422776,64856
/proc/18161/stat,1749213111031,1198,49
/proc/stat,1749213112024,423144,64859
/proc/18161/stat,1749213112025,1566,51
/proc/stat,1749213113031,423512,64860
/proc/18161/stat,1749213113032,1940,51
/proc/stat,1749213114041,423889,64864
/proc/18161/stat,1749213114041,2316,53
/proc/stat,1749213115041,424266,64866
/proc/18161/stat,1749213115041,2688,53
/proc/stat,1749213116032,424620,64874
/proc/18161/stat,1749213116032,3044,61
/proc/stat,1749213117039,424966,64900
/proc/18161/stat,1749213117039,3386,85
/proc/stat,1749213118030,425331,64905
/proc/18161/stat,1749213118031,3753,89
/proc/stat,1749213119043,425707,64908
/proc/18161/stat,1749213119044,4126,90
/proc/stat,1749213120032,426079,64912
/proc/18161/stat,1749213120034,4495,92
/proc/stat,1749213121036,426451,64914
/proc/18161/stat,1749213121036,4871,92
/proc/stat,1749213122037,426818,64917
/proc/18161/stat,1749213122038,5241,94
/proc/stat,1749213123029,427180,64930
/proc/18161/stat,1749213123030,5599,106
/proc/stat,1749213124027,427539,64944
/proc/18161/stat,1749213124027,5959,116
/proc/stat,1749213125026,427904,64948
/proc/18161/stat,1749213125027,6328,120
/proc/stat,1749213126042,428277,64952
/proc/18161/stat,1749213126043,6705,123
/proc/stat,1749213127027,428634,64956
/proc/18161/stat,1749213127027,7067,126
/proc/stat,1749213128037,429010,64961
/proc/18161/stat,1749213128038,7444,129
/proc/stat,1749213129030,429380,64965
/proc/18161/stat,1749213129031,7817,133
/proc/stat,1749213130042,429728,64992
/proc/18161/stat,1749213130042,8165,157
/proc/stat,1749213131032,430081,64997
/proc/18161/stat,1749213131032,8522,161
/proc/stat,1749213132034,430450,65000
/proc/18161/stat,1749213132035,8892,163
/proc/stat,1749213133029,430811,65005
/proc/18161/stat,1749213133030,9261,165
/proc/stat,1749213134033,431174,65008
/proc/18161/stat,1749213134033,9633,166
/proc/stat,1749213135037,431544,65010
/proc/18161/stat,1749213135038,10008,168
/proc/stat,1749213136036,431908,65017
/proc/18161/stat,1749213136036,10376,173
/proc/stat,1749213137031,432248,65040
/proc/18161/stat,1749213137032,10720,196
/proc/stat,1749213138024,432616,65042
/proc/18161/stat,1749213138025,11092,196
/proc/stat,1749213139033,432999,65045
/proc/18161/stat,1749213139034,11469,197
/proc/stat,1749213140027,433366,65047
/proc/18161/stat,1749213140028,11839,198
/proc/stat,1749213141031,433737,65050
/proc/18161/stat,1749213141031,12214,199
/proc/stat,1749213142041,434113,65051
/proc/18161/stat,1749213142041,12591,199
/proc/stat,1749213143055,434483,65063
/proc/18161/stat,1749213143055,12960,210
/proc/stat,1749213144035,434821,65090
/proc/18161/stat,1749213144036,13296,235
/proc/stat,1749213145025,435184,65092
/proc/18161/stat,1749213145026,13666,236
/proc/stat,1749213146036,435553,65096
/proc/18161/stat,1749213146037,14043,238
/proc/stat,1749213147026,435922,65102
/proc/18161/stat,1749213147026,14412,242
/proc/stat,1749213148037,436277,65123
/proc/18161/stat,1749213148038,14771,262
/proc/stat,1749213149023,436619,65144
/proc/18161/stat,1749213149023,15116,282
/proc/stat,1749213150044,437000,65149
/proc/18161/stat,1749213150045,15498,285
/proc/stat,1749213151041,437356,65164
/proc/18161/stat,1749213151042,15854,299
/proc/stat,1749213152033,437704,65183
/proc/18161/stat,1749213152034,16205,317
/proc/stat,1749213153038,438076,65185
/proc/18161/stat,1749213153038,16580,317
/proc/stat,1749213154036,438449,65189
/proc/18161/stat,1749213154039,16954,320
/proc/stat,1749213155032,438812,65204
/proc/18161/stat,1749213155033,17315,332
/proc/stat,1749213156061,439194,65215
/proc/18161/stat,1749213156061,17696,342
/proc/stat,1749213157033,439554,65226
/proc/18161/stat,1749213157034,18056,349
/proc/stat,1749213158058,439937,65235
/proc/18161/stat,1749213158059,18437,355
/proc/stat,1749213159064,440309,65248
/proc/18161/stat,1749213159065,18809,365
/proc/stat,1749213160035,440645,65272
/proc/18161/stat,1749213160035,19142,389
/proc/stat,1749213161036,441010,65285
/proc/18161/stat,1749213161036,19508,399
/proc/stat,1749213162054,441397,65287
/proc/18161/stat,1749213162054,19891,400
/proc/stat,1749213163052,441770,65292
/proc/18161/stat,1749213163053,20265,403
/proc/stat,1749213164032,442138,65294
/proc/18161/stat,1749213164033,20634,403
/proc/stat,1749213165043,442516,65297
/proc/18161/stat,1749213165044,21010,405
/proc/stat,1749213166033,442888,65302
/proc/18161/stat,1749213166033,21380,406
/proc/stat,1749213167058,443267,65309
/proc/18161/stat,1749213167058,21759,411
/proc/stat,1749213168036,443632,65319
/proc/18161/stat,1749213168036,22124,419
/proc/stat,1749213169040,443992,65342
/proc/18161/stat,1749213169040,22482,439
/proc/stat,1749213170036,444352,65355
/proc/18161/stat,1749213170036,22840,450
/proc/stat,1749213171027,444716,65368
/proc/18161/stat,1749213171027,23203,461
/proc/stat,1749213172033,445063,65390
/proc/18161/stat,1749213172033,23554,482
/proc/stat,1749213173044,445432,65396
/proc/18161/stat,1749213173045,23931,484
/proc/stat,1749213174041,445802,65399
/proc/18161/stat,1749213174041,24303,486
/proc/stat,1749213175045,446178,65403
/proc/18161/stat,1749213175045,24669,489
/proc/stat,1749213176043,446551,65406
/proc/18161/stat,1749213176044,25039,491
/proc/stat,1749213177037,446918,65412
/proc/18161/stat,1749213177038,25408,496
/proc/stat,1749213178045,447272,65438
/proc/18161/stat,1749213178045,25764,520
/proc/stat,1749213179036,447641,65442
/proc/18161/stat,1749213179036,26130,521
/proc/stat,1749213180033,448012,65447
/proc/18161/stat,1749213180033,26505,524
/proc/stat,1749213181033,448383,65452
/proc/18161/stat,1749213181033,26877,527
/proc/stat,1749213182061,448773,65455
/proc/18161/stat,1749213182062,27266,528
/proc/stat,1749213183052,449145,65464
/proc/18161/stat,1749213183053,27639,535
/proc/stat,1749213184053,449516,65474
/proc/18161/stat,1749213184054,28008,544
/proc/stat,1749213185046,449887,65483
/proc/18161/stat,1749213185047,28377,551
/proc/stat,1749213186034,450252,65496
/proc/18161/stat,1749213186034,28741,563
/proc/stat,1749213187041,450603,65519
/proc/18161/stat,1749213187042,29091,584
/proc/stat,1749213188044,450978,65530
/proc/18161/stat,1749213188044,29464,593
/proc/stat,1749213189055,451352,65542
/proc/18161/stat,1749213189055,29835,603
/proc/stat,1749213190037,451683,65580
/proc/18161/stat,1749213190037,30161,639
/proc/stat,1749213191043,452062,65583
/proc/18161/stat,1749213191043,30536,641
/proc/stat,1749213192043,452437,65588
/proc/18161/stat,1749213192044,30911,643
/proc/stat,1749213193044,452814,65592
/proc/18161/stat,1749213193045,31287,645
/proc/stat,1749213194035,453185,65596
/proc/18161/stat,1749213194035,31653,648
/proc/stat,1749213195041,453565,65598
/proc/18161/stat,1749213195041,32032,649
/proc/stat,1749213196042,453943,65600
/proc/18161/stat,1749213196043,32409,649
/proc/stat,1749213197033,454309,65615
/proc/18161/stat,1749213197033,32773,664
/proc/stat,1749213198053,454642,65663
/proc/18161/stat,1749213198053,33106,708
/proc/stat,1749213199053,455022,65665
/proc/18161/stat,1749213199054,33484,708
/proc/stat,1749213200029,455385,65667
/proc/18161/stat,1749213200029,33848,709
/proc/stat,1749213201031,455762,65669
/proc/18161/stat,1749213201031,34222,709
/proc/stat,1749213202047,456141,65673
/proc/18161/stat,1749213202048,34600,712
/proc/stat,1749213203037,456518,65675
/proc/18161/stat,1749213203037,34973,712
/proc/stat,1749213204049,456898,65682
/proc/18161/stat,1749213204049,35350,718
/proc/stat,1749213205036,457258,65691
/proc/18161/stat,1749213205037,35712,725
/proc/stat,1749213206033,457627,65703
/proc/18161/stat,1749213206033,36079,736
/proc/stat,1749213207036,457992,65713
/proc/18161/stat,1749213207036,36447,745
/proc/stat,1749213208030,458359,65722
/proc/18161/stat,1749213208030,36816,752
/proc/stat,1749213209031,458725,65729
/proc/18161/stat,1749213209032,37184,757
/proc/stat,1749213210048,459076,65753
/proc/18161/stat,1749213210048,37535,780
/proc/stat,1749213211035,459443,65756
/proc/18161/stat,1749213211035,37905,781
/proc/stat,1749213212031,459811,65759
/proc/18161/stat,1749213212031,38278,782
/proc/stat,1749213213036,460183,65762
/proc/18161/stat,1749213213037,38654,783
/proc/stat,1749213214039,460537,65786
/proc/18161/stat,1749213214039,39010,805
/proc/stat,1749213215051,460907,65798
/proc/18161/stat,1749213215052,39377,815
/proc/stat,1749213216039,461260,65818
/proc/18161/stat,1749213216039,39729,833
/proc/stat,1749213217036,461630,65822
/proc/18161/stat,1749213217036,40100,835
/proc/stat,1749213218032,462002,65827
/proc/18161/stat,1749213218033,40475,838
/proc/stat,1749213219042,462377,65831
/proc/18161/stat,1749213219043,40853,840
/proc/stat,1749213220051,462754,65834
/proc/18161/stat,1749213220051,41231,840
/proc/stat,1749213221043,463126,65843
/proc/18161/stat,1749213221044,41602,847
/proc/stat,1749213222033,463480,65864
/proc/18161/stat,1749213222033,41952,867
/proc/stat,1749213223060,463855,65877
/proc/18161/stat,1749213223060,42329,878
/proc/stat,1749213224045,464226,65885
/proc/18161/stat,1749213224046,42698,884
/proc/stat,1749213225040,464596,65893
/proc/18161/stat,1749213225041,43071,890
/proc/stat,1749213226052,464970,65904
/proc/18161/stat,1749213226052,43443,898
/proc/stat,1749213227038,465337,65912
/proc/18161/stat,1749213227039,43806,905
/proc/stat,1749213228058,465709,65928
/proc/18161/stat,1749213228059,44182,917
/proc/stat,1749213229053,466066,65946
/proc/18161/stat,1749213229054,44537,933
/proc/stat,1749213230056,466448,65950
/proc/18161/stat,1749213230057,44914,936
/proc/stat,1749213231055,466827,65955
/proc/18161/stat,1749213231055,45292,939
/proc/stat,1749213232037,467182,65969
/proc/18161/stat,1749213232037,45653,950
/proc/stat,1749213233039,467546,65981
/proc/18161/stat,1749213233039,46015,961
/proc/stat,1749213234039,467922,65989
/proc/18161/stat,1749213234040,46390,967
/proc/stat,1749213235042,468265,66022
/proc/18161/stat,1749213235043,46730,998
/proc/stat,1749213236042,468641,66026
/proc/18161/stat,1749213236042,47104,999
/proc/stat,1749213237047,469018,66029
/proc/18161/stat,1749213237047,47481,1001
/proc/stat,1749213238036,469394,66031
/proc/18161/stat,1749213238036,47856,1001
/proc/stat,1749213239035,469768,66038
/proc/18161/stat,1749213239035,48228,1006
/proc/stat,1749213240059,470150,66052
/proc/18161/stat,1749213240060,48608,1017
/proc/stat,1749213241048,470506,66070
/proc/18161/stat,1749213241049,48959,1033
/proc/stat,1749213242037,470868,66084
/proc/18161/stat,1749213242037,49320,1045
/proc/stat,1749213243058,471248,66091
/proc/18161/stat,1749213243058,49703,1050
/proc/stat,1749213244046,471584,66125
/proc/18161/stat,1749213244047,50038,1082
/proc/stat,1749213245038,471950,66131
/proc/18161/stat,1749213245038,50404,1086
/proc/stat,1749213246041,472323,66138
/proc/18161/stat,1749213246041,50775,1090
/proc/stat,1749213247033,472692,66146
/proc/18161/stat,1749213247033,51143,1096
/proc/stat,1749213248038,473070,66150
/proc/18161/stat,1749213248039,51520,1098
/proc/stat,1749213249036,473446,66152
/proc/18161/stat,1749213249036,51895,1098
/proc/stat,1749213250034,473826,66154
/proc/18161/stat,1749213250035,52274,1099
/proc/stat,1749213251040,474205,66157
/proc/18161/stat,1749213251040,52647,1100
/proc/stat,1749213252050,474590,66164
/proc/18161/stat,1749213252051,53030,1105
/proc/stat,1749213253050,474960,66173
/proc/18161/stat,1749213253051,53402,1111
/proc/stat,1749213254044,475307,66198
/proc/18161/stat,1749213254045,53749,1133
/proc/stat,1749213255049,475688,66205
/proc/18161/stat,1749213255050,54124,1136
/proc/stat,1749213256037,476050,66214
/proc/18161/stat,1749213256037,54488,1141
/proc/stat,1749213257040,476418,66217
/proc/18161/stat,1749213257040,54860,1143
/proc/stat,1749213258054,476796,66222
/proc/18161/stat,1749213258055,55238,1146
/proc/stat,1749213259032,477163,66225
/proc/18161/stat,1749213259032,55604,1148
/proc/stat,1749213260045,477542,66228
/proc/18161/stat,1749213260045,55982,1149
/proc/stat,1749213261047,477918,66236
/proc/18161/stat,1749213261047,56357,1155
/proc/stat,1749213262038,478286,66242
/proc/18161/stat,1749213262039,56726,1160
/proc/stat,1749213263055,478644,66269
/proc/18161/stat,1749213263055,57069,1177
/proc/stat,1749213264045,479014,66280
/proc/18161/stat,1749213264046,57436,1186
/proc/stat,1749213265046,479369,66295
/proc/18161/stat,1749213265046,57794,1199
/proc/stat,1749213266040,479740,66304
/proc/18161/stat,1749213266040,58167,1206
/proc/stat,1749213267036,480091,66328
/proc/18161/stat,1749213267036,58516,1228
/proc/stat,1749213268041,480470,66332
/proc/18161/stat,1749213268042,58895,1229
/proc/stat,1749213269038,480842,66336
/proc/18161/stat,1749213269039,59268,1231
/proc/stat,1749213270049,481218,66342
/proc/18161/stat,1749213270050,59646,1234
/proc/stat,1749213271036,481582,66352
/proc/18161/stat,1749213271036,60010,1241
/proc/stat,1749213272034,481956,66362
/proc/18161/stat,1749213272034,60382,1251
/proc/stat,1749213273043,482312,66388
/proc/18161/stat,1749213273044,60738,1275
/proc/stat,1749213274034,482678,66392
/proc/18161/stat,1749213274035,61105,1278
/proc/stat,1749213275037,483054,66398
/proc/18161/stat,1749213275038,61479,1281
/proc/stat,1749213276039,483428,66402
/proc/18161/stat,1749213276039,61854,1283
/proc/stat,1749213277033,483800,66406
/proc/18161/stat,1749213277033,62224,1284
/proc/stat,1749213278045,484182,66410
/proc/18161/stat,1749213278045,62604,1287
/proc/stat,1749213279038,484557,66414
/proc/18161/stat,1749213279038,62978,1290
/proc/stat,1749213280049,484938,66416
/proc/18161/stat,1749213280049,63358,1291
/proc/stat,1749213281037,485312,66420
/proc/18161/stat,1749213281038,63732,1293
/proc/stat,1749213282054,485694,66430
/proc/18161/stat,1749213282054,64114,1300
/proc/stat,1749213283036,486029,66462
/proc/18161/stat,1749213283037,64447,1330
/proc/stat,1749213284033,486412,66464
/proc/18161/stat,1749213284033,64825,1331
/proc/stat,1749213285034,486789,66467
/proc/18161/stat,1749213285034,65200,1332
/proc/stat,1749213286039,487162,66471
/proc/18161/stat,1749213286040,65574,1334
/proc/stat,1749213287043,487535,66476
/proc/18161/stat,1749213287043,65945,1337
/proc/stat,1749213288037,487912,66480
/proc/18161/stat,1749213288038,66318,1340
/proc/stat,1749213289052,488288,66485
/proc/18161/stat,1749213289053,66696,1342
/proc/stat,1749213290041,488656,66494
/proc/18161/stat,1749213290041,67068,1348
/proc/stat,1749213291040,489026,66502
/proc/18161/stat,1749213291041,67441,1355
/proc/stat,1749213292041,489383,66519
/proc/18161/stat,1749213292041,67799,1371
/proc/stat,1749213293033,489749,66529
/proc/18161/stat,1749213293033,68165,1379
/proc/stat,1749213294033,490122,66539
/proc/18161/stat,1749213294033,68538,1386
/proc/stat,1749213295042,490491,66553
/proc/18161/stat,1749213295042,68906,1398
/proc/stat,1749213296033,490862,66556
/proc/18161/stat,1749213296033,69277,1400
/proc/stat,1749213297048,491234,66566
/proc/18161/stat,1749213297049,69650,1409
/proc/stat,1749213298039,491606,66572
/proc/18161/stat,1749213298039,70021,1411
/proc/stat,1749213299039,491973,66586
/proc/18161/stat,1749213299039,70386,1424
/proc/stat,1749213300051,492352,66592
/proc/18161/stat,1749213300052,70764,1426
/proc/stat,1749213301034,492718,66602
/proc/18161/stat,1749213301035,71126,1434
/proc/stat,1749213302054,493099,66610
/proc/18161/stat,1749213302055,71506,1441
/proc/stat,1749213303044,493474,66616
/proc/18161/stat,1749213303044,71880,1446
/proc/stat,1749213304036,493798,66658
/proc/18161/stat,1749213304037,72207,1485
/proc/stat,1749213305045,494181,66661
/proc/18161/stat,1749213305046,72587,1486
/proc/stat,1749213306039,494551,66666
/proc/18161/stat,1749213306040,72961,1488
/proc/stat,1749213307049,494932,66670
/proc/18161/stat,1749213307049,73342,1490
/proc/stat,1749213308037,495305,66674
/proc/18161/stat,1749213308037,73715,1491
/proc/stat,1749213309035,495680,66677
/proc/18161/stat,1749213309035,74089,1493
/proc/stat,1749213310040,496063,66680
/proc/18161/stat,1749213310041,74469,1495
/proc/stat,1749213311049,496445,66693
/proc/18161/stat,1749213311049,74842,1506
/proc/stat,1749213312041,496780,66729
/proc/18161/stat,1749213312041,75176,1541
/proc/stat,1749213313039,497151,66731
/proc/18161/stat,1749213313040,75550,1542
/proc/stat,1749213314033,497526,66736
/proc/18161/stat,1749213314033,75924,1544
/proc/stat,1749213315041,497906,66740
/proc/18161/stat,1749213315041,76302,1546
/proc/stat,1749213316032,498279,66743
/proc/18161/stat,1749213316033,76676,1547
/proc/stat,1749213317042,498660,66748
/proc/18161/stat,1749213317042,77056,1550
/proc/stat,1749213318045,499031,66758
/proc/18161/stat,1749213318045,77426,1557
/proc/stat,1749213319049,499410,66760
/proc/18161/stat,1749213319049,77804,1558
/proc/stat,1749213320045,499787,66766
/proc/18161/stat,1749213320045,78178,1562
/proc/stat,1749213321044,500144,66784
/proc/18161/stat,1749213321044,78531,1578
/proc/stat,1749213322052,500520,66788
/proc/18161/stat,1749213322052,78908,1580
/proc/stat,1749213323039,500884,66792
/proc/18161/stat,1749213323039,79271,1582
/proc/stat,1749213324033,501250,66798
/proc/18161/stat,1749213324034,79640,1586
/proc/stat,1749213325040,501621,66811
/proc/18161/stat,1749213325041,80007,1597
/proc/stat,1749213326033,501991,66825
/proc/18161/stat,1749213326033,80373,1609
/proc/stat,1749213327036,502360,66837
/proc/18161/stat,1749213327036,80739,1619
/proc/stat,1749213328049,502743,66842
/proc/18161/stat,1749213328049,81121,1621
/proc/stat,1749213329039,503114,66844
/proc/18161/stat,1749213329039,81493,1622
/proc/stat,1749213330038,503486,66855
/proc/18161/stat,1749213330039,81865,1631
/proc/stat,1749213331041,503827,66889
/proc/18161/stat,1749213331041,82206,1661
/proc/stat,1749213332036,504204,66893
/proc/18161/stat,1749213332036,82581,1663
/proc/stat,1749213333040,504580,66900
/proc/18161/stat,1749213333040,82956,1668
/proc/stat,1749213334052,504960,66902
/proc/18161/stat,1749213334052,83339,1668
/proc/stat,1749213335036,505324,66906
/proc/18161/stat,1749213335036,83702,1671
/proc/stat,1749213336041,505702,66911
/proc/18161/stat,1749213336041,84081,1673
/proc/stat,1749213337033,506073,66919
/proc/18161/stat,1749213337034,84454,1678
/proc/stat,1749213338035,506450,66922
/proc/18161/stat,1749213338035,84831,1680
/proc/stat,1749213339046,506830,66931
/proc/18161/stat,1749213339046,85209,1686
/proc/stat,1749213340046,507180,66952
/proc/18161/stat,1749213340046,85560,1705
/proc/stat,1749213341037,507552,66960
/proc/18161/stat,1749213341038,85930,1712
/proc/stat,1749213342032,507924,66965
/proc/18161/stat,1749213342032,86303,1715
/proc/stat,1749213343071,508314,66971
/proc/18161/stat,1749213343071,86695,1720
/proc/stat,1749213344043,508680,66979
/proc/18161/stat,1749213344044,87060,1726
/proc/stat,1749213345043,509060,66982
/proc/18161/stat,1749213345043,87439,1729
/proc/stat,1749213346044,509426,66994
/proc/18161/stat,1749213346044,87804,1739
/proc/stat,1749213347046,509803,67002
/proc/18161/stat,1749213347046,88179,1745
/proc/stat,1749213348041,510176,67010
/proc/18161/stat,1749213348042,88551,1752
/proc/stat,1749213349054,510546,67028
/proc/18161/stat,1749213349055,88917,1768
/proc/stat,1749213350054,510911,67044
/proc/18161/stat,1749213350054,89279,1781
/proc/stat,1749213351043,511267,67061
/proc/18161/stat,1749213351043,89635,1796
/proc/stat,1749213352040,511636,67065
/proc/18161/stat,1749213352040,90007,1798
/proc/stat,1749213353032,512010,67070
/proc/18161/stat,1749213353032,90375,1800
/proc/stat,1749213354034,512387,67073
/proc/18161/stat,1749213354035,90753,1801
/proc/stat,1749213355034,512768,67077
/proc/18161/stat,1749213355035,91132,1803
/proc/stat,1749213356065,513156,67086
/proc/18161/stat,1749213356066,91521,1808
/proc/stat,1749213357041,513488,67118
/proc/18161/stat,1749213357041,91853,1838
/proc/stat,1749213358040,513862,67121
/proc/18161/stat,1749213358041,92230,1838
/proc/stat,1749213359041,514240,67125
/proc/18161/stat,1749213359041,92607,1839
/proc/stat,1749213360041,514586,67155
/proc/18161/stat,1749213360041,92954,1867
/proc/stat,1749213361038,514962,67159
/proc/18161/stat,1749213361039,93327,1869
/proc/stat,1749213362041,515337,67163
/proc/18161/stat,1749213362041,93703,1871
/proc/stat,1749213363047,515714,67168
/proc/18161/stat,1749213363047,94080,1874
/proc/stat,1749213364042,516096,67171
/proc/18161/stat,1749213364042,94455,1875
/proc/stat,1749213365043,516467,67183
/proc/18161/stat,1749213365044,94823,1885
/proc/stat,1749213366045,516844,67192
/proc/18161/stat,1749213366045,95200,1892
/proc/stat,1749213367043,517197,67212
/proc/18161/stat,1749213367043,95557,1909
/proc/stat,1749213368037,517573,67220
/proc/18161/stat,1749213368037,95933,1914
/proc/stat,1749213369047,517932,67236
/proc/18161/stat,1749213369048,96296,1929
/proc/stat,1749213370052,518277,67274
/proc/18161/stat,1749213370052,96638,1965
/proc/stat,1749213371038,518640,67287
/proc/18161/stat,1749213371038,96996,1976
/proc/stat,1749213372040,519016,67292
/proc/18161/stat,1749213372041,97372,1979
/proc/stat,1749213373041,519390,67296
/proc/18161/stat,1749213373041,97747,1980
/proc/stat,1749213374038,519766,67298
/proc/18161/stat,1749213374038,98124,1981
/proc/stat,1749213375054,520151,67300
/proc/18161/stat,1749213375055,98507,1981
/proc/stat,1749213376038,520526,67303
/proc/18161/stat,1749213376038,98879,1983
/proc/stat,1749213377045,520904,67309
/proc/18161/stat,1749213377045,99256,1988
/proc/stat,1749213378045,521282,67312
/proc/18161/stat,1749213378045,99633,1988
/proc/stat,1749213379025,521627,67335
/proc/18161/stat,1749213379026,99979,2009
/proc/stat,1749213380034,521993,67354
/proc/18161/stat,1749213380034,100344,2026
/proc/stat,1749213381037,522358,67366
/proc/18161/stat,1749213381037,100709,2035
/proc/stat,1749213382040,522728,67381
/proc/18161/stat,1749213382040,101074,2049
/proc/stat,1749213383047,523110,67383
/proc/18161/stat,1749213383047,101450,2050
/proc/stat,1749213384032,523474,67387
/proc/18161/stat,1749213384033,101819,2051
/proc/stat,1749213385048,523853,67393
/proc/18161/stat,1749213385048,102198,2055
/proc/stat,1749213386054,524219,67411
/proc/18161/stat,1749213386054,102565,2071
/proc/stat,1749213387047,524595,67414
/proc/18161/stat,1749213387047,102941,2074
/proc/stat,1749213388051,524976,67422
/proc/18161/stat,1749213388052,103318,2079
/proc/stat,1749213389040,525338,67436
/proc/18161/stat,1749213389040,103676,2091
/proc/stat,1749213390045,525688,67462
/proc/18161/stat,1749213390045,104024,2116
/proc/stat,1749213391040,526060,67468
/proc/18161/stat,1749213391040,104397,2119
/proc/stat,1749213392044,526437,67473
/proc/18161/stat,1749213392044,104774,2122
/proc/stat,1749213393040,526812,67477
/proc/18161/stat,1749213393040,105149,2123
/proc/stat,1749213394046,527188,67482
/proc/18161/stat,1749213394046,105525,2125
/proc/stat,1749213395032,527554,67486
/proc/18161/stat,1749213395032,105889,2128
/proc/stat,1749213396033,527927,67491
/proc/18161/stat,1749213396033,106263,2130
/proc/stat,1749213397040,528304,67502
/proc/18161/stat,1749213397041,106640,2138
/proc/stat,1749213398047,528678,67509
/proc/18161/stat,1749213398047,107014,2143
/proc/stat,1749213399044,529026,67531
/proc/18161/stat,1749213399044,107365,2163
/proc/stat,1749213400036,529400,67540
/proc/18161/stat,1749213400036,107735,2170
/proc/stat,1749213401039,529771,67550
/proc/18161/stat,1749213401039,108106,2179
/proc/stat,1749213402040,530152,67558
/proc/18161/stat,1749213402040,108484,2184
/proc/stat,1749213403036,530532,67562
/proc/18161/stat,1749213403037,108861,2186
/proc/stat,1749213404032,530908,67568
/proc/18161/stat,1749213404032,109236,2190
/proc/stat,1749213405036,531277,67580
/proc/18161/stat,1749213405036,109607,2200
/proc/stat,1749213406055,531655,67593
/proc/18161/stat,1749213406055,109985,2211
/proc/stat,1749213407041,532008,67612
/proc/18161/stat,1749213407041,110333,2228
/proc/stat,1749213408059,532394,67616
/proc/18161/stat,1749213408059,110718,2232
/proc/stat,1749213409040,532761,67624
/proc/18161/stat,1749213409040,111084,2237
/proc/stat,1749213410043,533106,67654
/proc/18161/stat,1749213410044,111427,2265
/proc/stat,1749213411036,533478,67657
/proc/18161/stat,1749213411036,111798,2265
/proc/stat,1749213412046,533860,67660
/proc/18161/stat,1749213412046,112180,2267
/proc/stat,1749213413037,534235,67664
/proc/18161/stat,1749213413037,112555,2269
/proc/stat,1749213414050,534617,67668
/proc/18161/stat,1749213414050,112936,2270
/proc/stat,1749213415044,534990,67679
/proc/18161/stat,1749213415045,113308,2279
/proc/stat,1749213416039,535344,67696
/proc/18161/stat,1749213416039,113662,2295
/proc/stat,1749213417039,535722,67699
/proc/18161/stat,1749213417040,114037,2295
/proc/stat,1749213418054,536103,67702
/proc/18161/stat,1749213418055,114420,2297
/proc/stat,1749213419038,536467,67708
/proc/18161/stat,1749213419038,114781,2301
/proc/stat,1749213420035,536840,67711
/proc/18161/stat,1749213420035,115156,2302
/proc/stat,1749213421038,537214,67714
/proc/18161/stat,1749213421039,115531,2305
/proc/stat,1749213422034,537589,67720
/proc/18161/stat,1749213422034,115908,2308
/proc/stat,1749213423032,537950,67734
/proc/18161/stat,1749213423033,116271,2319
/proc/stat,1749213424044,538331,67741
/proc/18161/stat,1749213424044,116653,2324
/proc/stat,1749213425032,538686,67757
/proc/18161/stat,1749213425032,117009,2337
/proc/stat,1749213426036,539062,67761
/proc/18161/stat,1749213426037,117387,2339
/proc/stat,1749213427070,539449,67763
/proc/18161/stat,1749213427070,117777,2340
/proc/stat,1749213428048,539798,67787
/proc/18161/stat,1749213428048,118125,2360
/proc/stat,1749213429037,540170,67797
/proc/18161/stat,1749213429037,118491,2368
/proc/stat,1749213430036,540527,67812
/proc/18161/stat,1749213430036,118850,2382
/proc/stat,1749213431057,540916,67818
/proc/18161/stat,1749213431057,119235,2385
/proc/stat,1749213432032,541235,67861
/proc/18161/stat,1749213432032,119554,2426
/proc/stat,1749213433035,541613,67865
/proc/18161/stat,1749213433035,119931,2428
/proc/stat,1749213434044,541991,67869
/proc/18161/stat,1749213434045,120312,2430
/proc/stat,1749213435048,542366,67872
/proc/18161/stat,1749213435048,120686,2432
/proc/stat,1749213436041,542744,67875
/proc/18161/stat,1749213436041,121064,2433
/proc/stat,1749213437045,543120,67878
/proc/18161/stat,1749213437046,121441,2433
/proc/stat,1749213438033,543479,67898
/proc/18161/stat,1749213438033,121800,2451
/proc/stat,1749213439045,543844,67910
/proc/18161/stat,1749213439045,122167,2462
/proc/stat,1749213440037,544214,67913
/proc/18161/stat,1749213440037,122538,2463
/proc/stat,1749213441035,544594,67916
/proc/18161/stat,1749213441036,122914,2464
/proc/stat,1749213442030,544966,67925
/proc/18161/stat,1749213442030,123287,2470
/proc/stat,1749213443033,545332,67939
/proc/18161/stat,1749213443033,123649,2482
/proc/stat,1749213444032,545710,67942
/proc/18161/stat,1749213444032,124028,2483
/proc/stat,1749213445040,546096,67945
/proc/18161/stat,1749213445041,124407,2484
/proc/stat,1749213446037,546466,67952
/proc/18161/stat,1749213446037,124777,2490
/proc/stat,1749213447047,546846,67958
/proc/18161/stat,1749213447047,125156,2494
/proc/stat,1749213448050,547220,67965
/proc/18161/stat,1749213448050,125529,2499
/proc/stat,1749213449070,547597,67977
/proc/18161/stat,1749213449070,125907,2510
/proc/stat,1749213450061,547966,67991
/proc/18161/stat,1749213450062,126274,2522
/proc/stat,1749213451059,548323,68012
/proc/18161/stat,1749213451059,126630,2540
/proc/stat,1749213452042,548680,68026
/proc/18161/stat,1749213452042,126987,2552
/proc/stat,1749213453046,549056,68031
/proc/18161/stat,1749213453046,127362,2554
/proc/stat,1749213454044,549434,68035
/proc/18161/stat,1749213454044,127740,2557
/proc/stat,1749213455048,549797,68051
/proc/18161/stat,1749213455049,128104,2570
/proc/stat,1749213456041,550166,68057
/proc/18161/stat,1749213456041,128474,2574
/proc/stat,1749213457042,550529,68074
/proc/18161/stat,1749213457042,128839,2589
/proc/stat,1749213458036,550902,68078
/proc/18161/stat,1749213458036,129214,2591
/proc/stat,1749213459035,551240,68112
/proc/18161/stat,1749213459036,129553,2624
/proc/stat,1749213460039,551618,68116
/proc/18161/stat,1749213460039,129930,2626
/proc/stat,1749213461043,551995,68120
/proc/18161/stat,1749213461043,130310,2627
/proc/stat,1749213462040,552365,68125
/proc/18161/stat,1749213462040,130684,2629
/proc/stat,1749213463049,552746,68131
/proc/18161/stat,1749213463049,131062,2632
/proc/stat,1749213464040,553114,68135
/proc/18161/stat,1749213464040,131431,2635
/proc/stat,1749213465046,553496,68138
/proc/18161/stat,1749213465047,131812,2636
/proc/stat,1749213466049,553868,68147
/proc/18161/stat,1749213466049,132186,2642
/proc/stat,1749213467027,554214,68164
/proc/18161/stat,1749213467027,132534,2658
/proc/stat,1749213468046,554589,68178
/proc/18161/stat,1749213468047,132907,2669
/proc/stat,1749213469039,554964,68186
/proc/18161/stat,1749213469039,133280,2674
/proc/stat,1749213470038,555292,68223
/proc/18161/stat,1749213470038,133611,2710
/proc/stat,1749213471039,555666,68226
/proc/18161/stat,1749213471039,133987,2711
/proc/stat,1749213472050,556047,68228
/proc/18161/stat,1749213472050,134365,2713
/proc/stat,1749213473042,556424,68231
/proc/18161/stat,1749213473042,134738,2714
/proc/stat,1749213474036,556800,68234
/proc/18161/stat,1749213474037,135115,2714
/proc/stat,1749213475039,557177,68237
/proc/18161/stat,1749213475039,135492,2714
/proc/stat,1749213476017,557463,68251
