Timestamp,Domain,Power (Watts),DRAM Power (Watts), Energy (micro joules), DRAM Energy (micro joules)
1749213109080,package-0,16.325092,12.087799,51034524502,11835368627
1749213111007,package-0,16.306355,12.17929,51065677804,11858634619
1749213113007,package-0,16.449116,12.301604,51098509263,11883147984
1749213115007,package-0,16.327046,12.21408,51131248620,11907619357
1749213117007,package-0,16.461994,12.29489,51163932862,11932051240
1749213119007,package-0,16.490619,12.312713,51196872719,11956642120
1749213121007,package-0,16.458088,12.284881,51229890030,11981235441
1749213123007,package-0,16.388813,12.275298,51262678154,12005804897
1749213125007,package-0,16.575519,12.382659,51295694793,12030445032
1749213127007,package-0,16.550556,12.326201,51328780585,12055159690
1749213129007,package-0,16.187336,12.128143,51361696699,12079894856
1749213131007,package-0,16.458271,12.309661,51394557699,12104434222
1749213133007,package-0,16.524006,12.344451,51427556455,12129059403
1749213135007,package-0,16.653644,12.519987,51460737950,12153931959
1749213137007,package-0,16.541035,12.382048,51493425122,12178413952
1749213139007,package-0,16.280354,12.084442,51526209218,12202847300
1749213141007,package-0,16.18221,12.032623,51558554960,12226884531
1749213143007,package-0,16.211262,12.192535,51591166571,12251367806
1749213145007,package-0,16.413715,12.236236,51623861250,12275715949
1749213147007,package-0,16.344014,12.254912,51656853903,12300492497
1749213149007,package-0,16.304462,12.114837,51689524778,12324888553
1749213151007,package-0,16.155476,12.0242,51722080664,12349254091
1749213153007,package-0,16.458637,12.312834,51754802810,12373663574
1749213155007,package-0,11.14139,7.217938,51781085701,12391970107
1749213157008,package-0,9.410926,5.582689,51800691547,12403876693
1749213159007,package-0,9.419959,5.594224,51819551667,12415079789
1749213161007,package-0,9.476539,5.535386,51838523665,12426207324
1749213163007,package-0,9.470801,5.544908,51857438594,12437290609
1749213165008,package-0,9.472144,5.543198,51876374886,12448382560
1749213167007,package-0,9.487158,5.580369,51895299947,12459529199
1749213169007,package-0,10.421604,6.538984,51915144074,12471708428
1749213171008,package-0,11.560334,7.60667,51938102511,12486791642
1749213173008,package-0,11.45334,7.450421,51960996679,12501675637
1749213175008,package-0,11.45572,7.451519,51983904640,12516583680
1749213177007,package-0,11.410371,7.508282,52006739298,12531566857
1749213179017,package-0,11.48227,7.450909,52029822491,12546580551
1749213181007,package-0,9.459998,5.570238,52049750602,12558560013
1749213183007,package-0,9.474829,5.642625,52068682133,12569823534
1749213185007,package-0,9.485999,5.618821,52087600847,12581006549
1749213187007,package-0,9.465002,5.610887,52106507048,12592265371
1749213189007,package-0,9.467688,5.609421,52125428814,12603488425
1749213191007,package-0,9.481177,5.546434,52144364007,12614576837
1749213193009,package-0,9.461036,5.539171,52163278876,12625658352
1749213195011,package-0,9.481726,5.546556,52182233356,12636756712
1749213197007,package-0,9.489295,5.656358,52201108857,12648011871
1749213199007,package-0,11.47519,7.515423,52222555640,12661571956
1749213201007,package-0,11.453156,7.449566,52245438394,12676412555
1749213203007,package-0,11.469575,7.503093,52268358074,12691364909
1749213205008,package-0,11.489351,7.575237,52291260238,12706450198
1749213207007,package-0,11.460298,7.493206,52314140733,12721404017
1749213209007,package-0,11.505342,7.575298,52337079273,12736410632
1749213211008,package-0,11.479341,7.492474,52360013724,12751353831
1749213213007,package-0,11.453035,7.580608,52382879571,12766349398
1749213215013,package-0,11.432282,7.532085,52405827998,12781457574
1749213217007,package-0,9.441382,5.524583,52426362187,12794147178
1749213219007,package-0,9.462989,5.545579,52445274675,12805222406
1749213221007,package-0,9.472083,5.594773,52464199309,12816412990
1749213223007,package-0,9.488806,5.648667,52483125408,12827700498
1749213225007,package-0,9.462134,5.613999,52502030877,12838905547
1749213227007,package-0,9.470923,5.633165,52520957037,12850112062
1749213229008,package-0,9.471656,5.611558,52539884357,12861355258
1749213231007,package-0,9.47428,5.600083,52558801118,12872547368
1749213233007,package-0,9.479773,5.659653,52577711592,12883757422
1749213235008,package-0,9.462928,5.542039,52596639461,12894895944
1749213236011,package-0,9.492347,5.545701,52606150240,12900470514
1749213238007,package-0,9.460059,5.591721,52625009139,12911549099
1749213240007,package-0,9.409156,5.468065,52643874081,12922637511
1749213242007,package-0,9.469763,5.598314,52662791940,12933831269
1749213244008,package-0,9.472754,5.543931,52681714621,12945034548
1749213246007,package-0,9.430701,5.07384,52700646580,12955345496
1749213248007,package-0,9.497839,5.59227,52719512376,12966433846
1749213250007,package-0,9.46781,5.587998,52738393065,12977563334
1749213252007,package-0,9.457374,5.625779,52757302929,12988766309
1749213254007,package-0,9.476782,5.557115,52776222558,12999924911
1749213256008,package-0,9.467383,5.593369,52795149817,13011081620
1749213258007,package-0,9.457679,5.544297,52814037708,13022151050
1749213259013,package-0,9.518408,5.547593,52823611719,13027762486
1749213261007,package-0,9.467872,5.595872,52842415138,13038873663
1749213263007,package-0,9.469336,5.639451,52861326649,13050152016
1749213265007,package-0,9.470191,5.605454,52880236147,13061357431
1749213267007,package-0,9.457251,5.575731,52899143569,13072511700
1749213269007,package-0,9.467993,5.552354,52918060818,13083602797
1749213271008,package-0,9.467933,5.665513,52936981058,13094868637
1749213273007,package-0,9.495703,5.581467,52955878409,13106045305
1749213275007,package-0,9.459815,5.535508,52974796513,13117153370
1749213277010,package-0,9.464271,5.570482,52993736589,13128274558
1749213279007,package-0,9.479346,5.531541,53012634062,13139347771
1749213281007,package-0,9.471106,5.661302,53031537761,13150556117
1749213283007,package-0,9.465979,5.540452,53050447930,13161689877
1749213285007,package-0,9.461645,5.543687,53069349676,13172778594
1749213287007,package-0,9.471045,5.553269,53088268207,13183887757
1749213289007,package-0,9.459082,5.605699,53107175751,13195026523
1749213291007,package-0,9.448584,5.632981,53126073347,13206252324
1749213293007,package-0,9.472693,5.605394,53145001521,13217432899
1749213295007,package-0,9.467627,5.542161,53163920235,13228538583
1749213297007,package-0,9.481727,5.569993,53182833578,13239677287
1749213299008,package-0,9.497107,5.557359,53201772860,13250837415
1749213300012,package-0,9.462805,5.497789,53211245858,13256340819
1749213302007,package-0,9.46421,5.619797,53230107566,13267523102
1749213303009,package-0,9.431738,5.591539,53239548154,13273119890
1749213305007,package-0,9.45835,5.555345,53258465342,13284219593
1749213307009,package-0,9.459815,5.533067,53277402672,13295277975
1749213309007,package-0,9.467506,5.540635,53296300939,13306351494
1749213311007,package-0,9.467383,5.619432,53315209276,13317605433
1749213313007,package-0,9.458411,5.535752,53334117492,13328660336
1749213315007,package-0,9.457861,5.532151,53353024914,13339730193
1749213317007,package-0,9.459571,5.577745,53371936304,13350860963
1749213319007,package-0,9.465918,5.630906,53390861793,13362031161
1749213321009,package-0,9.46781,5.554063,53409790394,13373182012
1749213323007,package-0,9.459449,5.555406,53428672060,13384269569
1749213325007,package-0,9.459876,5.621323,53447591506,13395492074
1749213327007,package-0,9.479773,5.542894,53466499538,13406606731
1749213329007,package-0,9.563818,5.365831,53485522622,13417514723
1749213331008,package-0,9.457373,5.544115,53504329947,13428176378
1749213333007,package-0,9.459631,5.527574,53523228763,13439225178
1749213335010,package-0,9.460486,5.583177,53542176347,13450361929
1749213337007,package-0,9.456214,5.536607,53561054167,13461431725
1749213339007,package-0,9.453284,5.639146,53579959026,13472685175
1749213341007,package-0,9.459631,5.597031,53598873345,13483890224
1749213343007,package-0,9.458655,5.593553,53617790106,13495090574
1749213345007,package-0,9.447608,5.61522,53636691364,13506313202
1749213347007,package-0,9.459815,5.611253,53655608002,13517503908
1749213349007,package-0,9.427894,5.595567,53674494917,13528725925
1749213351008,package-0,9.46958,5.553392,53693452815,13539877691
1749213353007,package-0,9.466712,5.542466,53712352303,13550946022
1749213355011,package-0,9.468665,5.596848,53731306234,13562137033
1749213357007,package-0,9.467994,5.538621,53750178134,13573254681
1749213359008,package-0,9.46012,5.637009,53769069870,13584446241
1749213361008,package-0,9.479406,5.582139,53788023190,13595461960
1749213363007,package-0,9.480993,5.595017,53806924814,13606574053
1749213365009,package-0,9.49729,5.633104,53825869590,13617806630
1749213367007,package-0,9.459143,5.595689,53844730626,13628987387
1749213369007,package-0,9.429297,5.610398,53863589037,13640197380
1749213371007,package-0,9.456275,5.540025,53882553344,13651352381
1749213373007,package-0,9.467933,5.524095,53901473645,13662427914
1749213375007,package-0,9.461463,5.598069,53920375452,13673571990
1749213377007,package-0,9.469703,5.551316,53939292884,13684687928
1749213379007,package-0,9.477576,5.661485,53958198048,13696005221
1749213381007,package-0,9.438025,5.605088,53977089052,13707180119
1749213383007,package-0,9.459021,5.551072,53996017592,13718299597
1749213385007,package-0,9.458594,5.633897,54014935024,13729525094
1749213387007,package-0,9.47605,5.593552,54033860879,13740716715
1749213389007,package-0,9.467871,5.593614,54052759695,13751960461
1749213391007,package-0,9.456152,5.547288,54071664859,13763053267
1749213393007,package-0,9.471289,5.554246,54090585038,13774153092
1749213395009,package-0,9.467505,5.544054,54109512114,13785257190
1749213397007,package-0,9.46244,5.612656,54128405071,13796447102
1749213399007,package-0,9.457434,5.623704,54147309441,13807690299
1749213401007,package-0,9.458105,5.606736,54166227239,13818920189
1749213403007,package-0,9.455664,5.595689,54185130267,13830104853
1749213405007,package-0,9.462622,5.625291,54204047577,13841326748
1749213407007,package-0,9.456519,5.606187,54222962446,13852559569
1749213409007,package-0,9.458655,5.601914,54241871089,13863774078
1749213411007,package-0,9.458533,5.540636,54260781380,13874861636
1749213413007,package-0,9.581274,5.189013,54279811787,13885588964
1749213415007,package-0,9.490332,5.591538,54298640902,13896334786
1749213416011,package-0,9.454444,5.560594,54308105111,13901900751
1749213418007,package-0,9.475867,5.587877,54326980795,13913010525
1749213420007,package-0,9.463294,5.428514,54345890171,13923979979
1749213422007,package-0,9.468909,5.565964,54364806199,13935125580
1749213424007,package-0,9.455969,5.570176,54383712156,13946281069
1749213426007,package-0,9.466651,5.572312,54402631786,13957396397
1749213428007,package-0,9.512793,5.628891,54421569420,13968705328
1749213430007,package-0,9.462561,5.586472,54440448095,13979904213
1749213432007,package-0,9.519507,5.579331,54459412097,13991107981
1749213434007,package-0,9.46189,5.542894,54478267090,14002161786
1749213436007,package-0,9.459693,5.541246,54497181959,14013236709
1749213438007,package-0,9.50553,5.607469,54516097743,14024455491
1749213440007,package-0,9.476233,5.564378,54535010902,14035551410
1749213442007,package-0,9.459754,5.575303,54553916738,14046718984
1749213444007,package-0,9.458655,5.594712,54572826784,14057849204
1749213446007,package-0,9.515844,5.625779,54591791335,14069031915
1749213448008,package-0,9.495398,5.62407,54610698941,14080213954
1749213450007,package-0,9.462805,5.619798,54629564798,14091414365
1749213452007,package-0,9.467932,5.527757,54648478934,14102515167
1749213453008,package-0,9.46128,5.591599,54657950590,14108112564
1749213455007,package-0,9.581091,5.189257,54676960307,14118857227
1749213457007,package-0,9.463355,5.597703,54695747246,14129670554
1749213459007,package-0,9.459083,5.532945,54714679266,14140838250
1749213461007,package-0,9.470007,5.54088,54733589556,14151912013
1749213463007,package-0,9.451819,5.542527,54752492096,14162987790
1749213465007,package-0,9.459936,5.562363,54771408612,14174131438
1749213467007,package-0,9.514563,5.651658,54790325617,14185398011
1749213469007,package-0,9.456824,5.643113,54809234260,14196618014
1749213471007,package-0,9.461279,5.540513,54828144307,14207688359
1749213473007,package-0,9.457129,5.542954,54847060457,14218770423
1749213475007,package-0,8.217204,4.706348,54864729480,14229020031
