SourceFile,Timestamp,userTime (Ticks),systemTime (Ticks)
/proc/stat,1749208624309,405464,80405
/proc/6979/stat,1749208624315,2795,169
/proc/stat,1749208625074,405563,80410
/proc/6979/stat,1749208625078,2880,169
/proc/stat,1749208626059,405670,80419
/proc/6979/stat,1749208626063,2984,175
/proc/stat,1749208627062,405778,80432
/proc/6979/stat,1749208627066,3089,182
/proc/stat,1749208628063,405894,80438
/proc/6979/stat,1749208628067,3200,182
/proc/stat,1749208629065,406013,80443
/proc/6979/stat,1749208629069,3313,182
/proc/stat,1749208630060,406121,80454
/proc/6979/stat,1749208630063,3418,188
/proc/stat,1749208631060,406218,80465
/proc/6979/stat,1749208631064,3512,195
/proc/stat,1749208632060,406361,80469
/proc/6979/stat,1749208632064,3652,195
/proc/stat,1749208633059,406502,80474
/proc/6979/stat,1749208633063,3789,195
/proc/stat,1749208634058,406618,80478
/proc/6979/stat,1749208634062,3903,196
/proc/stat,1749208635065,406740,80483
/proc/6979/stat,1749208635068,4018,196
/proc/stat,1749208636060,406843,80487
/proc/6979/stat,1749208636064,4118,196
/proc/stat,1749208637058,406944,80502
/proc/6979/stat,1749208637061,4214,209
/proc/stat,1749208638063,407066,80507
/proc/6979/stat,1749208638067,4326,210
/proc/stat,1749208639059,407177,80511
/proc/6979/stat,1749208639063,4426,210
/proc/stat,1749208640060,407293,80515
/proc/6979/stat,1749208640063,4539,210
/proc/stat,1749208641061,407409,80519
/proc/6979/stat,1749208641063,4651,210
/proc/stat,1749208642079,407531,80525
/proc/6979/stat,1749208642083,4768,210
/proc/stat,1749208643058,407633,80529
/proc/6979/stat,1749208643062,4867,210
/proc/stat,1749208644061,407748,80537
/proc/6979/stat,1749208644064,4977,213
/proc/stat,1749208645059,408007,80547
/proc/6979/stat,1749208645062,5228,217
/proc/stat,1749208646058,408222,80555
/proc/6979/stat,1749208646061,5428,221
/proc/stat,1749208647059,408321,80590
/proc/6979/stat,1749208647061,5526,252
/proc/stat,1749208648059,408425,80599
/proc/6979/stat,1749208648063,5625,256
/proc/stat,1749208649061,408528,80609
/proc/6979/stat,1749208649065,5725,260
/proc/stat,1749208650061,408649,80614
/proc/6979/stat,1749208650064,5826,261
/proc/stat,1749208651058,408748,80624
/proc/6979/stat,1749208651062,5924,266
/proc/stat,1749208652059,408854,80632
/proc/6979/stat,1749208652063,6027,267
/proc/stat,1749208653070,408970,80644
/proc/6979/stat,1749208653073,6135,275
/proc/stat,1749208654058,409080,80648
/proc/6979/stat,1749208654061,6238,275
/proc/stat,1749208655061,409199,80655
/proc/6979/stat,1749208655064,6350,278
/proc/stat,1749208656060,409310,80664
/proc/6979/stat,1749208656063,6452,283
/proc/stat,1749208657061,409438,80670
/proc/6979/stat,1749208657064,6559,283
/proc/stat,1749208658058,409547,80676
/proc/6979/stat,1749208658061,6667,284
/proc/stat,1749208659061,409653,80688
/proc/6979/stat,1749208659064,6768,293
/proc/stat,1749208660060,409770,80691
/proc/6979/stat,1749208660063,6880,293
/proc/stat,1749208661062,409887,80696
/proc/6979/stat,1749208661065,6993,293
/proc/stat,1749208662059,410006,80702
/proc/6979/stat,1749208662062,7105,295
/proc/stat,1749208663059,410111,80717
/proc/6979/stat,1749208663062,7208,306
/proc/stat,1749208664059,410228,80720
/proc/6979/stat,1749208664062,7322,306
/proc/stat,1749208665059,410346,80726
/proc/6979/stat,1749208665061,7440,307
/proc/stat,1749208666058,410464,80732
/proc/6979/stat,1749208666061,7552,310
/proc/stat,1749208667058,410578,80737
/proc/6979/stat,1749208667061,7665,310
/proc/stat,1749208668059,410681,80742
/proc/6979/stat,1749208668062,7766,310
/proc/stat,1749208669058,410797,80746
/proc/6979/stat,1749208669061,7877,310
/proc/stat,1749208670058,410912,80752
/proc/6979/stat,1749208670061,7988,311
/proc/stat,1749208671059,411015,80770
/proc/6979/stat,1749208671062,8088,325
/proc/stat,1749208672062,411134,80774
/proc/6979/stat,1749208672064,8202,325
/proc/stat,1749208673059,411236,80779
/proc/6979/stat,1749208673062,8301,325
/proc/stat,1749208674058,411355,80786
/proc/6979/stat,1749208674061,8414,328
/proc/stat,1749208675060,411473,80792
/proc/6979/stat,1749208675062,8528,330
/proc/stat,1749208676059,411576,80796
/proc/6979/stat,1749208676061,8628,330
/proc/stat,1749208677057,411678,80800
/proc/6979/stat,1749208677060,8728,330
/proc/stat,1749208678070,411791,80818
/proc/6979/stat,1749208678073,8838,343
/proc/stat,1749208679071,411878,80853
/proc/6979/stat,1749208679073,8921,374
/proc/stat,1749208680060,411985,80856
/proc/6979/stat,1749208680062,9023,374
/proc/stat,1749208681058,412084,80868
/proc/6979/stat,1749208681061,9119,381
/proc/stat,1749208682059,412192,80874
/proc/6979/stat,1749208682061,9225,381
/proc/stat,1749208683069,412298,80883
/proc/6979/stat,1749208683072,9329,385
/proc/stat,1749208684059,412404,80888
/proc/6979/stat,1749208684061,9431,385
/proc/stat,1749208685058,412508,80900
/proc/6979/stat,1749208685061,9533,393
/proc/stat,1749208686059,412613,80905
/proc/6979/stat,1749208686061,9637,393
/proc/stat,1749208687061,412726,80910
/proc/6979/stat,1749208687073,9747,395
/proc/stat,1749208688059,412828,80922
/proc/6979/stat,1749208688062,9846,402
/proc/stat,1749208689058,412938,80926
/proc/6979/stat,1749208689060,9952,403
/proc/stat,1749208690058,413056,80931
/proc/6979/stat,1749208690061,10067,403
/proc/stat,1749208691057,413159,80942
/proc/6979/stat,1749208691060,10168,410
/proc/stat,1749208692058,413266,80947
/proc/6979/stat,1749208692061,10275,412
/proc/stat,1749208693060,413381,80949
/proc/6979/stat,1749208693062,10385,412
/proc/stat,1749208694058,413493,80953
/proc/6979/stat,1749208694061,10496,412
/proc/stat,1749208695058,413596,80968
/proc/6979/stat,1749208695061,10596,423
/proc/stat,1749208696076,413717,80974
/proc/6979/stat,1749208696078,10714,423
/proc/stat,1749208697073,413821,80978
/proc/6979/stat,1749208697075,10814,423
/proc/stat,1749208698061,413943,80980
/proc/6979/stat,1749208698063,10926,423
/proc/stat,1749208699060,414054,80984
/proc/6979/stat,1749208699062,11035,424
/proc/stat,1749208700059,414156,80997
/proc/6979/stat,1749208700062,11135,433
/proc/stat,1749208701060,414269,81000
/proc/6979/stat,1749208701063,11247,433
/proc/stat,1749208702060,414373,81004
/proc/6979/stat,1749208702062,11347,433
/proc/stat,1749208703062,414491,81006
/proc/6979/stat,1749208703065,11462,433
/proc/stat,1749208704062,414608,81009
/proc/6979/stat,1749208704065,11575,433
/proc/stat,1749208705061,414711,81012
/proc/6979/stat,1749208705063,11675,433
/proc/stat,1749208706061,414828,81017
/proc/6979/stat,1749208706063,11789,433
/proc/stat,1749208707058,414951,81020
/proc/6979/stat,1749208707061,11906,433
/proc/stat,1749208708058,415056,81023
/proc/6979/stat,1749208708060,12006,433
/proc/stat,1749208709060,415167,81028
/proc/6979/stat,1749208709062,12106,433
/proc/stat,1749208710060,415275,81057
/proc/6979/stat,1749208710063,12211,458
/proc/stat,1749208711058,415371,81068
/proc/6979/stat,1749208711061,12305,466
/proc/stat,1749208712060,415478,81074
/proc/6979/stat,1749208712062,12408,469
/proc/stat,1749208713060,415581,81081
/proc/6979/stat,1749208713063,12509,472
/proc/stat,1749208714059,415682,81090
/proc/6979/stat,1749208714061,12608,478
/proc/stat,1749208715061,415792,81094
/proc/6979/stat,1749208715064,12715,478
/proc/stat,1749208716058,415899,81098
/proc/6979/stat,1749208716061,12820,478
/proc/stat,1749208717058,416003,81108
/proc/6979/stat,1749208717061,12923,484
/proc/stat,1749208718059,416109,81113
/proc/6979/stat,1749208718061,13028,485
/proc/stat,1749208719059,416220,81123
/proc/6979/stat,1749208719062,13133,492
/proc/stat,1749208720060,416331,81129
/proc/6979/stat,1749208720062,13239,493
/proc/stat,1749208721058,416442,81134
/proc/6979/stat,1749208721060,13347,493
/proc/stat,1749208722061,416562,81139
/proc/6979/stat,1749208722063,13463,494
/proc/stat,1749208723058,416656,81150
/proc/6979/stat,1749208723063,13557,501
/proc/stat,1749208724059,416777,81153
/proc/6979/stat,1749208724061,13676,501
/proc/stat,1749208725060,416890,81156
/proc/6979/stat,1749208725062,13786,501
/proc/stat,1749208726058,417002,81162
/proc/6979/stat,1749208726060,13894,505
/proc/stat,1749208727057,417100,81172
/proc/6979/stat,1749208727060,13988,511
/proc/stat,1749208728058,417221,81176
/proc/6979/stat,1749208728060,14104,511
/proc/stat,1749208729058,417334,81180
/proc/6979/stat,1749208729060,14217,511
/proc/stat,1749208730058,417448,81185
/proc/6979/stat,1749208730060,14328,511
/proc/stat,1749208731057,417564,81192
/proc/6979/stat,1749208731059,14437,512
/proc/stat,1749208732060,417678,81198
/proc/6979/stat,1749208732062,14549,512
/proc/stat,1749208733060,417793,81203
/proc/6979/stat,1749208733062,14661,513
/proc/stat,1749208734072,417890,81215
/proc/6979/stat,1749208734074,14755,520
/proc/stat,1749208735058,418004,81219
/proc/6979/stat,1749208735060,14867,521
/proc/stat,1749208736060,418120,81224
/proc/6979/stat,1749208736063,14981,521
/proc/stat,1749208737061,418222,81229
/proc/6979/stat,1749208737063,15081,521
/proc/stat,1749208738058,418340,81233
/proc/6979/stat,1749208738060,15196,521
/proc/stat,1749208739058,418458,81238
/proc/6979/stat,1749208739060,15312,521
/proc/stat,1749208740059,418562,81242
/proc/6979/stat,1749208740061,15413,521
/proc/stat,1749208741074,418675,81248
/proc/6979/stat,1749208741077,15522,522
/proc/stat,1749208742059,418767,81279
/proc/6979/stat,1749208742061,15613,548
/proc/stat,1749208743060,418874,81283
/proc/6979/stat,1749208743062,15716,549
/proc/stat,1749208744058,418977,81291
/proc/6979/stat,1749208744060,15817,552
/proc/stat,1749208745058,419085,81297
/proc/6979/stat,1749208745061,15922,552
/proc/stat,1749208746061,419187,81307
/proc/6979/stat,1749208746063,16023,558
/proc/stat,1749208747059,419294,81312
/proc/6979/stat,1749208747061,16126,558
/proc/stat,1749208748061,419400,81322
/proc/6979/stat,1749208748063,16230,564
/proc/stat,1749208749072,419514,81328
/proc/6979/stat,1749208749075,16340,565
/proc/stat,1749208750060,419620,81333
/proc/6979/stat,1749208750062,16444,566
/proc/stat,1749208751060,419723,81346
/proc/6979/stat,1749208751063,16541,575
/proc/stat,1749208752059,419840,81350
/proc/6979/stat,1749208752061,16654,575
/proc/stat,1749208753057,419950,81355
/proc/6979/stat,1749208753059,16760,576
/proc/stat,1749208754057,420055,81368
/proc/6979/stat,1749208754059,16861,585
/proc/stat,1749208755057,420169,81369
/proc/6979/stat,1749208755059,16970,585
/proc/stat,1749208756058,420280,81374
/proc/6979/stat,1749208756060,17080,585
/proc/stat,1749208757060,420392,81379
/proc/6979/stat,1749208757062,17191,585
/proc/stat,1749208758057,420492,81397
/proc/6979/stat,1749208758059,17288,598
/proc/stat,1749208759057,420607,81400
/proc/6979/stat,1749208759059,17400,598
/proc/stat,1749208760057,420726,81404
/proc/6979/stat,1749208760060,17517,598
/proc/stat,1749208761059,420840,81408
/proc/6979/stat,1749208761061,17627,598
/proc/stat,1749208762061,420944,81412
/proc/6979/stat,1749208762063,17727,598
/proc/stat,1749208763059,421054,81418
/proc/6979/stat,1749208763061,17838,598
/proc/stat,1749208764060,421168,81423
/proc/6979/stat,1749208764061,17948,599
/proc/stat,1749208765057,421280,81426
/proc/6979/stat,1749208765059,18059,599
/proc/stat,1749208766059,421386,81440
/proc/6979/stat,1749208766061,18164,609
/proc/stat,1749208767058,421505,81442
/proc/6979/stat,1749208767060,18277,609
/proc/stat,1749208768060,421608,81445
/proc/6979/stat,1749208768062,18377,609
/proc/stat,1749208769059,421724,81452
/proc/6979/stat,1749208769061,18491,609
/proc/stat,1749208770060,421844,81456
/proc/6979/stat,1749208770063,18606,609
/proc/stat,1749208771062,421950,81463
/proc/6979/stat,1749208771064,18707,609
/proc/stat,1749208772058,422052,81468
/proc/6979/stat,1749208772060,18807,609
/proc/stat,1749208773057,422161,81495
/proc/6979/stat,1749208773059,18914,631
/proc/stat,1749208774057,422259,81508
/proc/6979/stat,1749208774060,19007,640
/proc/stat,1749208775057,422365,81517
/proc/6979/stat,1749208775059,19109,641
/proc/stat,1749208776057,422469,81529
/proc/6979/stat,1749208776060,19207,647
/proc/stat,1749208777060,422582,81539
/proc/6979/stat,1749208777062,19314,648
/proc/stat,1749208778062,422691,81552
/proc/6979/stat,1749208778064,19418,650
/proc/stat,1749208779059,422800,81562
/proc/6979/stat,1749208779061,19520,651
/proc/stat,1749208780059,422906,81572
/proc/6979/stat,1749208780061,19624,657
/proc/stat,1749208781059,423016,81577
/proc/6979/stat,1749208781061,19730,657
/proc/stat,1749208782057,423122,81592
/proc/6979/stat,1749208782059,19832,666
/proc/stat,1749208783059,423231,81598
/proc/6979/stat,1749208783061,19938,668
/proc/stat,1749208784058,423340,81606
/proc/6979/stat,1749208784061,20046,668
/proc/stat,1749208785059,423460,81618
/proc/6979/stat,1749208785061,20158,672
/proc/stat,1749208786060,423572,81631
/proc/6979/stat,1749208786062,20262,677
/proc/stat,1749208787071,423696,81646
/proc/6979/stat,1749208787073,20373,677
/proc/stat,1749208788060,423811,81655
/proc/6979/stat,1749208788062,20482,677
/proc/stat,1749208789058,423918,81669
/proc/6979/stat,1749208789062,20586,684
/proc/stat,1749208790060,424030,81676
/proc/6979/stat,1749208790062,20693,687
/proc/stat,1749208791056,424132,81680
/proc/6979/stat,1749208791058,20793,687
/proc/stat,1749208792059,424250,81684
/proc/6979/stat,1749208792061,20910,688
/proc/stat,1749208793056,424363,81691
/proc/6979/stat,1749208793058,21021,690
/proc/stat,1749208794058,424477,81694
/proc/6979/stat,1749208794060,21132,690
/proc/stat,1749208795057,424589,81698
/proc/6979/stat,1749208795059,21242,690
/proc/stat,1749208796059,424704,81701
/proc/6979/stat,1749208796061,21354,690
/proc/stat,1749208797057,424809,81715
/proc/6979/stat,1749208797059,21458,700
/proc/stat,1749208798077,424924,81720
/proc/6979/stat,1749208798079,21571,701
/proc/stat,1749208799057,425026,81722
/proc/6979/stat,1749208799059,21669,701
/proc/stat,1749208800058,425143,81724
/proc/6979/stat,1749208800060,21784,702
/proc/stat,1749208801057,425258,81728
/proc/6979/stat,1749208801058,21897,702
/proc/stat,1749208802057,425362,81731
/proc/6979/stat,1749208802059,21997,702
/proc/stat,1749208803056,425514,81734
/proc/6979/stat,1749208803057,22145,702
/proc/stat,1749208804058,425616,81738
/proc/6979/stat,1749208804060,22246,702
/proc/stat,1749208805060,425722,81758
/proc/6979/stat,1749208805062,22351,718
/proc/stat,1749208806059,425826,81761
/proc/6979/stat,1749208806061,22455,718
/proc/stat,1749208807056,425931,81768
/proc/6979/stat,1749208807058,22557,721
/proc/stat,1749208808059,426038,81772
/proc/6979/stat,1749208808061,22661,722
/proc/stat,1749208809056,426144,81780
/proc/6979/stat,1749208809058,22765,726
/proc/stat,1749208810057,426252,81785
/proc/6979/stat,1749208810059,22872,726
/proc/stat,1749208811058,426360,81795
/proc/6979/stat,1749208811059,22977,733
/proc/stat,1749208812060,426479,81800
/proc/6979/stat,1749208812061,23094,733
/proc/stat,1749208813057,426586,81807
/proc/6979/stat,1749208813059,23199,738
/proc/stat,1749208814059,426690,81816
/proc/6979/stat,1749208814061,23302,744
/proc/stat,1749208815061,426814,81819
/proc/6979/stat,1749208815063,23422,745
/proc/stat,1749208816060,426936,81822
/proc/6979/stat,1749208816062,23533,745
/proc/stat,1749208817059,427046,81831
/proc/6979/stat,1749208817060,23641,752
/proc/stat,1749208818058,427158,81834
/proc/6979/stat,1749208818060,23753,752
/proc/stat,1749208819059,427275,81838
/proc/6979/stat,1749208819061,23866,752
/proc/stat,1749208820058,427385,81845
/proc/6979/stat,1749208820060,23975,757
/proc/stat,1749208821058,427494,81855
/proc/6979/stat,1749208821060,24083,763
/proc/stat,1749208822080,427617,81861
/proc/6979/stat,1749208822082,24204,763
/proc/stat,1749208823059,427716,81864
/proc/6979/stat,1749208823061,24302,763
/proc/stat,1749208824059,427833,81868
/proc/6979/stat,1749208824060,24416,763
/proc/stat,1749208825058,427950,81871
/proc/6979/stat,1749208825060,24532,763
/proc/stat,1749208826059,428060,81882
/proc/6979/stat,1749208826060,24635,770
/proc/stat,1749208827059,428171,81891
/proc/6979/stat,1749208827061,24743,775
/proc/stat,1749208828056,428272,81895
/proc/6979/stat,1749208828058,24842,775
/proc/stat,1749208829056,428390,81898
/proc/6979/stat,1749208829058,24956,776
/proc/stat,1749208830056,428506,81901
/proc/6979/stat,1749208830062,25069,776
/proc/stat,1749208831059,428623,81904
/proc/6979/stat,1749208831061,25185,776
/proc/stat,1749208832056,428726,81906
/proc/6979/stat,1749208832058,25285,776
/proc/stat,1749208833057,428846,81909
/proc/6979/stat,1749208833059,25401,776
/proc/stat,1749208834056,428948,81914
/proc/6979/stat,1749208834058,25502,776
/proc/stat,1749208835056,429050,81917
/proc/6979/stat,1749208835058,25602,776
/proc/stat,1749208836057,429156,81942
/proc/6979/stat,1749208836059,25711,798
/proc/stat,1749208837058,429249,81957
/proc/6979/stat,1749208837060,25799,811
/proc/stat,1749208838057,429354,81960
/proc/6979/stat,1749208838060,25899,811
/proc/stat,1749208839057,429455,81968
/proc/6979/stat,1749208839059,25996,816
/proc/stat,1749208840063,429560,81974
/proc/6979/stat,1749208840065,26100,817
/proc/stat,1749208841057,429658,81983
/proc/6979/stat,1749208841060,26195,823
/proc/stat,1749208842061,429768,81987
/proc/6979/stat,1749208842063,26303,823
/proc/stat,1749208843056,429866,81996
/proc/6979/stat,1749208843059,26399,828
/proc/stat,1749208844057,429977,82000
/proc/6979/stat,1749208844059,26506,829
/proc/stat,1749208845057,430084,82005
/proc/6979/stat,1749208845059,26610,829
/proc/stat,1749208846069,430194,82014
/proc/6979/stat,1749208846071,26717,835
/proc/stat,1749208847058,430300,82020
/proc/6979/stat,1749208847060,26821,836
/proc/stat,1749208848057,430411,82022
/proc/6979/stat,1749208848059,26928,836
/proc/stat,1749208849056,430513,82033
/proc/6979/stat,1749208849058,27025,845
/proc/stat,1749208850056,430624,82037
/proc/6979/stat,1749208850058,27133,845
/proc/stat,1749208851057,430732,82043
/proc/6979/stat,1749208851059,27241,845
/proc/stat,1749208852057,430842,82048
/proc/6979/stat,1749208852059,27350,845
/proc/stat,1749208853057,430946,82060
/proc/6979/stat,1749208853059,27451,854
/proc/stat,1749208854061,431067,82066
/proc/6979/stat,1749208854062,27568,855
/proc/stat,1749208855060,431185,82070
/proc/6979/stat,1749208855062,27682,855
/proc/stat,1749208856075,431300,82074
/proc/6979/stat,1749208856077,27794,855
/proc/stat,1749208857060,431401,82078
/proc/6979/stat,1749208857062,27893,855
/proc/stat,1749208858057,431510,82083
/proc/6979/stat,1749208858059,28002,855
/proc/stat,1749208859057,431612,82099
/proc/6979/stat,1749208859059,28101,866
/proc/stat,1749208860058,431726,82102
/proc/6979/stat,1749208860076,28215,866
/proc/stat,1749208861057,431831,82107
/proc/6979/stat,1749208861059,28314,866
/proc/stat,1749208862057,431945,82110
/proc/6979/stat,1749208862060,28425,867
/proc/stat,1749208863057,432061,82114
/proc/6979/stat,1749208863059,28539,867
/proc/stat,1749208864057,432178,82118
/proc/6979/stat,1749208864060,28653,867
/proc/stat,1749208865057,432280,82122
/proc/6979/stat,1749208865059,28753,867
/proc/stat,1749208866058,432446,82127
/proc/6979/stat,1749208866060,28918,867
/proc/stat,1749208867056,432550,82131
/proc/6979/stat,1749208867058,29018,868
/proc/stat,1749208868057,432658,82150
/proc/6979/stat,1749208868059,29122,885
/proc/stat,1749208869056,432765,82154
/proc/6979/stat,1749208869058,29225,885
/proc/stat,1749208870059,432869,82162
/proc/6979/stat,1749208870061,29325,889
/proc/stat,1749208871057,432977,82166
/proc/6979/stat,1749208871059,29432,890
/proc/stat,1749208872060,433078,82178
/proc/6979/stat,1749208872061,29530,897
/proc/stat,1749208873059,433188,82183
/proc/6979/stat,1749208873060,29637,897
/proc/stat,1749208874075,433303,82195
/proc/6979/stat,1749208874077,29748,905
/proc/stat,1749208875060,433412,82199
/proc/6979/stat,1749208875062,29854,906
/proc/stat,1749208876059,433532,82203
/proc/6979/stat,1749208876061,29971,906
/proc/stat,1749208877063,433637,82217
/proc/6979/stat,1749208877065,30069,917
/proc/stat,1749208878059,433753,82223
/proc/6979/stat,1749208878062,30176,917
/proc/stat,1749208879061,433866,82228
/proc/6979/stat,1749208879064,30284,918
/proc/stat,1749208880061,433982,82236
/proc/6979/stat,1749208880063,30391,922
/proc/stat,1749208881057,434091,82244
/proc/6979/stat,1749208881059,30498,926
/proc/stat,1749208882057,434206,82248
/proc/6979/stat,1749208882059,30610,926
/proc/stat,1749208883057,434321,82251
/proc/6979/stat,1749208883060,30721,926
/proc/stat,1749208884058,434428,82264
/proc/6979/stat,1749208884060,30825,935
/proc/stat,1749208885057,434541,82269
/proc/6979/stat,1749208885059,30937,935
/proc/stat,1749208886056,434643,82272
/proc/6979/stat,1749208886058,31037,935
/proc/stat,1749208887059,434762,82276
/proc/6979/stat,1749208887060,31154,935
/proc/stat,1749208888059,434880,82279
/proc/6979/stat,1749208888061,31269,935
/proc/stat,1749208889059,434991,82282
/proc/6979/stat,1749208889061,31379,935
/proc/stat,1749208890058,435096,82294
/proc/6979/stat,1749208890061,31481,944
/proc/stat,1749208891058,435192,82303
/proc/6979/stat,1749208891060,31575,950
/proc/stat,1749208892056,435307,82306
/proc/6979/stat,1749208892059,31687,950
/proc/stat,1749208893058,435423,82309
/proc/6979/stat,1749208893060,31800,950
/proc/stat,1749208894057,435526,82314
/proc/6979/stat,1749208894059,31900,950
/proc/stat,1749208895057,435646,82317
/proc/6979/stat,1749208895060,32014,950
/proc/stat,1749208896057,435762,82323
/proc/6979/stat,1749208896060,32128,952
/proc/stat,1749208897057,435865,82327
/proc/6979/stat,1749208897059,32228,952
/proc/stat,1749208898057,435970,82330
/proc/6979/stat,1749208898059,32328,952
/proc/stat,1749208899100,436127,82334
/proc/6979/stat,1749208899103,32482,952
/proc/stat,1749208900057,436288,82362
/proc/6979/stat,1749208900059,32634,975
/proc/stat,1749208901056,436389,82371
/proc/6979/stat,1749208901058,32729,983
/proc/stat,1749208902056,436493,82379
/proc/6979/stat,1749208902058,32830,987
/proc/stat,1749208903056,436600,82384
/proc/6979/stat,1749208903058,32933,988
/proc/stat,1749208904056,436702,82394
/proc/6979/stat,1749208904058,33032,995
/proc/stat,1749208905056,436809,82398
/proc/6979/stat,1749208905058,33139,995
/proc/stat,1749208906066,436921,82404
/proc/6979/stat,1749208906068,33248,996
/proc/stat,1749208907056,437024,82412
/proc/6979/stat,1749208907057,33348,1001
/proc/stat,1749208908056,437131,82416
/proc/6979/stat,1749208908058,33454,1001
/proc/stat,1749208909056,437242,82424
/proc/6979/stat,1749208909058,33563,1004
/proc/stat,1749208910056,437351,82427
/proc/6979/stat,1749208910058,33670,1005
/proc/stat,1749208911056,437460,82430
/proc/6979/stat,1749208911059,33778,1005
/proc/stat,1749208912057,437580,82435
/proc/6979/stat,1749208912059,33896,1005
/proc/stat,1749208913055,437670,82449
/proc/6979/stat,1749208913057,33985,1016
/proc/stat,1749208914067,437798,82453
/proc/6979/stat,1749208914069,34107,1016
/proc/stat,1749208915057,437912,82459
/proc/6979/stat,1749208915059,34217,1016
/proc/stat,1749208916056,438027,82463
/proc/6979/stat,1749208916059,34329,1016
/proc/stat,1749208917056,438144,82468
/proc/6979/stat,1749208917058,34444,1017
/proc/stat,1749208918055,438238,82480
/proc/6979/stat,1749208918057,34536,1025
/proc/stat,1749208919057,438354,82485
/proc/6979/stat,1749208919059,34650,1025
/proc/stat,1749208920055,438466,82489
/proc/6979/stat,1749208920057,34761,1025
/proc/stat,1749208921059,438583,82493
/proc/6979/stat,1749208921061,34872,1026
/proc/stat,1749208922056,438702,82496
/proc/6979/stat,1749208922057,34984,1026
/proc/stat,1749208923056,438817,82498
/proc/6979/stat,1749208923057,35098,1026
/proc/stat,1749208924056,438934,82502
/proc/6979/stat,1749208924058,35211,1026
/proc/stat,1749208925057,439050,82507
/proc/6979/stat,1749208925062,35323,1027
/proc/stat,1749208926056,439153,82511
/proc/6979/stat,1749208926058,35423,1027
/proc/stat,1749208927055,439255,82527
/proc/6979/stat,1749208927057,35523,1041
/proc/stat,1749208928059,439371,82531
/proc/6979/stat,1749208928061,35637,1042
/proc/stat,1749208929056,439476,82534
/proc/6979/stat,1749208929059,35737,1042
/proc/stat,1749208930055,439578,82538
/proc/6979/stat,1749208930057,35837,1042
/proc/stat,1749208931068,439692,82556
/proc/6979/stat,1749208931070,35945,1057
/proc/stat,1749208932059,439781,82579
/proc/6979/stat,1749208932060,36033,1078
/proc/stat,1749208933057,439886,82584
/proc/6979/stat,1749208933059,36135,1079
/proc/stat,1749208934059,439992,82590
/proc/6979/stat,1749208934061,36237,1081
/proc/stat,1749208935057,440099,82595
/proc/6979/stat,1749208935059,36341,1081
/proc/stat,1749208936057,440203,82602
/proc/6979/stat,1749208936059,36442,1086
/proc/stat,1749208937058,440314,82606
/proc/6979/stat,1749208937059,36550,1087
/proc/stat,1749208938056,440412,82618
/proc/6979/stat,1749208938058,36645,1095
/proc/stat,1749208939057,440524,82622
/proc/6979/stat,1749208939059,36755,1096
/proc/stat,1749208940058,440633,82625
/proc/6979/stat,1749208940060,36862,1096
/proc/stat,1749208941057,440732,82640
/proc/6979/stat,1749208941059,36958,1105
/proc/stat,1749208942058,440849,82644
/proc/6979/stat,1749208942059,37072,1106
/proc/stat,1749208943059,440964,82649
/proc/6979/stat,1749208943061,37181,1106
/proc/stat,1749208944057,441069,82665
/proc/6979/stat,1749208944059,37281,1116
/proc/stat,1749208945056,441182,82669
/proc/6979/stat,1749208945058,37389,1117
/proc/stat,1749208946056,441294,82673
/proc/6979/stat,1749208946057,37500,1117
/proc/stat,1749208947062,441405,82679
/proc/6979/stat,1749208947064,37609,1119
/proc/stat,1749208948058,441507,82693
/proc/6979/stat,1749208948060,37709,1129
/proc/stat,1749208949058,441631,82698
/proc/6979/stat,1749208949060,37831,1129
/proc/stat,1749208950058,441750,82702
/proc/6979/stat,1749208950060,37947,1129
/proc/stat,1749208951056,441862,82706
/proc/6979/stat,1749208951060,38057,1130
/proc/stat,1749208952058,441982,82710
/proc/6979/stat,1749208952060,38168,1130
/proc/stat,1749208953056,442087,82714
/proc/6979/stat,1749208953058,38267,1130
/proc/stat,1749208954058,442201,82720
/proc/6979/stat,1749208954060,38379,1130
/proc/stat,1749208955056,442308,82736
/proc/6979/stat,1749208955058,38484,1142
/proc/stat,1749208956056,442424,82740
/proc/6979/stat,1749208956058,38598,1142
/proc/stat,1749208957055,442525,82743
/proc/6979/stat,1749208957057,38698,1142
/proc/stat,1749208958056,442640,82748
/proc/6979/stat,1749208958058,38812,1143
/proc/stat,1749208959056,442756,82754
/proc/6979/stat,1749208959058,38926,1144
/proc/stat,1749208960056,442874,82757
/proc/6979/stat,1749208960058,39041,1144
/proc/stat,1749208961055,442976,82761
/proc/6979/stat,1749208961057,39142,1144
/proc/stat,1749208962056,443080,82764
/proc/6979/stat,1749208962057,39242,1144
/proc/stat,1749208963056,443192,82786
/proc/6979/stat,1749208963058,39350,1163
/proc/stat,1749208964056,443284,82802
/proc/6979/stat,1749208964058,39438,1175
/proc/stat,1749208965056,443387,82810
/proc/6979/stat,1749208965058,39538,1177
/proc/stat,1749208966058,443497,82820
/proc/6979/stat,1749208966060,39634,1183
/proc/stat,1749208967056,443602,82828
/proc/6979/stat,1749208967058,39733,1187
/proc/stat,1749208968056,443715,82834
/proc/6979/stat,1749208968058,39832,1189
/proc/stat,1749208969056,443824,82838
/proc/6979/stat,1749208969058,39938,1189
/proc/stat,1749208970055,443928,82849
/proc/6979/stat,1749208970057,40037,1197
/proc/stat,1749208971057,444034,82855
/proc/6979/stat,1749208971059,40139,1199
/proc/stat,1749208972056,444145,82860
/proc/6979/stat,1749208972058,40249,1201
/proc/stat,1749208973056,444249,82871
/proc/6979/stat,1749208973058,40350,1208
/proc/stat,1749208974056,444360,82875
/proc/6979/stat,1749208974058,40456,1209
/proc/stat,1749208975056,444471,82881
/proc/6979/stat,1749208975058,40566,1209
/proc/stat,1749208976058,444577,82892
/proc/6979/stat,1749208976060,40668,1217
/proc/stat,1749208977056,444691,82896
/proc/6979/stat,1749208977057,40778,1217
/proc/stat,1749208978059,444804,82900
/proc/6979/stat,1749208978060,40889,1218
/proc/stat,1749208979060,444929,82904
/proc/6979/stat,1749208979062,41011,1218
/proc/stat,1749208980058,445038,82911
/proc/6979/stat,1749208980060,41119,1222
/proc/stat,1749208981056,445136,82919
/proc/6979/stat,1749208981057,41212,1228
/proc/stat,1749208982058,445253,82924
/proc/6979/stat,1749208982060,41328,1229
/proc/stat,1749208983056,445368,82927
/proc/6979/stat,1749208983058,41438,1229
/proc/stat,1749208984056,445482,82932
/proc/6979/stat,1749208984058,41549,1229
/proc/stat,1749208985056,445594,82938
/proc/6979/stat,1749208985058,41659,1229
/proc/stat,1749208986057,445707,82944
/proc/6979/stat,1749208986058,41771,1229
/proc/stat,1749208987056,445822,82950
/proc/6979/stat,1749208987058,41882,1232
/proc/stat,1749208988056,445917,82962
/proc/6979/stat,1749208988058,41974,1241
/proc/stat,1749208989056,446035,82969
/proc/6979/stat,1749208989058,42087,1241
/proc/stat,1749208990063,446155,82976
/proc/6979/stat,1749208990065,42201,1241
/proc/stat,1749208991056,446261,82985
/proc/6979/stat,1749208991058,42301,1241
/proc/stat,1749208992056,446383,82995
/proc/6979/stat,1749208992058,42416,1241
/proc/stat,1749208993055,446489,83007
/proc/6979/stat,1749208993057,42516,1241
/proc/stat,1749208994056,446596,83016
/proc/6979/stat,1749208994058,42618,1241
/proc/stat,1749208995057,446700,83052
/proc/6979/stat,1749208995059,42714,1272
/proc/stat,1749208996057,446805,83062
/proc/6979/stat,1749208996059,42815,1275
/proc/stat,1749208997057,446908,83079
/proc/6979/stat,1749208997059,42914,1279
/proc/stat,1749208998057,447018,83086
/proc/6979/stat,1749208998059,43018,1280
/proc/stat,1749208999058,447125,83099
/proc/6979/stat,1749208999059,43117,1286
/proc/stat,1749209000057,447238,83108
/proc/6979/stat,1749209000059,43223,1287
/proc/stat,1749209001070,447355,83123
/proc/6979/stat,1749209001072,43329,1292
/proc/stat,1749209002058,447464,83138
/proc/6979/stat,1749209002059,43429,1295
/proc/stat,1749209003066,447585,83147
/proc/6979/stat,1749209003067,43541,1296
/proc/stat,1749209004059,447692,83160
/proc/6979/stat,1749209004061,43641,1301
/proc/stat,1749209005064,447808,83170
/proc/6979/stat,1749209005066,43748,1302
/proc/stat,1749209006067,447932,83182
/proc/6979/stat,1749209006068,43865,1303
/proc/stat,1749209007071,448040,83204
/proc/6979/stat,1749209007073,43967,1311
/proc/stat,1749209008061,448165,83216
/proc/6979/stat,1749209008062,44074,1313
/proc/stat,1749209009056,448282,83222
/proc/6979/stat,1749209009057,44184,1313
/proc/stat,1749209010055,448393,83226
/proc/6979/stat,1749209010057,44295,1313
/proc/stat,1749209011056,448512,83230
/proc/6979/stat,1749209011058,44407,1313
/proc/stat,1749209012056,448640,83239
/proc/6979/stat,1749209012058,44514,1319
/proc/stat,1749209013057,448758,83244
/proc/6979/stat,1749209013059,44630,1321
/proc/stat,1749209014071,448874,83247
/proc/6979/stat,1749209014073,44742,1321
/proc/stat,1749209015055,448975,83251
/proc/6979/stat,1749209015057,44841,1321
/proc/stat,1749209016055,449085,83254
/proc/6979/stat,1749209016056,44952,1321
/proc/stat,1749209017055,449199,83260
/proc/6979/stat,1749209017057,45060,1324
/proc/stat,1749209018055,449312,83265
/proc/6979/stat,1749209018057,45172,1324
/proc/stat,1749209019055,449427,83269
/proc/6979/stat,1749209019057,45286,1324
/proc/stat,1749209020055,449533,83280
/proc/6979/stat,1749209020057,45392,1332
/proc/stat,1749209021055,449633,83288
/proc/6979/stat,1749209021057,45489,1334
/proc/stat,1749209022058,449751,83291
/proc/6979/stat,1749209022060,45604,1334
/proc/stat,1749209023056,449867,83295
/proc/6979/stat,1749209023057,45718,1335
/proc/stat,1749209024055,449970,83297
/proc/6979/stat,1749209024056,45818,1335
/proc/stat,1749209025054,450077,83300
/proc/6979/stat,1749209025056,45922,1335
/proc/stat,1749209026062,450185,83325
/proc/6979/stat,1749209026064,46029,1356
/proc/stat,1749209027058,450272,83348
/proc/6979/stat,1749209027060,46112,1375
/proc/stat,1749209028057,450378,83354
/proc/6979/stat,1749209028059,46215,1376
/proc/stat,1749209029056,450480,83362
/proc/6979/stat,1749209029057,46315,1380
/proc/stat,1749209030058,450586,83366
/proc/6979/stat,1749209030060,46419,1380
/proc/stat,1749209031055,450689,83375
/proc/6979/stat,1749209031057,46520,1385
/proc/stat,1749209032058,450797,83379
/proc/6979/stat,1749209032060,46628,1385
/proc/stat,1749209033057,450898,83391
/proc/6979/stat,1749209033059,46725,1392
/proc/stat,1749209034056,451009,83396
/proc/6979/stat,1749209034057,46834,1393
/proc/stat,1749209035063,451123,83400
/proc/6979/stat,1749209035064,46947,1393
/proc/stat,1749209036055,451226,83410
/proc/6979/stat,1749209036056,47047,1400
/proc/stat,1749209037056,451334,83414
/proc/6979/stat,1749209037057,47154,1401
/proc/stat,1749209038056,451448,83418
/proc/6979/stat,1749209038057,47264,1401
/proc/stat,1749209039057,451549,83433
/proc/6979/stat,1749209039059,47362,1412
/proc/stat,1749209040057,451662,83437
/proc/6979/stat,1749209040059,47471,1412
/proc/stat,1749209041058,451776,83442
/proc/6979/stat,1749209041059,47582,1413
/proc/stat,1749209042057,451889,83446
/proc/6979/stat,1749209042059,47692,1413
/proc/stat,1749209043074,452017,83450
/proc/6979/stat,1749209043076,47816,1415
/proc/stat,1749209044055,452105,83465
/proc/6979/stat,1749209044057,47902,1427
/proc/stat,1749209045056,452225,83469
/proc/6979/stat,1749209045057,48019,1427
/proc/stat,1749209046055,452336,83473
/proc/6979/stat,1749209046056,48129,1427
/proc/stat,1749209047055,452447,83476
/proc/6979/stat,1749209047056,48239,1427
/proc/stat,1749209048055,452557,83481
/proc/6979/stat,1749209048056,48351,1428
/proc/stat,1749209049055,452670,83485
/proc/6979/stat,1749209049057,48462,1428
/proc/stat,1749209050055,452773,83488
/proc/6979/stat,1749209050057,48563,1428
/proc/stat,1749209051055,452879,83502
/proc/6979/stat,1749209051057,48668,1438
/proc/stat,1749209052055,452994,83504
/proc/6979/stat,1749209052057,48782,1438
/proc/stat,1749209053055,453110,83507
/proc/6979/stat,1749209053057,48897,1438
/proc/stat,1749209054060,453215,83510
/proc/6979/stat,1749209054061,48998,1438
/proc/stat,1749209055055,453330,83515
/proc/6979/stat,1749209055057,49113,1438
/proc/stat,1749209056055,453432,83519
/proc/6979/stat,1749209056056,49213,1438
/proc/stat,1749209057055,453545,83523
/proc/6979/stat,1749209057056,49325,1438
/proc/stat,1749209058055,453651,83555
/proc/6979/stat,1749209058056,49424,1466
/proc/stat,1749209059056,453746,83567
/proc/6979/stat,1749209059057,49518,1475
/proc/stat,1749209060055,453850,83573
/proc/6979/stat,1749209060057,49620,1478
/proc/stat,1749209061057,453954,83579
/proc/6979/stat,1749209061059,49722,1480
/proc/stat,1749209062068,454055,83588
/proc/6979/stat,1749209062070,49823,1485
/proc/stat,1749209063058,454164,83592
/proc/6979/stat,1749209063059,49929,1486
/proc/stat,1749209064059,454274,83596
/proc/6979/stat,1749209064061,50038,1486
/proc/stat,1749209065055,454374,83606
/proc/6979/stat,1749209065057,50136,1493
/proc/stat,1749209066056,454484,83609
/proc/6979/stat,1749209066057,50242,1493
/proc/stat,1749209067055,454588,83621
/proc/6979/stat,1749209067057,50344,1503
/proc/stat,1749209068055,454697,83625
/proc/6979/stat,1749209068056,50452,1503
/proc/stat,1749209069055,454806,83628
/proc/6979/stat,1749209069057,50560,1503
/proc/stat,1749209070056,454922,83636
/proc/6979/stat,1749209070058,50675,1507
/proc/stat,1749209071065,455025,83648
/proc/6979/stat,1749209071066,50778,1514
/proc/stat,1749209072075,455140,83651
/proc/6979/stat,1749209072076,50890,1515
/proc/stat,1749209073057,455285,83655
/proc/6979/stat,1749209073059,50999,1515
/proc/stat,1749209074055,455396,83662
/proc/6979/stat,1749209074056,51107,1519
/proc/stat,1749209075055,455492,83672
/proc/6979/stat,1749209075057,51202,1524
/proc/stat,1749209076055,455615,83676
/proc/6979/stat,1749209076057,51319,1524
/proc/stat,1749209077055,455730,83680
/proc/6979/stat,1749209077057,51433,1524
/proc/stat,1749209078055,455931,83686
/proc/6979/stat,1749209078057,51543,1524
/proc/stat,1749209079055,456043,83690
/proc/6979/stat,1749209079057,51654,1525
/proc/stat,1749209080057,456154,83693
/proc/6979/stat,1749209080059,51765,1525
/proc/stat,1749209081057,456263,83702
/proc/6979/stat,1749209081058,51873,1530
/proc/stat,1749209082056,456355,83717
/proc/6979/stat,1749209082057,51961,1543
/proc/stat,1749209083055,456469,83720
/proc/6979/stat,1749209083057,52073,1543
/proc/stat,1749209084057,456586,83724
/proc/6979/stat,1749209084060,52188,1543
/proc/stat,1749209085055,456689,83728
/proc/6979/stat,1749209085057,52288,1543
/proc/stat,1749209086056,456806,83732
/proc/6979/stat,1749209086057,52403,1543
/proc/stat,1749209087056,456928,83736
/proc/6979/stat,1749209087058,52523,1544
/proc/stat,1749209088054,457033,83738
/proc/6979/stat,1749209088056,52625,1544
/proc/stat,1749209089080,457144,83754
/proc/6979/stat,1749209089081,52733,1554
/proc/stat,1749209090057,457234,83777
/proc/6979/stat,1749209090058,52822,1573
/proc/stat,1749209091055,457338,83782
/proc/6979/stat,1749209091057,52924,1574
/proc/stat,1749209092056,457442,83790
/proc/6979/stat,1749209092059,53026,1577
/proc/stat,1749209093055,457548,83794
/proc/6979/stat,1749209093057,53131,1577
/proc/stat,1749209094056,457651,83802
/proc/6979/stat,1749209094058,53233,1581
/proc/stat,1749209095055,457844,83807
/proc/6979/stat,1749209095057,53336,1581
/proc/stat,1749209096055,457948,83819
/proc/6979/stat,1749209096056,53439,1588
/proc/stat,1749209097060,458063,83821
/proc/6979/stat,1749209097062,53549,1588
/proc/stat,1749209098055,458170,83826
/proc/6979/stat,1749209098057,53654,1589
/proc/stat,1749209099055,458269,83839
/proc/6979/stat,1749209099057,53752,1597
/proc/stat,1749209100056,458384,83846
/proc/6979/stat,1749209100058,53866,1597
/proc/stat,1749209101056,458497,83850
/proc/6979/stat,1749209101058,53976,1597
/proc/stat,1749209102057,458599,83862
/proc/6979/stat,1749209102059,54076,1606
/proc/stat,1749209103057,458711,83867
/proc/6979/stat,1749209103059,54185,1606
/proc/stat,1749209104058,458824,83870
/proc/6979/stat,1749209104059,54295,1607
/proc/stat,1749209105058,458934,83874
/proc/6979/stat,1749209105060,54405,1607
/proc/stat,1749209106057,459042,83889
/proc/6979/stat,1749209106059,54505,1617
/proc/stat,1749209107061,459157,83893
/proc/6979/stat,1749209107063,54620,1618
/proc/stat,1749209108069,459272,83896
/proc/6979/stat,1749209108071,54732,1618
/proc/stat,1749209109056,459373,83900
/proc/6979/stat,1749209109058,54832,1618
/proc/stat,1749209110056,459483,83904
/proc/6979/stat,1749209110058,54941,1618
/proc/stat,1749209111056,459592,83909
/proc/6979/stat,1749209111058,55051,1618
/proc/stat,1749209112056,459694,83923
/proc/6979/stat,1749209112058,55150,1630
/proc/stat,1749209113067,459809,83928
/proc/6979/stat,1749209113069,55265,1630
/proc/stat,1749209114056,459910,83932
/proc/6979/stat,1749209114058,55364,1630
/proc/stat,1749209115056,460025,83936
/proc/6979/stat,1749209115058,55477,1630
/proc/stat,1749209116056,460139,83941
/proc/6979/stat,1749209116058,55591,1630
/proc/stat,1749209117072,460256,83948
/proc/6979/stat,1749209117074,55707,1631
/proc/stat,1749209118055,460356,83951
/proc/6979/stat,1749209118057,55806,1631
/proc/stat,1749209119095,460508,83956
/proc/6979/stat,1749209119097,55955,1631
/proc/stat,1749209120056,460648,83960
/proc/6979/stat,1749209120057,56091,1631
/proc/stat,1749209121055,460755,83981
/proc/6979/stat,1749209121057,56199,1649
/proc/stat,1749209122055,460852,83992
/proc/6979/stat,1749209122057,56294,1657
/proc/stat,1749209123056,460950,84001
/proc/6979/stat,1749209123057,56391,1662
/proc/stat,1749209124058,461060,84004
/proc/6979/stat,1749209124059,56499,1662
/proc/stat,1749209125055,461159,84014
/proc/6979/stat,1749209125057,56596,1668
/proc/stat,1749209126055,461267,84019
/proc/6979/stat,1749209126057,56702,1668
/proc/stat,1749209127055,461379,84026
/proc/6979/stat,1749209127057,56812,1672
/proc/stat,1749209128055,461488,84031
/proc/6979/stat,1749209128057,56918,1673
/proc/stat,1749209129055,461606,84035
/proc/6979/stat,1749209129057,57035,1674
/proc/stat,1749209130055,461709,84048
/proc/6979/stat,1749209130057,57134,1683
/proc/stat,1749209131055,461822,84053
/proc/6979/stat,1749209131057,57245,1683
/proc/stat,1749209132055,461936,84056
/proc/6979/stat,1749209132057,57357,1683
/proc/stat,1749209133057,462064,84062
/proc/6979/stat,1749209133058,57480,1686
/proc/stat,1749209134058,462161,84076
/proc/6979/stat,1749209134059,57572,1695
/proc/stat,1749209135063,462283,84080
/proc/6979/stat,1749209135064,57684,1695
/proc/stat,1749209136061,462406,84083
/proc/6979/stat,1749209136063,57797,1695
/proc/stat,1749209137056,462520,84086
/proc/6979/stat,1749209137057,57911,1695
/proc/stat,1749209138056,462626,84099
/proc/6979/stat,1749209138057,58016,1705
/proc/stat,1749209139055,462747,84103
/proc/6979/stat,1749209139057,58135,1705
/proc/stat,1749209140056,462867,84108
/proc/6979/stat,1749209140057,58250,1705
/proc/stat,1749209141084,462992,84111
/proc/6979/stat,1749209141086,58369,1705
/proc/stat,1749209142056,463093,84113
/proc/6979/stat,1749209142057,58467,1705
/proc/stat,1749209143056,463204,84117
/proc/6979/stat,1749209143057,58578,1705
/proc/stat,1749209144055,463319,84122
/proc/6979/stat,1749209144057,58689,1705
/proc/stat,1749209145055,463433,84128
/proc/6979/stat,1749209145057,58803,1705
/proc/stat,1749209146055,463543,84135
/proc/6979/stat,1749209146061,58911,1710
/proc/stat,1749209147056,463636,84147
/proc/6979/stat,1749209147063,59001,1720
/proc/stat,1749209148055,463753,84150
/proc/6979/stat,1749209148057,59115,1720
/proc/stat,1749209149055,463869,84154
/proc/6979/stat,1749209149057,59230,1720
/proc/stat,1749209150057,463972,84156
/proc/6979/stat,1749209150058,59331,1720
/proc/stat,1749209151055,464072,84160
/proc/6979/stat,1749209151056,59431,1721
/proc/stat,1749209152055,464175,84163
/proc/6979/stat,1749209152056,59531,1721
/proc/stat,1749209153056,464280,84192
/proc/6979/stat,1749209153057,59636,1748
/proc/stat,1749209154056,464376,84204
/proc/6979/stat,1749209154058,59730,1756
/proc/stat,1749209155056,464480,84212
/proc/6979/stat,1749209155058,59829,1761
/proc/stat,1749209156056,464585,84218
/proc/6979/stat,1749209156059,59932,1762
/proc/stat,1749209157058,464689,84224
/proc/6979/stat,1749209157059,60034,1766
/proc/stat,1749209158056,464798,84227
/proc/6979/stat,1749209158058,60140,1766
/proc/stat,1749209159060,464909,84230
/proc/6979/stat,1749209159061,60250,1766
/proc/stat,1749209160056,465012,84238
/proc/6979/stat,1749209160057,60349,1772
/proc/stat,1749209161056,465120,84243
/proc/6979/stat,1749209161057,60455,1772
/proc/stat,1749209162056,465226,84254
/proc/6979/stat,1749209162057,60560,1779
/proc/stat,1749209163055,465337,84257
/proc/6979/stat,1749209163057,60668,1779
/proc/stat,1749209164055,465445,84261
/proc/6979/stat,1749209164056,60774,1781
/proc/stat,1749209165057,465565,84266
/proc/6979/stat,1749209165058,60891,1782
/proc/stat,1749209166070,465673,84277
/proc/6979/stat,1749209166072,60995,1790
/proc/stat,1749209167056,465784,84282
/proc/6979/stat,1749209167058,61101,1792
/proc/stat,1749209168055,465897,84288
/proc/6979/stat,1749209168056,61209,1795
/proc/stat,1749209169055,466011,84290
/proc/6979/stat,1749209169057,61321,1795
/proc/stat,1749209170058,466122,84297
/proc/6979/stat,1749209170060,61430,1798
/proc/stat,1749209171055,466214,84311
/proc/6979/stat,1749209171056,61520,1809
/proc/stat,1749209172055,466335,84315
/proc/6979/stat,1749209172057,61637,1810
/proc/stat,1749209173055,466449,84318
/proc/6979/stat,1749209173057,61748,1810
/proc/stat,1749209174055,466562,84323
/proc/6979/stat,1749209174056,61858,1810
/proc/stat,1749209175055,466679,84327
/proc/6979/stat,1749209175057,61971,1810
/proc/stat,1749209176055,466792,84330
/proc/6979/stat,1749209176056,62083,1810
/proc/stat,1749209177055,466911,84333
/proc/6979/stat,1749209177057,62199,1810
/proc/stat,1749209178055,467030,84336
/proc/6979/stat,1749209178057,62313,1810
/proc/stat,1749209179057,467145,84341
/proc/6979/stat,1749209179058,62427,1810
/proc/stat,1749209180055,467234,84359
/proc/6979/stat,1749209180057,62515,1823
/proc/stat,1749209181055,467353,84361
/proc/6979/stat,1749209181056,62631,1823
/proc/stat,1749209182056,467456,84364
/proc/6979/stat,1749209182058,62731,1823
/proc/stat,1749209183054,467560,84368
/proc/6979/stat,1749209183055,62831,1823
/proc/stat,1749209184079,467670,84386
/proc/6979/stat,1749209184080,62941,1837
/proc/stat,1749209185057,467758,84411
/proc/6979/stat,1749209185058,63025,1860
/proc/stat,1749209186055,467862,84414
/proc/6979/stat,1749209186056,63128,1860
/proc/stat,1749209187063,467965,84424
/proc/6979/stat,1749209187064,63229,1866
/proc/stat,1749209188055,468072,84427
/proc/6979/stat,1749209188056,63332,1866
/proc/stat,1749209189057,468175,84436
/proc/6979/stat,1749209189059,63434,1870
/proc/stat,1749209190055,468280,84440
/proc/6979/stat,1749209190056,63538,1870
/proc/stat,1749209191055,468386,84447
/proc/6979/stat,1749209191056,63642,1875
/proc/stat,1749209192055,468492,84452
/proc/6979/stat,1749209192057,63746,1876
/proc/stat,1749209193056,468604,84455
/proc/6979/stat,1749209193057,63857,1876
/proc/stat,1749209194057,468706,84467
/proc/6979/stat,1749209194058,63957,1883
/proc/stat,1749209195055,468815,84470
/proc/6979/stat,1749209195056,64064,1883
/proc/stat,1749209196059,468933,84473
/proc/6979/stat,1749209196060,64180,1883
/proc/stat,1749209197055,469037,84483
/proc/6979/stat,1749209197056,64281,1889
/proc/stat,1749209198055,469145,84488
/proc/6979/stat,1749209198057,64389,1891
/proc/stat,1749209199056,469260,84490
/proc/6979/stat,1749209199057,64499,1891
/proc/stat,1749209200058,469374,84492
/proc/6979/stat,1749209200060,64610,1891
/proc/stat,1749209201055,469479,84504
/proc/6979/stat,1749209201057,64711,1901
/proc/stat,1749209202057,469578,84511
/proc/6979/stat,1749209202058,64808,1904
/proc/stat,1749209203055,469695,84514
/proc/6979/stat,1749209203056,64924,1904
/proc/stat,1749209204056,469812,84518
/proc/6979/stat,1749209204057,65038,1904
/proc/stat,1749209205055,469925,84521
/proc/6979/stat,1749209205056,65147,1905
/proc/stat,1749209206055,470037,84526
/proc/6979/stat,1749209206057,65257,1906
/proc/stat,1749209207055,470138,84544
/proc/6979/stat,1749209207057,65355,1920
/proc/stat,1749209208055,470235,84551
/proc/6979/stat,1749209208057,65452,1923
/proc/stat,1749209209055,470347,84556
/proc/6979/stat,1749209209056,65566,1923
/proc/stat,1749209210055,470463,84559
/proc/6979/stat,1749209210056,65679,1923
/proc/stat,1749209211055,470580,84562
/proc/6979/stat,1749209211056,65793,1923
/proc/stat,1749209212056,470681,84566
/proc/6979/stat,1749209212057,65893,1923
/proc/stat,1749209213055,470796,84571
/proc/6979/stat,1749209213057,66009,1923
/proc/stat,1749209214056,470898,84574
/proc/6979/stat,1749209214057,66109,1923
/proc/stat,1749209215055,470999,84580
/proc/6979/stat,1749209215056,66209,1923
/proc/stat,1749209216055,471102,84609
/proc/6979/stat,1749209216056,66313,1949
/proc/stat,1749209217055,471192,84625
/proc/6979/stat,1749209217056,66402,1962
/proc/stat,1749209218055,471298,84627
/proc/6979/stat,1749209218057,66506,1962
/proc/stat,1749209219055,471399,84635
/proc/6979/stat,1749209219056,66606,1965
/proc/stat,1749209220055,471505,84638
/proc/6979/stat,1749209220056,66711,1966
/proc/stat,1749209221055,471608,84646
/proc/6979/stat,1749209221056,66812,1970
/proc/stat,1749209222055,471718,84650
/proc/6979/stat,1749209222056,66922,1970
/proc/stat,1749209223055,471819,84658
/proc/6979/stat,1749209223056,67021,1975
/proc/stat,1749209224055,471931,84663
/proc/6979/stat,1749209224057,67132,1975
/proc/stat,1749209225055,472037,84666
/proc/6979/stat,1749209225056,67237,1976
/proc/stat,1749209226069,472147,84676
/proc/6979/stat,1749209226071,67345,1982
/proc/stat,1749209227055,472254,84679
/proc/6979/stat,1749209227057,67451,1983
/proc/stat,1749209228055,472366,84683
/proc/6979/stat,1749209228056,67560,1983
/proc/stat,1749209229055,472466,84697
/proc/6979/stat,1749209229056,67660,1991
/proc/stat,1749209230055,472578,84701
/proc/6979/stat,1749209230056,67770,1991
/proc/stat,1749209231055,472688,84708
/proc/6979/stat,1749209231056,67878,1994
/proc/stat,1749209232055,472802,84712
/proc/6979/stat,1749209232056,67989,1994
/proc/stat,1749209233055,472907,84722
/proc/6979/stat,1749209233056,68094,2000
/proc/stat,1749209234055,473026,84726
/proc/6979/stat,1749209234056,68210,2001
/proc/stat,1749209235055,473140,84731
/proc/6979/stat,1749209235056,68324,2001
/proc/stat,1749209236055,473244,84733
/proc/6979/stat,1749209236057,68424,2001
/proc/stat,1749209237055,473357,84736
/proc/6979/stat,1749209237056,68536,2001
/proc/stat,1749209238055,473471,84739
/proc/6979/stat,1749209238056,68647,2001
/proc/stat,1749209239055,473586,84742
/proc/6979/stat,1749209239056,68759,2001
/proc/stat,1749209240055,473701,84745
/proc/6979/stat,1749209240056,68874,2001
/proc/stat,1749209241054,473817,84749
/proc/6979/stat,1749209241056,68988,2001
/proc/stat,1749209242055,473923,84761
/proc/6979/stat,1749209242056,69094,2010
/proc/stat,1749209243055,474021,84769
/proc/6979/stat,1749209243056,69189,2015
/proc/stat,1749209244055,474140,84774
/proc/6979/stat,1749209244056,69304,2015
/proc/stat,1749209245055,474269,84778
/proc/6979/stat,1749209245056,69433,2015
/proc/stat,1749209246054,474370,84782
/proc/6979/stat,1749209246055,69533,2015
/proc/stat,1749209247055,474473,84785
/proc/6979/stat,1749209247056,69633,2015
/proc/stat,1749209248056,474562,84816
/proc/6979/stat,1749209248057,69726,2044
/proc/stat,1749209249057,474664,84821
/proc/6979/stat,1749209249059,69827,2046
/proc/stat,1749209250057,474765,84829
/proc/6979/stat,1749209250058,69926,2051
/proc/stat,1749209251058,474874,84834
/proc/6979/stat,1749209251060,70033,2051
/proc/stat,1749209252057,474973,84844
/proc/6979/stat,1749209252059,70130,2057
/proc/stat,1749209253056,475080,84849
/proc/6979/stat,1749209253058,70235,2058
/proc/stat,1749209254056,475184,84859
/proc/6979/stat,1749209254057,70337,2066
/proc/stat,1749209255057,475290,84865
/proc/6979/stat,1749209255059,70441,2067
/proc/stat,1749209256055,475403,84869
/proc/6979/stat,1749209256056,70553,2067
/proc/stat,1749209257056,475507,84877
/proc/6979/stat,1749209257058,70654,2073
/proc/stat,1749209258057,475616,84881
/proc/6979/stat,1749209258058,70761,2073
/proc/stat,1749209259057,475724,84887
/proc/6979/stat,1749209259059,70866,2075
/proc/stat,1749209260056,475838,84896
/proc/6979/stat,1749209260057,70978,2081
/proc/stat,1749209261058,475946,84905
/proc/6979/stat,1749209261060,71084,2086
/proc/stat,1749209262064,476066,84910
/proc/6979/stat,1749209262066,71195,2086
/proc/stat,1749209263063,476186,84915
/proc/6979/stat,1749209263065,71306,2086
/proc/stat,1749209264061,476306,84920
/proc/6979/stat,1749209264062,71418,2086
/proc/stat,1749209265057,476420,84930
/proc/6979/stat,1749209265059,71531,2090
/proc/stat,1749209266058,476518,84939
/proc/6979/stat,1749209266059,71625,2096
/proc/stat,1749209267057,476635,84942
/proc/6979/stat,1749209267058,71739,2096
/proc/stat,1749209268057,476749,84945
/proc/6979/stat,1749209268059,71850,2096
/proc/stat,1749209269057,476862,84950
/proc/6979/stat,1749209269059,71961,2097
/proc/stat,1749209270057,476976,84954
/proc/6979/stat,1749209270059,72073,2097
/proc/stat,1749209271055,477090,84959
/proc/6979/stat,1749209271056,72186,2098
/proc/stat,1749209272055,477207,84964
/proc/6979/stat,1749209272056,72299,2098
/proc/stat,1749209273057,477323,84970
/proc/6979/stat,1749209273058,72413,2098
/proc/stat,1749209274054,477427,84973
/proc/6979/stat,1749209274056,72514,2098
/proc/stat,1749209275057,477535,84990
/proc/6979/stat,1749209275059,72617,2109
/proc/stat,1749209276057,477652,84996
/proc/6979/stat,1749209276059,72731,2110
/proc/stat,1749209277057,477761,85004
/proc/6979/stat,1749209277059,72832,2110
/proc/stat,1749209278056,477869,85014
/proc/6979/stat,1749209278057,72932,2110
/proc/stat,1749209279055,477975,85044
/proc/6979/stat,1749209279057,73039,2132
/proc/stat,1749209280055,478071,85062
/proc/6979/stat,1749209280056,73130,2143
/proc/stat,1749209281057,478182,85070
/proc/6979/stat,1749209281058,73233,2144
/proc/stat,1749209282055,478287,85086
/proc/6979/stat,1749209282057,73331,2150
/proc/stat,1749209283057,478396,85097
/proc/6979/stat,1749209283059,73435,2150
/proc/stat,1749209284057,478500,85115
/proc/6979/stat,1749209284059,73536,2155
/proc/stat,1749209285057,478611,85124
/proc/6979/stat,1749209285058,73645,2155
/proc/stat,1749209286057,478712,85143
/proc/6979/stat,1749209286058,73742,2163
/proc/stat,1749209287055,478822,85153
/proc/6979/stat,1749209287056,73852,2164
/proc/stat,1749209288057,478931,85158
/proc/6979/stat,1749209288059,73958,2164
/proc/stat,1749209289057,479031,85170
/proc/6979/stat,1749209289059,74057,2171
/proc/stat,1749209290055,479147,85174
/proc/6979/stat,1749209290056,74171,2172
/proc/stat,1749209291055,479257,85179
/proc/6979/stat,1749209291056,74281,2172
/proc/stat,1749209292057,479358,85193
/proc/6979/stat,1749209292058,74380,2182
/proc/stat,1749209293054,479471,85196
/proc/6979/stat,1749209293056,74490,2182
/proc/stat,1749209294055,479586,85198
/proc/6979/stat,1749209294057,74601,2182
/proc/stat,1749209295057,479700,85203
/proc/6979/stat,1749209295059,74710,2183
/proc/stat,1749209296054,479813,85205
/proc/6979/stat,1749209296056,74822,2184
/proc/stat,1749209297055,479918,85223
/proc/6979/stat,1749209297057,74925,2197
/proc/stat,1749209298055,480033,85226
/proc/6979/stat,1749209298057,75039,2197
/proc/stat,1749209299055,480143,85230
/proc/6979/stat,1749209299056,75151,2197
/proc/stat,1749209300066,480254,85235
/proc/6979/stat,1749209300068,75262,2197
/proc/stat,1749209301057,480355,85239
/proc/6979/stat,1749209301058,75361,2197
/proc/stat,1749209302058,480468,85244
/proc/6979/stat,1749209302059,75474,2197
/proc/stat,1749209303055,480583,85248
/proc/6979/stat,1749209303057,75588,2197
/proc/stat,1749209304057,480697,85252
/proc/6979/stat,1749209304059,75702,2198
/proc/stat,1749209305056,480807,85260
/proc/6979/stat,1749209305058,75810,2204
/proc/stat,1749209306054,480904,85268
/proc/6979/stat,1749209306056,75906,2208
/proc/stat,1749209307057,481020,85272
/proc/6979/stat,1749209307059,76021,2208
/proc/stat,1749209308060,481137,85277
/proc/6979/stat,1749209308061,76136,2208
/proc/stat,1749209309056,481236,85282
/proc/6979/stat,1749209309057,76236,2208
/proc/stat,1749209310056,481339,85286
/proc/6979/stat,1749209310057,76336,2208
/proc/stat,1749209311056,481448,85311
/proc/6979/stat,1749209311057,76445,2230
/proc/stat,1749209312057,481541,85325
/proc/6979/stat,1749209312059,76536,2241
/proc/stat,1749209313056,481643,85334
/proc/6979/stat,1749209313058,76637,2245
/proc/stat,1749209314057,481747,85340
/proc/6979/stat,1749209314059,76739,2247
/proc/stat,1749209315055,481849,85348
/proc/6979/stat,1749209315056,76839,2252
/proc/stat,1749209316059,481956,85353
/proc/6979/stat,1749209316061,76945,2253
/proc/stat,1749209317055,482061,85357
/proc/6979/stat,1749209317056,77051,2253
/proc/stat,1749209318055,482166,85367
/proc/6979/stat,1749209318057,77154,2259
/proc/stat,1749209319055,482272,85371
/proc/6979/stat,1749209319056,77259,2260
/proc/stat,1749209320056,482382,85378
/proc/6979/stat,1749209320058,77367,2264
/proc/stat,1749209321056,482489,85384
/proc/6979/stat,1749209321057,77472,2266
/proc/stat,1749209322055,482598,85388
/proc/6979/stat,1749209322056,77578,2267
/proc/stat,1749209323057,482710,85392
/proc/6979/stat,1749209323058,77688,2267
/proc/stat,1749209324056,482809,85404
/proc/6979/stat,1749209324058,77787,2276
/proc/stat,1749209325057,482920,85408
/proc/6979/stat,1749209325058,77897,2276
/proc/stat,1749209326057,483033,85412
/proc/6979/stat,1749209326058,78007,2276
/proc/stat,1749209327058,483144,85416
/proc/6979/stat,1749209327061,78118,2277
/proc/stat,1749209328054,483249,85428
/proc/6979/stat,1749209328055,78218,2286
/proc/stat,1749209329055,483367,85431
/proc/6979/stat,1749209329056,78335,2286
/proc/stat,1749209330055,483482,85436
/proc/6979/stat,1749209330056,78449,2286
/proc/stat,1749209331056,483594,85442
/proc/6979/stat,1749209331058,78560,2286
/proc/stat,1749209332055,483708,85447
/proc/6979/stat,1749209332056,78671,2287
/proc/stat,1749209333055,483810,85452
/proc/6979/stat,1749209333056,78771,2287
/proc/stat,1749209334055,483921,85455
/proc/6979/stat,1749209334057,78883,2287
/proc/stat,1749209335055,484037,85460
/proc/6979/stat,1749209335056,78997,2288
/proc/stat,1749209336055,484149,85466
/proc/6979/stat,1749209336056,79109,2290
/proc/stat,1749209337055,484256,85480
/proc/6979/stat,1749209337057,79213,2301
/proc/stat,1749209338055,484355,85486
/proc/6979/stat,1749209338056,79311,2303
/proc/stat,1749209339055,484475,85489
/proc/6979/stat,1749209339056,79426,2303
/proc/stat,1749209340055,484613,85492
/proc/6979/stat,1749209340056,79563,2303
/proc/stat,1749209341054,484716,85496
/proc/6979/stat,1749209341056,79663,2303
/proc/stat,1749209342064,484828,85513
/proc/6979/stat,1749209342065,79768,2318
/proc/stat,1749209343058,484921,85533
/proc/6979/stat,1749209343059,79859,2335
/proc/stat,1749209344055,485026,85536
/proc/6979/stat,1749209344056,79963,2335
/proc/stat,1749209345056,485127,85545
/proc/6979/stat,1749209345057,80061,2341
/proc/stat,1749209346054,485232,85551
/proc/6979/stat,1749209346056,80165,2341
/proc/stat,1749209347055,485334,85561
/proc/6979/stat,1749209347056,80265,2348
/proc/stat,1749209348063,485447,85566
/proc/6979/stat,1749209348065,80375,2348
/proc/stat,1749209349056,485544,85578
/proc/6979/stat,1749209349058,80471,2355
/proc/stat,1749209350059,485655,85582
/proc/6979/stat,1749209350060,80582,2355
/proc/stat,1749209351056,485762,85586
/proc/6979/stat,1749209351058,80688,2355
/proc/stat,1749209352056,485864,85596
/proc/6979/stat,1749209352057,80788,2362
/proc/stat,1749209353056,485981,85598
/proc/6979/stat,1749209353057,80902,2362
/proc/stat,1749209354056,486090,85604
/proc/6979/stat,1749209354057,81012,2362
/proc/stat,1749209355056,486191,85618
/proc/6979/stat,1749209355057,81110,2372
/proc/stat,1749209356057,486304,85624
/proc/6979/stat,1749209356058,81220,2372
/proc/stat,1749209357057,486418,85628
/proc/6979/stat,1749209357058,81330,2372
/proc/stat,1749209358057,486533,85630
/proc/6979/stat,1749209358058,81440,2372
/proc/stat,1749209359057,486635,85644
/proc/6979/stat,1749209359058,81540,2382
/proc/stat,1749209360067,486756,85649
/proc/6979/stat,1749209360068,81659,2382
/proc/stat,1749209361056,486857,85653
/proc/6979/stat,1749209361057,81758,2382
/proc/stat,1749209362056,486970,85659
/proc/6979/stat,1749209362057,81870,2383
/proc/stat,1749209363056,487083,85662
/proc/6979/stat,1749209363057,81980,2383
/proc/stat,1749209364057,487192,85667
/proc/6979/stat,1749209364058,82090,2384
/proc/stat,1749209365058,487305,85672
/proc/6979/stat,1749209365059,82202,2384
/proc/stat,1749209366056,487413,85682
/proc/6979/stat,1749209366057,82309,2391
/proc/stat,1749209367056,487510,85691
/proc/6979/stat,1749209367057,82403,2396
/proc/stat,1749209368055,487625,85694
/proc/6979/stat,1749209368056,82516,2396
/proc/stat,1749209369057,487740,85700
/proc/6979/stat,1749209369058,82630,2397
/proc/stat,1749209370066,487859,85705
/proc/6979/stat,1749209370068,82746,2398
/proc/stat,1749209371057,487962,85708
/proc/6979/stat,1749209371058,82845,2398
/proc/stat,1749209372055,488064,85711
/proc/6979/stat,1749209372056,82945,2398
/proc/stat,1749209373056,488168,85714
/proc/6979/stat,1749209373057,83045,2398
/proc/stat,1749209374056,488278,85742
/proc/6979/stat,1749209374058,83155,2423
/proc/stat,1749209375056,488370,85758
/proc/6979/stat,1749209375057,83244,2436
/proc/stat,1749209376058,488476,85761
/proc/6979/stat,1749209376060,83347,2436
/proc/stat,1749209377057,488576,85771
/proc/6979/stat,1749209377059,83444,2442
/proc/stat,1749209378057,488684,85776
/proc/6979/stat,1749209378059,83550,2442
/proc/stat,1749209379057,488789,85783
/proc/6979/stat,1749209379058,83651,2447
/proc/stat,1749209380055,488901,85787
/proc/6979/stat,1749209380057,83759,2448
/proc/stat,1749209381057,488997,85800
/proc/6979/stat,1749209381058,83856,2455
/proc/stat,1749209382058,489110,85803
/proc/6979/stat,1749209382059,83968,2456
/proc/stat,1749209383057,489217,85808
/proc/6979/stat,1749209383058,84073,2456
/proc/stat,1749209384057,489319,85820
/proc/6979/stat,1749209384058,84173,2463
/proc/stat,1749209385080,489446,85824
/proc/6979/stat,1749209385081,84292,2464
/proc/stat,1749209386055,489555,85829
/proc/6979/stat,1749209386056,84400,2464
/proc/stat,1749209387055,489664,85839
/proc/6979/stat,1749209387056,84504,2470
/proc/stat,1749209388055,489773,85844
/proc/6979/stat,1749209388057,84611,2474
/proc/stat,1749209389055,489888,85847
/proc/6979/stat,1749209389056,84722,2474
/proc/stat,1749209390056,490005,85850
/proc/6979/stat,1749209390057,84834,2474
/proc/stat,1749209391061,490121,85854
/proc/6979/stat,1749209391062,84946,2474
/proc/stat,1749209392071,490244,85862
/proc/6979/stat,1749209392072,85062,2477
/proc/stat,1749209393055,490334,85875
/proc/6979/stat,1749209393057,85151,2487
/proc/stat,1749209394055,490448,85879
/proc/6979/stat,1749209394056,85265,2487
/proc/stat,1749209395054,490562,85882
/proc/6979/stat,1749209395055,85377,2487
/proc/stat,1749209396054,490674,85886
/proc/6979/stat,1749209396056,85489,2487
/proc/stat,1749209397055,490791,85888
/proc/6979/stat,1749209397056,85603,2487
/proc/stat,1749209398071,490908,85892
/proc/6979/stat,1749209398072,85718,2487
/proc/stat,1749209399055,491008,85895
/proc/6979/stat,1749209399056,85817,2487
/proc/stat,1749209400055,491123,85898
/proc/6979/stat,1749209400056,85930,2488
/proc/stat,1749209401055,491243,85901
/proc/6979/stat,1749209401056,86042,2488
/proc/stat,1749209402055,491352,85920
/proc/6979/stat,1749209402057,86148,2498
/proc/stat,1749209403076,491457,85925
/proc/6979/stat,1749209403077,86249,2499
/proc/stat,1749209404054,491561,85929
/proc/6979/stat,1749209404055,86347,2499
/proc/stat,1749209405054,491665,85932
/proc/6979/stat,1749209405057,86448,2499
/proc/stat,1749209406056,491770,85968
/proc/6979/stat,1749209406057,86553,2532
/proc/stat,1749209407055,491871,85977
/proc/6979/stat,1749209407057,86653,2536
/proc/stat,1749209408055,491972,85983
/proc/6979/stat,1749209408056,86752,2541
/proc/stat,1749209409055,492080,85988
/proc/6979/stat,1749209409056,86856,2541
/proc/stat,1749209410055,492182,85996
/proc/6979/stat,1749209410056,86955,2547
/proc/stat,1749209411055,492288,86001
/proc/6979/stat,1749209411056,87061,2547
/proc/stat,1749209412059,492400,86005
/proc/6979/stat,1749209412060,87170,2549
/proc/stat,1749209413055,492503,86013
/proc/6979/stat,1749209413056,87271,2553
/proc/stat,1749209414063,492616,86017
/proc/6979/stat,1749209414064,87383,2553
/proc/stat,1749209415054,492717,86027
/proc/6979/stat,1749209415056,87482,2560
/proc/stat,1749209416055,492825,86031
/proc/6979/stat,1749209416056,87589,2561
/proc/stat,1749209417054,492933,86036
/proc/6979/stat,1749209417056,87695,2563
/proc/stat,1749209418055,493051,86042
/proc/6979/stat,1749209418056,87810,2565
/proc/stat,1749209419070,493153,86056
/proc/6979/stat,1749209419071,87911,2576
/proc/stat,1749209420067,493264,86061
/proc/6979/stat,1749209420068,88020,2576
/proc/stat,1749209421054,493376,86063
/proc/6979/stat,1749209421056,88129,2576
/proc/stat,1749209422055,493488,86068
/proc/6979/stat,1749209422056,88237,2578
/proc/stat,1749209423055,493583,86079
/proc/6979/stat,1749209423056,88331,2585
/proc/stat,1749209424055,493700,86082
/proc/6979/stat,1749209424056,88447,2585
/proc/stat,1749209425054,493816,86085
/proc/6979/stat,1749209425055,88561,2586
/proc/stat,1749209426054,493928,86088
/proc/6979/stat,1749209426056,88672,2586
/proc/stat,1749209427055,494041,86092
/proc/6979/stat,1749209427056,88784,2586
/proc/stat,1749209428055,494154,86096
/proc/6979/stat,1749209428056,88896,2586
/proc/stat,1749209429055,494258,86099
/proc/6979/stat,1749209429056,88996,2586
/proc/stat,1749209430055,494372,86104
/proc/6979/stat,1749209430056,89110,2586
/proc/stat,1749209431055,494487,86107
/proc/6979/stat,1749209431056,89224,2586
/proc/stat,1749209432055,494594,86120
/proc/6979/stat,1749209432056,89328,2597
/proc/stat,1749209433055,494711,86123
/proc/6979/stat,1749209433056,89444,2597
/proc/stat,1749209434055,494813,86127
/proc/6979/stat,1749209434056,89544,2597
/proc/stat,1749209435055,494946,86132
/proc/6979/stat,1749209435056,89676,2597
/proc/stat,1749209436054,495049,86134
/proc/6979/stat,1749209436055,89776,2597
/proc/stat,1749209437055,495141,86157
