SourceFile,Timestamp,userTime (Ticks),systemTime (Ticks)
/proc/stat,1748988116289,1584451,251457
/proc/19380/stat,1748988116295,1138,109
/proc/stat,1748988117073,1584658,251482
/proc/19380/stat,1748988117079,1319,121
/proc/stat,1748988118068,1584918,251502
/proc/19380/stat,1748988118075,1569,137
/proc/stat,1748988119071,1585241,251536
/proc/19380/stat,1748988119077,1885,164
/proc/stat,1748988120085,1585584,251564
/proc/19380/stat,1748988120092,2224,188
/proc/stat,1748988121074,1585954,251571
/proc/19380/stat,1748988121081,2587,191
/proc/stat,1748988122091,1586311,251581
/proc/19380/stat,1748988122098,2941,194
/proc/stat,1748988123095,1586677,251594
/proc/19380/stat,1748988123100,3295,196
/proc/stat,1748988124084,1587036,251604
/proc/19380/stat,1748988124090,3648,198
/proc/stat,1748988125096,1587407,251612
/proc/19380/stat,1748988125103,4011,199
/proc/stat,1748988126080,1587744,251622
/proc/19380/stat,1748988126086,4350,203
/proc/stat,1748988127082,1588092,251631
/proc/19380/stat,1748988127088,4696,204
/proc/stat,1748988128082,1588438,251640
/proc/19380/stat,1748988128088,5043,208
/proc/stat,1748988129094,1588791,251648
/proc/19380/stat,1748988129101,5392,210
/proc/stat,1748988130090,1589159,251678
/proc/19380/stat,1748988130098,5720,222
/proc/stat,1748988131082,1589512,251688
/proc/19380/stat,1748988131089,6056,225
/proc/stat,1748988132089,1589880,251695
/proc/19380/stat,1748988132095,6418,226
/proc/stat,1748988133110,1590253,251702
/proc/19380/stat,1748988133118,6779,229
/proc/stat,1748988134101,1590604,251712
/proc/19380/stat,1748988134121,7133,233
/proc/stat,1748988135090,1590945,251720
/proc/19380/stat,1748988135101,7469,236
/proc/stat,1748988136082,1591293,251727
/proc/19380/stat,1748988136089,7807,238
/proc/stat,1748988137090,1591646,251737
/proc/19380/stat,1748988137102,8139,241
/proc/stat,1748988138091,1591991,251746
/proc/19380/stat,1748988138096,8477,246
/proc/stat,1748988139102,1592342,251754
/proc/19380/stat,1748988139106,8826,248
/proc/stat,1748988140096,1592680,251762
/proc/19380/stat,1748988140101,9163,250
/proc/stat,1748988141093,1593055,251769
/proc/19380/stat,1748988141098,9515,252
/proc/stat,1748988142093,1593408,251777
/proc/19380/stat,1748988142097,9865,255
/proc/stat,1748988143084,1593758,251786
/proc/19380/stat,1748988143093,10217,256
/proc/stat,1748988144083,1594121,251793
/proc/19380/stat,1748988144089,10571,258
/proc/stat,1748988145085,1594478,251798
/proc/19380/stat,1748988145093,10924,261
/proc/stat,1748988146081,1594798,251812
/proc/19380/stat,1748988146088,11240,266
/proc/stat,1748988147093,1595151,251820
/proc/19380/stat,1748988147100,11588,268
/proc/stat,1748988148121,1595528,251829
/proc/19380/stat,1748988148128,11951,269
/proc/stat,1748988149098,1595901,251838
/proc/19380/stat,1748988149102,12294,270
/proc/stat,1748988150097,1596252,251846
/proc/19380/stat,1748988150101,12642,271
/proc/stat,1748988151077,1596588,251852
/proc/19380/stat,1748988151084,12978,272
/proc/stat,1748988152098,1596944,251862
/proc/19380/stat,1748988152106,13328,275
/proc/stat,1748988153089,1597300,251871
/proc/19380/stat,1748988153096,13674,278
/proc/stat,1748988154091,1597666,251880
/proc/19380/stat,1748988154098,14032,281
/proc/stat,1748988155088,1598008,251887
/proc/19380/stat,1748988155094,14370,283
/proc/stat,1748988156069,1598346,251894
/proc/19380/stat,1748988156073,14705,285
/proc/stat,1748988157087,1598694,251901
/proc/19380/stat,1748988157092,15052,288
/proc/stat,1748988158087,1599039,251908
/proc/19380/stat,1748988158092,15395,289
/proc/stat,1748988159080,1599400,251914
/proc/19380/stat,1748988159084,15749,290
/proc/stat,1748988160087,1599753,251922
/proc/19380/stat,1748988160095,16104,292
/proc/stat,1748988161077,1600103,251928
/proc/19380/stat,1748988161082,16449,293
/proc/stat,1748988162079,1600434,251937
/proc/19380/stat,1748988162082,16779,297
/proc/stat,1748988163083,1600793,251943
/proc/19380/stat,1748988163089,17134,300
/proc/stat,1748988164080,1601153,251951
/proc/19380/stat,1748988164084,17484,303
/proc/stat,1748988165084,1601503,251960
/proc/19380/stat,1748988165092,17832,306
/proc/stat,1748988166083,1601849,251967
/proc/19380/stat,1748988166088,18171,309
/proc/stat,1748988167089,1602197,251976
/proc/19380/stat,1748988167093,18514,312
/proc/stat,1748988168088,1602548,251984
/proc/19380/stat,1748988168094,18863,314
/proc/stat,1748988169091,1602897,251994
/proc/19380/stat,1748988169095,19204,318
/proc/stat,1748988170094,1603258,252004
/proc/19380/stat,1748988170099,19559,321
/proc/stat,1748988171096,1603600,252015
/proc/19380/stat,1748988171101,19899,324
/proc/stat,1748988172095,1603965,252025
/proc/19380/stat,1748988172100,20259,328
/proc/stat,1748988173086,1604297,252036
/proc/19380/stat,1748988173091,20590,330
/proc/stat,1748988174097,1604662,252043
/proc/19380/stat,1748988174100,20950,332
/proc/stat,1748988175096,1605025,252049
/proc/19380/stat,1748988175102,21310,335
/proc/stat,1748988176106,1605379,252062
/proc/19380/stat,1748988176113,21663,337
/proc/stat,1748988177093,1605730,252077
/proc/19380/stat,1748988177097,22002,338
/proc/stat,1748988178084,1606069,252088
/proc/19380/stat,1748988178090,22334,341
/proc/stat,1748988179091,1606437,252098
/proc/19380/stat,1748988179097,22694,343
/proc/stat,1748988180086,1606778,252111
/proc/19380/stat,1748988180092,23036,346
/proc/stat,1748988181093,1607128,252119
/proc/19380/stat,1748988181095,23380,349
/proc/stat,1748988182087,1607482,252126
/proc/19380/stat,1748988182093,23732,350
/proc/stat,1748988183077,1607826,252134
/proc/19380/stat,1748988183084,24077,351
/proc/stat,1748988184085,1608172,252143
/proc/19380/stat,1748988184090,24421,354
/proc/stat,1748988185084,1608528,252151
/proc/19380/stat,1748988185089,24771,357
/proc/stat,1748988186077,1608874,252160
/proc/19380/stat,1748988186083,25114,361
/proc/stat,1748988187082,1609223,252169
/proc/19380/stat,1748988187087,25460,363
/proc/stat,1748988188085,1609576,252177
/proc/19380/stat,1748988188090,25811,365
/proc/stat,1748988189104,1609940,252185
/proc/19380/stat,1748988189109,26165,369
/proc/stat,1748988190080,1610268,252192
/proc/19380/stat,1748988190083,26493,371
/proc/stat,1748988191078,1610620,252198
/proc/19380/stat,1748988191081,26838,374
/proc/stat,1748988192081,1610966,252204
/proc/19380/stat,1748988192085,27185,376
/proc/stat,1748988193082,1611305,252212
/proc/19380/stat,1748988193086,27524,379
/proc/stat,1748988194094,1611670,252225
/proc/19380/stat,1748988194098,27877,381
/proc/stat,1748988195091,1612036,252232
/proc/19380/stat,1748988195098,28243,382
/proc/stat,1748988196086,1612375,252242
/proc/19380/stat,1748988196091,28575,385
/proc/stat,1748988197093,1612732,252252
/proc/19380/stat,1748988197097,28926,388
/proc/stat,1748988198092,1613049,252295
/proc/19380/stat,1748988198095,29235,425
/proc/stat,1748988199100,1613379,252326
/proc/19380/stat,1748988199103,29562,450
/proc/stat,1748988200098,1613733,252334
/proc/19380/stat,1748988200103,29911,453
/proc/stat,1748988201091,1614107,252342
/proc/19380/stat,1748988201095,30264,455
/proc/stat,1748988202096,1614476,252350
/proc/19380/stat,1748988202099,30628,456
/proc/stat,1748988203092,1614825,252360
/proc/19380/stat,1748988203095,30976,460
/proc/stat,1748988204082,1615191,252371
/proc/19380/stat,1748988204086,31331,463
/proc/stat,1748988205087,1615527,252380
/proc/19380/stat,1748988205091,31665,465
/proc/stat,1748988206079,1615882,252385
/proc/19380/stat,1748988206089,32016,467
/proc/stat,1748988207093,1616242,252393
/proc/19380/stat,1748988207096,32369,469
/proc/stat,1748988208085,1616591,252401
/proc/19380/stat,1748988208091,32717,471
/proc/stat,1748988209074,1616932,252408
/proc/19380/stat,1748988209077,33058,472
/proc/stat,1748988210088,1617285,252416
/proc/19380/stat,1748988210095,33409,474
/proc/stat,1748988211091,1617640,252425
/proc/19380/stat,1748988211096,33760,478
/proc/stat,1748988212090,1618002,252434
/proc/19380/stat,1748988212095,34116,479
/proc/stat,1748988213081,1618345,252442
/proc/19380/stat,1748988213084,34457,480
/proc/stat,1748988214091,1618694,252450
/proc/19380/stat,1748988214095,34805,484
/proc/stat,1748988215095,1619054,252458
/proc/19380/stat,1748988215099,35161,488
/proc/stat,1748988216072,1619406,252463
/proc/19380/stat,1748988216075,35508,489
/proc/stat,1748988217083,1619764,252470
/proc/19380/stat,1748988217088,35868,491
/proc/stat,1748988218078,1620106,252477
/proc/19380/stat,1748988218083,36211,492
/proc/stat,1748988219101,1620462,252486
/proc/19380/stat,1748988219106,36562,497
/proc/stat,1748988220093,1620833,252494
/proc/19380/stat,1748988220098,36932,499
/proc/stat,1748988221079,1621185,252504
/proc/19380/stat,1748988221082,37283,502
/proc/stat,1748988222108,1621539,252516
/proc/19380/stat,1748988222113,37644,508
/proc/stat,1748988223086,1621881,252533
/proc/19380/stat,1748988223090,37965,520
/proc/stat,1748988224090,1622234,252541
/proc/19380/stat,1748988224095,38315,522
/proc/stat,1748988225094,1622592,252550
/proc/19380/stat,1748988225098,38669,525
/proc/stat,1748988226096,1622942,252556
/proc/19380/stat,1748988226099,39016,525
/proc/stat,1748988227095,1623301,252564
/proc/19380/stat,1748988227099,39370,528
/proc/stat,1748988228087,1623638,252573
/proc/19380/stat,1748988228092,39710,529
/proc/stat,1748988229093,1624000,252579
/proc/19380/stat,1748988229099,40065,531
/proc/stat,1748988230097,1624368,252586
/proc/19380/stat,1748988230102,40424,534
/proc/stat,1748988231083,1624707,252595
/proc/19380/stat,1748988231088,40761,538
/proc/stat,1748988232096,1625068,252604
/proc/19380/stat,1748988232100,41121,542
/proc/stat,1748988233092,1625403,252610
/proc/19380/stat,1748988233098,41461,543
/proc/stat,1748988234080,1625749,252616
/proc/19380/stat,1748988234085,41800,544
/proc/stat,1748988235084,1626109,252627
/proc/19380/stat,1748988235090,42148,548
/proc/stat,1748988236096,1626475,252638
/proc/19380/stat,1748988236101,42511,550
/proc/stat,1748988237086,1626821,252644
/proc/19380/stat,1748988237092,42853,550
/proc/stat,1748988238093,1627176,252656
/proc/19380/stat,1748988238098,43207,554
/proc/stat,1748988239099,1627531,252666
/proc/19380/stat,1748988239105,43556,558
/proc/stat,1748988240099,1627873,252676
/proc/19380/stat,1748988240104,43899,561
/proc/stat,1748988241089,1628218,252682
/proc/19380/stat,1748988241095,44242,563
/proc/stat,1748988242087,1628560,252689
/proc/19380/stat,1748988242091,44579,565
/proc/stat,1748988243106,1628926,252700
/proc/19380/stat,1748988243111,44943,568
/proc/stat,1748988244092,1629292,252707
/proc/19380/stat,1748988244096,45303,569
/proc/stat,1748988245080,1629648,252716
/proc/19380/stat,1748988245083,45658,571
/proc/stat,1748988246080,1630024,252733
/proc/19380/stat,1748988246085,46013,573
/proc/stat,1748988247062,1630367,252740
/proc/19380/stat,1748988247065,46355,576
/proc/stat,1748988248097,1630735,252749
/proc/19380/stat,1748988248101,46721,578
/proc/stat,1748988249088,1631074,252757
/proc/19380/stat,1748988249091,47062,578
/proc/stat,1748988250074,1631426,252763
/proc/19380/stat,1748988250077,47412,579
/proc/stat,1748988251074,1631767,252771
/proc/19380/stat,1748988251077,47754,582
/proc/stat,1748988252082,1632122,252777
/proc/19380/stat,1748988252088,48112,584
/proc/stat,1748988253080,1632488,252798
/proc/19380/stat,1748988253083,48458,587
/proc/stat,1748988254081,1632834,252804
/proc/19380/stat,1748988254084,48800,588
/proc/stat,1748988255088,1633181,252810
/proc/19380/stat,1748988255091,49148,589
/proc/stat,1748988256084,1633545,252816
/proc/19380/stat,1748988256089,49510,589
/proc/stat,1748988257093,1633888,252823
/proc/19380/stat,1748988257096,49851,591
/proc/stat,1748988258089,1634238,252830
/proc/19380/stat,1748988258093,50201,593
/proc/stat,1748988259081,1634580,252835
/proc/19380/stat,1748988259084,50543,595
/proc/stat,1748988260082,1634934,252844
/proc/19380/stat,1748988260086,50896,598
/proc/stat,1748988261085,1635311,252862
/proc/19380/stat,1748988261089,51248,599
/proc/stat,1748988262089,1635646,252873
/proc/19380/stat,1748988262093,51586,601
/proc/stat,1748988263085,1636014,252879
/proc/19380/stat,1748988263089,51947,603
/proc/stat,1748988264082,1636368,252885
/proc/19380/stat,1748988264085,52294,604
/proc/stat,1748988265080,1636703,252891
/proc/19380/stat,1748988265082,52630,606
/proc/stat,1748988266076,1637056,252897
/proc/19380/stat,1748988266079,52984,607
/proc/stat,1748988267097,1637424,252905
/proc/19380/stat,1748988267101,53353,609
/proc/stat,1748988268083,1637759,252914
/proc/19380/stat,1748988268087,53690,611
/proc/stat,1748988269086,1638137,252934
/proc/19380/stat,1748988269090,54040,613
/proc/stat,1748988270085,1638475,252941
/proc/19380/stat,1748988270089,54378,614
/proc/stat,1748988271074,1638811,252948
/proc/19380/stat,1748988271077,54715,616
/proc/stat,1748988272087,1639159,252955
/proc/19380/stat,1748988272090,55065,618
/proc/stat,1748988273093,1639514,252962
/proc/19380/stat,1748988273095,55419,620
/proc/stat,1748988274092,1639855,252970
/proc/19380/stat,1748988274096,55763,623
/proc/stat,1748988275077,1640182,252976
/proc/19380/stat,1748988275082,56090,624
/proc/stat,1748988276096,1640540,252984
/proc/19380/stat,1748988276100,56452,626
/proc/stat,1748988277089,1640915,253003
/proc/19380/stat,1748988277092,56797,628
/proc/stat,1748988278094,1641276,253011
/proc/19380/stat,1748988278097,57154,630
/proc/stat,1748988279084,1641616,253018
/proc/19380/stat,1748988279114,57494,631
/proc/stat,1748988280115,1641990,253030
/proc/19380/stat,1748988280123,57857,634
/proc/stat,1748988281096,1642336,253038
/proc/19380/stat,1748988281100,58201,637
/proc/stat,1748988282087,1642683,253046
/proc/19380/stat,1748988282091,58548,639
/proc/stat,1748988283085,1643030,253056
/proc/19380/stat,1748988283087,58897,642
/proc/stat,1748988284091,1643368,253064
/proc/19380/stat,1748988284094,59239,643
/proc/stat,1748988285094,1643738,253084
/proc/19380/stat,1748988285097,59587,644
/proc/stat,1748988286090,1644099,253092
/proc/19380/stat,1748988286093,59946,648
/proc/stat,1748988287088,1644430,253099
/proc/19380/stat,1748988287091,60279,650
/proc/stat,1748988288089,1644775,253108
/proc/19380/stat,1748988288091,60623,652
/proc/stat,1748988289090,1645115,253116
/proc/19380/stat,1748988289093,60962,655
/proc/stat,1748988290091,1645460,253125
/proc/19380/stat,1748988290093,61310,656
/proc/stat,1748988291089,1645813,253132
/proc/19380/stat,1748988291092,61662,658
/proc/stat,1748988292079,1646160,253139
/proc/19380/stat,1748988292082,62011,659
/proc/stat,1748988293088,1646517,253156
/proc/19380/stat,1748988293091,62349,661
/proc/stat,1748988294088,1646866,253167
/proc/19380/stat,1748988294091,62698,663
/proc/stat,1748988295094,1647214,253174
/proc/19380/stat,1748988295097,63044,664
/proc/stat,1748988296092,1647563,253184
/proc/19380/stat,1748988296095,63393,667
/proc/stat,1748988297093,1647914,253192
/proc/19380/stat,1748988297096,63743,670
/proc/stat,1748988298063,1648254,253197
/proc/19380/stat,1748988298065,64082,672
/proc/stat,1748988299094,1648617,253206
/proc/19380/stat,1748988299097,64443,676
/proc/stat,1748988300081,1648950,253214
/proc/19380/stat,1748988300085,64779,680
/proc/stat,1748988301082,1649328,253240
/proc/19380/stat,1748988301086,65133,681
/proc/stat,1748988302081,1649672,253249
/proc/19380/stat,1748988302084,65471,686
/proc/stat,1748988303082,1650014,253257
/proc/19380/stat,1748988303084,65809,688
/proc/stat,1748988304084,1650384,253264
/proc/19380/stat,1748988304089,66172,690
/proc/stat,1748988305090,1650736,253272
/proc/19380/stat,1748988305094,66524,693
/proc/stat,1748988306094,1651091,253280
/proc/19380/stat,1748988306097,66877,695
/proc/stat,1748988307125,1651464,253287
/proc/19380/stat,1748988307129,67239,698
/proc/stat,1748988308098,1651807,253296
/proc/19380/stat,1748988308103,67578,702
/proc/stat,1748988309076,1652163,253320
/proc/19380/stat,1748988309080,67912,706
/proc/stat,1748988310092,1652522,253327
/proc/19380/stat,1748988310096,68267,707
/proc/stat,1748988311094,1652859,253334
/proc/19380/stat,1748988311098,68602,710
/proc/stat,1748988312087,1653212,253342
/proc/19380/stat,1748988312090,68950,712
/proc/stat,1748988313078,1653556,253348
/proc/19380/stat,1748988313082,69289,713
/proc/stat,1748988314082,1653906,253356
/proc/19380/stat,1748988314086,69642,716
/proc/stat,1748988315093,1654267,253363
/proc/19380/stat,1748988315095,70000,717
/proc/stat,1748988316090,1654631,253373
/proc/19380/stat,1748988316093,70357,721
/proc/stat,1748988317092,1654998,253395
/proc/19380/stat,1748988317094,70698,725
/proc/stat,1748988318090,1655338,253404
/proc/19380/stat,1748988318093,71037,726
/proc/stat,1748988319094,1655692,253413
/proc/19380/stat,1748988319097,71392,728
/proc/stat,1748988320106,1656052,253421
/proc/19380/stat,1748988320109,71749,730
/proc/stat,1748988321085,1656398,253429
/proc/19380/stat,1748988321088,72093,733
/proc/stat,1748988322087,1656740,253435
/proc/19380/stat,1748988322090,72436,734
/proc/stat,1748988323092,1657063,253446
/proc/19380/stat,1748988323095,72761,740
/proc/stat,1748988324090,1657421,253456
/proc/19380/stat,1748988324092,73119,742
/proc/stat,1748988325092,1657786,253478
/proc/19380/stat,1748988325094,73464,743
/proc/stat,1748988326088,1658124,253487
/proc/19380/stat,1748988326091,73803,745
/proc/stat,1748988327082,1658467,253494
/proc/19380/stat,1748988327084,74143,747
/proc/stat,1748988328077,1658754,253543
/proc/19380/stat,1748988328079,74432,791
/proc/stat,1748988329086,1659112,253551
/proc/19380/stat,1748988329090,74785,793
/proc/stat,1748988330094,1659472,253558
/proc/19380/stat,1748988330097,75141,793
/proc/stat,1748988331093,1659819,253566
/proc/19380/stat,1748988331096,75492,795
/proc/stat,1748988332092,1660171,253574
/proc/19380/stat,1748988332095,75840,798
/proc/stat,1748988333086,1660524,253583
/proc/19380/stat,1748988333089,76187,798
/proc/stat,1748988334081,1660868,253592
/proc/19380/stat,1748988334084,76530,801
/proc/stat,1748988335081,1661222,253601
/proc/19380/stat,1748988335084,76885,803
/proc/stat,1748988336083,1661572,253610
/proc/19380/stat,1748988336085,77232,807
/proc/stat,1748988337095,1661926,253619
/proc/19380/stat,1748988337098,77587,812
/proc/stat,1748988338097,1662272,253625
/proc/19380/stat,1748988338099,77929,814
/proc/stat,1748988339093,1662619,253632
/proc/19380/stat,1748988339096,78272,816
/proc/stat,1748988340091,1662966,253642
/proc/19380/stat,1748988340093,78614,818
/proc/stat,1748988341091,1663319,253649
/proc/19380/stat,1748988341093,78961,818
/proc/stat,1748988342092,1663672,253658
/proc/19380/stat,1748988342095,79310,822
/proc/stat,1748988343093,1664019,253667
/proc/19380/stat,1748988343096,79658,823
/proc/stat,1748988344094,1664370,253675
/proc/19380/stat,1748988344097,79997,826
/proc/stat,1748988345091,1664706,253683
/proc/19380/stat,1748988345094,80336,830
/proc/stat,1748988346094,1665059,253689
/proc/19380/stat,1748988346098,80686,830
/proc/stat,1748988347097,1665414,253698
/proc/19380/stat,1748988347100,81039,832
/proc/stat,1748988348091,1665740,253709
/proc/19380/stat,1748988348096,81363,836
/proc/stat,1748988349087,1666075,253724
/proc/19380/stat,1748988349090,81695,855
/proc/stat,1748988350082,1666406,253730
/proc/19380/stat,1748988350085,82023,866
/proc/stat,1748988351074,1666751,253742
/proc/19380/stat,1748988351076,82371,870
/proc/stat,1748988352089,1667116,253754
/proc/19380/stat,1748988352092,82727,871
/proc/stat,1748988353084,1667464,253770
/proc/19380/stat,1748988353087,83073,873
/proc/stat,1748988354082,1667830,253780
/proc/19380/stat,1748988354086,83431,876
/proc/stat,1748988355084,1668181,253788
/proc/19380/stat,1748988355087,83779,878
/proc/stat,1748988356093,1668542,253799
/proc/19380/stat,1748988356097,84138,881
/proc/stat,1748988357082,1668894,253808
/proc/19380/stat,1748988357086,84492,885
/proc/stat,1748988358088,1669250,253816
/proc/19380/stat,1748988358090,84845,888
/proc/stat,1748988359082,1669590,253824
/proc/19380/stat,1748988359084,85185,892
/proc/stat,1748988360082,1669928,253831
/proc/19380/stat,1748988360085,85521,894
/proc/stat,1748988361089,1670282,253839
/proc/19380/stat,1748988361091,85875,896
/proc/stat,1748988362081,1670640,253846
/proc/19380/stat,1748988362084,86230,896
/proc/stat,1748988363083,1670981,253854
/proc/19380/stat,1748988363085,86578,898
/proc/stat,1748988364085,1671334,253861
/proc/19380/stat,1748988364089,86931,899
/proc/stat,1748988365084,1671671,253869
/proc/19380/stat,1748988365087,87265,902
/proc/stat,1748988366092,1672033,253878
/proc/19380/stat,1748988366097,87622,904
/proc/stat,1748988367101,1672396,253887
/proc/19380/stat,1748988367104,87982,904
/proc/stat,1748988368089,1672742,253897
/proc/19380/stat,1748988368092,88328,906
/proc/stat,1748988369105,1673095,253905
/proc/19380/stat,1748988369110,88678,908
/proc/stat,1748988370080,1673435,253911
/proc/19380/stat,1748988370082,89010,910
/proc/stat,1748988371086,1673780,253919
/proc/19380/stat,1748988371088,89347,912
/proc/stat,1748988372091,1674123,253928
/proc/19380/stat,1748988372094,89690,915
/proc/stat,1748988373087,1674466,253937
/proc/19380/stat,1748988373090,90034,916
/proc/stat,1748988374095,1674830,253944
/proc/19380/stat,1748988374098,90392,919
/proc/stat,1748988375089,1675168,253950
/proc/19380/stat,1748988375092,90730,921
/proc/stat,1748988376092,1675528,253958
/proc/19380/stat,1748988376095,91086,922
/proc/stat,1748988377092,1675886,253966
/proc/19380/stat,1748988377096,91442,923
/proc/stat,1748988378079,1676195,254016
/proc/19380/stat,1748988378081,91746,969
/proc/stat,1748988379081,1676538,254029
/proc/19380/stat,1748988379083,92087,977
/proc/stat,1748988380094,1676886,254040
/proc/19380/stat,1748988380098,92436,981
/proc/stat,1748988381090,1677234,254048
/proc/19380/stat,1748988381094,92784,983
/proc/stat,1748988382081,1677572,254057
/proc/19380/stat,1748988382085,93118,985
/proc/stat,1748988383088,1677922,254065
/proc/19380/stat,1748988383093,93470,987
/proc/stat,1748988384077,1678249,254073
/proc/19380/stat,1748988384080,93796,990
/proc/stat,1748988385082,1678598,254081
/proc/19380/stat,1748988385086,94145,992
/proc/stat,1748988386094,1678962,254088
/proc/19380/stat,1748988386098,94511,992
/proc/stat,1748988387083,1679316,254094
/proc/19380/stat,1748988387086,94865,994
/proc/stat,1748988388090,1679674,254101
/proc/19380/stat,1748988388095,95221,996
/proc/stat,1748988389082,1680013,254108
/proc/19380/stat,1748988389085,95560,998
/proc/stat,1748988390083,1680365,254114
/proc/19380/stat,1748988390086,95909,998
/proc/stat,1748988391095,1680721,254122
/proc/19380/stat,1748988391096,96263,1002
/proc/stat,1748988392096,1681066,254132
/proc/19380/stat,1748988392098,96608,1005
/proc/stat,1748988393098,1681416,254141
/proc/19380/stat,1748988393101,96956,1007
/proc/stat,1748988394087,1681761,254150
/proc/19380/stat,1748988394090,97302,1010
/proc/stat,1748988395083,1682104,254157
/proc/19380/stat,1748988395086,97645,1023
/proc/stat,1748988396078,1682437,254164
/proc/19380/stat,1748988396080,97976,1033
/proc/stat,1748988397088,1682800,254177
/proc/19380/stat,1748988397091,98336,1036
/proc/stat,1748988398079,1683148,254188
/proc/19380/stat,1748988398082,98677,1039
/proc/stat,1748988399085,1683516,254202
/proc/19380/stat,1748988399088,99036,1044
/proc/stat,1748988400080,1683860,254218
/proc/19380/stat,1748988400083,99375,1053
/proc/stat,1748988401083,1684213,254226
/proc/19380/stat,1748988401086,99728,1053
/proc/stat,1748988402080,1684554,254231
/proc/19380/stat,1748988402083,100070,1054
/proc/stat,1748988403070,1684892,254238
/proc/19380/stat,1748988403072,100407,1057
/proc/stat,1748988404089,1685245,254246
/proc/19380/stat,1748988404093,100762,1058
/proc/stat,1748988405082,1685594,254253
/proc/19380/stat,1748988405085,101107,1060
/proc/stat,1748988406077,1685938,254260
/proc/19380/stat,1748988406080,101453,1061
/proc/stat,1748988407082,1686282,254267
/proc/19380/stat,1748988407086,101797,1061
/proc/stat,1748988408075,1686622,254274
/proc/19380/stat,1748988408078,102138,1062
/proc/stat,1748988409082,1686970,254280
/proc/19380/stat,1748988409085,102487,1064
/proc/stat,1748988410082,1687316,254288
/proc/19380/stat,1748988410085,102833,1066
/proc/stat,1748988411083,1687663,254294
/proc/19380/stat,1748988411087,103183,1067
/proc/stat,1748988412073,1687991,254303
/proc/19380/stat,1748988412076,103514,1070
/proc/stat,1748988413077,1688349,254313
/proc/19380/stat,1748988413080,103866,1075
/proc/stat,1748988414077,1688694,254320
/proc/19380/stat,1748988414080,104211,1076
/proc/stat,1748988415094,1689060,254327
/proc/19380/stat,1748988415097,104574,1078
/proc/stat,1748988416092,1689407,254335
/proc/19380/stat,1748988416094,104921,1079
/proc/stat,1748988417089,1689758,254344
/proc/19380/stat,1748988417096,105269,1082
/proc/stat,1748988418092,1690103,254354
/proc/19380/stat,1748988418095,105616,1084
/proc/stat,1748988419093,1690447,254362
/proc/19380/stat,1748988419095,105961,1085
/proc/stat,1748988420091,1690792,254369
/proc/19380/stat,1748988420094,106305,1087
/proc/stat,1748988421093,1691136,254377
/proc/19380/stat,1748988421096,106648,1090
/proc/stat,1748988422078,1691480,254383
/proc/19380/stat,1748988422083,106996,1091
/proc/stat,1748988423088,1691838,254392
/proc/19380/stat,1748988423090,107352,1094
/proc/stat,1748988424059,1692184,254399
/proc/19380/stat,1748988424061,107696,1096
/proc/stat,1748988425095,1692556,254406
/proc/19380/stat,1748988425098,108067,1098
/proc/stat,1748988426082,1692858,254442
/proc/19380/stat,1748988426085,108369,1130
/proc/stat,1748988427090,1693213,254457
/proc/19380/stat,1748988427093,108723,1139
/proc/stat,1748988428075,1693553,254464
/proc/19380/stat,1748988428078,109065,1142
/proc/stat,1748988429076,1693914,254473
/proc/19380/stat,1748988429078,109422,1145
/proc/stat,1748988430083,1694262,254479
/proc/19380/stat,1748988430086,109770,1147
/proc/stat,1748988431088,1694607,254487
/proc/19380/stat,1748988431091,110114,1148
/proc/stat,1748988432073,1694963,254492
/proc/19380/stat,1748988432077,110464,1151
/proc/stat,1748988433086,1695315,254500
/proc/19380/stat,1748988433089,110819,1153
/proc/stat,1748988434083,1695657,254511
/proc/19380/stat,1748988434086,111161,1158
/proc/stat,1748988435099,1696022,254521
/proc/19380/stat,1748988435102,111522,1162
/proc/stat,1748988436087,1696368,254526
/proc/19380/stat,1748988436090,111865,1164
/proc/stat,1748988437078,1696714,254532
/proc/19380/stat,1748988437080,112212,1165
/proc/stat,1748988438075,1697060,254538
/proc/19380/stat,1748988438077,112557,1168
/proc/stat,1748988439080,1697410,254546
/proc/19380/stat,1748988439083,112908,1171
/proc/stat,1748988440081,1697759,254549
/proc/19380/stat,1748988440084,113255,1172
/proc/stat,1748988441083,1698109,254556
/proc/19380/stat,1748988441086,113604,1174
/proc/stat,1748988442093,1698464,254564
/proc/19380/stat,1748988442095,113958,1176
/proc/stat,1748988443077,1698792,254574
/proc/19380/stat,1748988443080,114288,1179
/proc/stat,1748988444091,1699144,254581
/proc/19380/stat,1748988444095,114641,1180
/proc/stat,1748988445094,1699497,254588
/proc/19380/stat,1748988445096,114989,1192
/proc/stat,1748988446092,1699830,254596
/proc/19380/stat,1748988446094,115319,1201
/proc/stat,1748988447087,1700170,254612
/proc/19380/stat,1748988447090,115659,1207
/proc/stat,1748988448085,1700515,254624
/proc/19380/stat,1748988448087,116003,1208
/proc/stat,1748988449081,1700871,254635
/proc/19380/stat,1748988449084,116352,1209
/proc/stat,1748988450087,1701225,254658
/proc/19380/stat,1748988450091,116701,1221
/proc/stat,1748988451085,1701589,254668
/proc/19380/stat,1748988451087,117061,1224
/proc/stat,1748988452090,1701944,254679
/proc/19380/stat,1748988452092,117395,1227
/proc/stat,1748988453076,1702272,254689
/proc/19380/stat,1748988453080,117725,1232
/proc/stat,1748988454079,1702618,254697
/proc/19380/stat,1748988454082,118073,1233
/proc/stat,1748988455093,1702972,254707
/proc/19380/stat,1748988455095,118429,1235
/proc/stat,1748988456080,1703308,254715
/proc/19380/stat,1748988456083,118766,1238
/proc/stat,1748988457080,1703658,254723
/proc/19380/stat,1748988457083,119113,1240
/proc/stat,1748988458079,1704000,254730
/proc/19380/stat,1748988458082,119461,1241
/proc/stat,1748988459085,1704350,254735
/proc/19380/stat,1748988459088,119809,1243
/proc/stat,1748988460081,1704707,254746
/proc/19380/stat,1748988460084,120154,1246
/proc/stat,1748988461091,1705060,254756
/proc/19380/stat,1748988461093,120506,1251
/proc/stat,1748988462089,1705404,254764
/proc/19380/stat,1748988462092,120848,1254
/proc/stat,1748988463090,1705753,254771
/proc/19380/stat,1748988463093,121198,1255
/proc/stat,1748988464090,1706109,254778
/proc/19380/stat,1748988464093,121554,1258
/proc/stat,1748988465091,1706451,254785
/proc/19380/stat,1748988465094,121896,1259
/proc/stat,1748988466082,1706774,254791
/proc/19380/stat,1748988466086,122222,1260
/proc/stat,1748988467078,1707128,254798
/proc/19380/stat,1748988467082,122572,1261
/proc/stat,1748988468093,1707488,254806
/proc/19380/stat,1748988468096,122932,1262
/proc/stat,1748988469075,1707845,254811
/proc/19380/stat,1748988469077,123288,1265
/proc/stat,1748988470075,1708199,254817
/proc/19380/stat,1748988470079,123642,1267
/proc/stat,1748988471081,1708552,254828
/proc/19380/stat,1748988471084,123996,1272
/proc/stat,1748988472092,1708912,254834
/proc/19380/stat,1748988472096,124356,1273
/proc/stat,1748988473079,1709272,254842
/proc/19380/stat,1748988473082,124716,1275
/proc/stat,1748988474075,1709609,254847
/proc/19380/stat,1748988474079,125057,1277
/proc/stat,1748988475089,1709956,254855
/proc/19380/stat,1748988475091,125406,1282
/proc/stat,1748988476081,1710274,254862
/proc/19380/stat,1748988476085,125728,1285
/proc/stat,1748988477082,1710621,254868
/proc/19380/stat,1748988477084,126077,1287
/proc/stat,1748988478081,1710980,254876
/proc/19380/stat,1748988478085,126433,1289
/proc/stat,1748988479089,1711290,254919
/proc/19380/stat,1748988479094,126743,1327
/proc/stat,1748988480095,1711641,254928
/proc/19380/stat,1748988480097,127091,1329
/proc/stat,1748988481090,1711993,254938
/proc/19380/stat,1748988481093,127442,1334
/proc/stat,1748988482077,1712336,254944
/proc/19380/stat,1748988482081,127791,1336
/proc/stat,1748988483081,1712696,254952
/proc/19380/stat,1748988483086,128149,1339
/proc/stat,1748988484078,1713037,254960
/proc/19380/stat,1748988484082,128489,1341
/proc/stat,1748988485094,1713396,254971
/proc/19380/stat,1748988485097,128849,1344
/proc/stat,1748988486079,1713746,254979
/proc/19380/stat,1748988486083,129200,1347
/proc/stat,1748988487081,1714090,254988
/proc/19380/stat,1748988487084,129547,1348
/proc/stat,1748988488082,1714456,254996
/proc/19380/stat,1748988488086,129910,1350
/proc/stat,1748988489081,1714798,255001
/proc/19380/stat,1748988489085,130250,1351
/proc/stat,1748988490093,1715163,255009
/proc/19380/stat,1748988490096,130615,1352
/proc/stat,1748988491077,1715534,255016
/proc/19380/stat,1748988491080,130983,1354
/proc/stat,1748988492082,1715887,255024
/proc/19380/stat,1748988492086,131334,1356
/proc/stat,1748988493098,1716255,255032
/proc/19380/stat,1748988493102,131689,1358
/proc/stat,1748988494094,1716602,255038
/proc/19380/stat,1748988494096,132033,1359
/proc/stat,1748988495097,1716960,255046
/proc/19380/stat,1748988495100,132387,1360
/proc/stat,1748988496084,1717306,255055
/proc/19380/stat,1748988496086,132736,1364
/proc/stat,1748988497102,1717668,255062
/proc/19380/stat,1748988497105,133092,1365
/proc/stat,1748988498088,1718022,255068
/proc/19380/stat,1748988498091,133440,1367
/proc/stat,1748988499088,1718372,255075
/proc/19380/stat,1748988499091,133787,1368
/proc/stat,1748988500083,1718733,255089
/proc/19380/stat,1748988500086,134124,1381
/proc/stat,1748988501082,1719059,255096
/proc/19380/stat,1748988501084,134453,1392
/proc/stat,1748988502084,1719398,255104
/proc/19380/stat,1748988502087,134796,1401
/proc/stat,1748988503080,1719752,255117
/proc/19380/stat,1748988503084,135150,1407
/proc/stat,1748988504079,1720101,255129
/proc/19380/stat,1748988504082,135495,1409
/proc/stat,1748988505078,1720449,255140
/proc/19380/stat,1748988505080,135840,1411
/proc/stat,1748988506093,1720817,255153
/proc/19380/stat,1748988506095,136206,1412
/proc/stat,1748988507086,1721168,255164
/proc/19380/stat,1748988507088,136552,1414
/proc/stat,1748988508092,1721515,255175
/proc/19380/stat,1748988508095,136904,1416
/proc/stat,1748988509083,1721866,255184
/proc/19380/stat,1748988509086,137250,1420
/proc/stat,1748988510076,1722238,255190
/proc/19380/stat,1748988510078,137594,1421
/proc/stat,1748988511089,1722588,255200
/proc/19380/stat,1748988511092,137942,1423
/proc/stat,1748988512077,1722935,255207
/proc/19380/stat,1748988512080,138291,1425
/proc/stat,1748988513077,1723292,255215
/proc/19380/stat,1748988513079,138649,1427
/proc/stat,1748988514083,1723649,255223
/proc/19380/stat,1748988514086,138998,1430
/proc/stat,1748988515078,1723999,255230
/proc/19380/stat,1748988515080,139347,1431
/proc/stat,1748988516073,1724337,255236
/proc/19380/stat,1748988516074,139690,1432
/proc/stat,1748988517090,1724692,255243
/proc/19380/stat,1748988517093,140046,1433
/proc/stat,1748988518089,1725046,255250
/proc/19380/stat,1748988518092,140402,1437
/proc/stat,1748988519086,1725385,255258
/proc/19380/stat,1748988519088,140740,1438
/proc/stat,1748988520090,1725746,255268
/proc/19380/stat,1748988520092,141100,1441
/proc/stat,1748988521094,1726096,255276
/proc/19380/stat,1748988521096,141450,1443
/proc/stat,1748988522077,1726437,255281
/proc/19380/stat,1748988522079,141795,1445
/proc/stat,1748988523092,1726782,255291
/proc/19380/stat,1748988523093,142146,1449
/proc/stat,1748988524078,1727137,255298
/proc/19380/stat,1748988524080,142494,1451
/proc/stat,1748988525079,1727490,255306
/proc/19380/stat,1748988525081,142847,1454
/proc/stat,1748988526074,1727838,255314
/proc/19380/stat,1748988526076,143196,1456
/proc/stat,1748988527077,1728186,255320
/proc/19380/stat,1748988527079,143545,1457
/proc/stat,1748988528076,1728530,255326
/proc/19380/stat,1748988528078,143893,1460
/proc/stat,1748988529076,1728870,255333
/proc/19380/stat,1748988529078,144232,1464
/proc/stat,1748988530076,1729224,255338
/proc/19380/stat,1748988530079,144582,1464
/proc/stat,1748988531077,1729561,255346
/proc/19380/stat,1748988531079,144924,1467
/proc/stat,1748988532082,1729912,255352
/proc/19380/stat,1748988532085,145272,1469
/proc/stat,1748988533090,1730270,255358
/proc/19380/stat,1748988533092,145628,1471
/proc/stat,1748988534092,1730623,255366
/proc/19380/stat,1748988534094,145974,1474
/proc/stat,1748988535095,1730975,255374
/proc/19380/stat,1748988535097,146324,1476
/proc/stat,1748988536083,1731312,255382
/proc/19380/stat,1748988536085,146663,1480
/proc/stat,1748988537098,1731668,255389
/proc/19380/stat,1748988537100,147021,1481
/proc/stat,1748988538091,1732017,255396
/proc/19380/stat,1748988538093,147375,1484
/proc/stat,1748988539078,1732366,255404
/proc/19380/stat,1748988539081,147725,1486
/proc/stat,1748988540088,1732726,255413
/proc/19380/stat,1748988540090,148089,1490
/proc/stat,1748988541078,1733060,255422
/proc/19380/stat,1748988541082,148428,1491
/proc/stat,1748988542070,1733399,255430
/proc/19380/stat,1748988542073,148768,1493
/proc/stat,1748988543084,1733756,255437
/proc/19380/stat,1748988543087,149128,1495
/proc/stat,1748988544087,1734105,255447
/proc/19380/stat,1748988544091,149476,1497
/proc/stat,1748988545091,1734458,255455
/proc/19380/stat,1748988545093,149830,1501
/proc/stat,1748988546094,1734812,255464
/proc/19380/stat,1748988546097,150181,1503
/proc/stat,1748988547093,1735154,255470
/proc/19380/stat,1748988547095,150523,1505
/proc/stat,1748988548090,1735496,255478
/proc/19380/stat,1748988548092,150865,1507
/proc/stat,1748988549093,1735844,255484
/proc/19380/stat,1748988549095,151214,1507
/proc/stat,1748988550071,1736188,255493
/proc/19380/stat,1748988550077,151557,1512
/proc/stat,1748988551085,1736562,255501
/proc/19380/stat,1748988551088,151913,1514
/proc/stat,1748988552091,1736916,255510
/proc/19380/stat,1748988552094,152266,1516
/proc/stat,1748988553074,1737256,255516
/proc/19380/stat,1748988553077,152601,1518
/proc/stat,1748988554088,1737595,255524
/proc/19380/stat,1748988554091,152944,1522
/proc/stat,1748988555074,1737937,255530
/proc/19380/stat,1748988555077,153280,1523
/proc/stat,1748988556078,1738295,255536
/proc/19380/stat,1748988556081,153633,1523
/proc/stat,1748988557081,1738654,255544
/proc/19380/stat,1748988557085,153988,1526
/proc/stat,1748988558094,1739010,255555
/proc/19380/stat,1748988558097,154343,1531
/proc/stat,1748988559090,1739363,255560
/proc/19380/stat,1748988559093,154695,1532
/proc/stat,1748988560093,1739710,255568
/proc/19380/stat,1748988560095,155040,1535
/proc/stat,1748988561078,1740067,255574
/proc/19380/stat,1748988561080,155394,1540
/proc/stat,1748988562090,1740390,255583
/proc/19380/stat,1748988562093,155718,1552
/proc/stat,1748988563090,1740740,255591
/proc/19380/stat,1748988563093,156065,1563
/proc/stat,1748988564089,1741131,255599
/proc/19380/stat,1748988564093,156416,1571
/proc/stat,1748988565089,1741476,255613
/proc/19380/stat,1748988565093,156762,1574
/proc/stat,1748988566082,1741835,255623
/proc/19380/stat,1748988566085,157114,1575
/proc/stat,1748988567074,1742195,255635
/proc/19380/stat,1748988567077,157467,1577
/proc/stat,1748988568072,1742536,255646
/proc/19380/stat,1748988568074,157805,1578
/proc/stat,1748988569082,1742895,255657
/proc/19380/stat,1748988569085,158156,1580
/proc/stat,1748988570103,1743344,255674
/proc/19380/stat,1748988570106,158507,1583
/proc/stat,1748988571085,1743712,255683
/proc/19380/stat,1748988571089,158851,1584
/proc/stat,1748988572083,1744064,255691
/proc/19380/stat,1748988572086,159207,1586
/proc/stat,1748988573078,1744405,255698
/proc/19380/stat,1748988573081,159548,1588
/proc/stat,1748988574087,1744754,255706
/proc/19380/stat,1748988574090,159896,1591
/proc/stat,1748988575092,1745104,255716
/proc/19380/stat,1748988575095,160247,1592
/proc/stat,1748988576088,1745442,255725
/proc/19380/stat,1748988576092,160588,1594
/proc/stat,1748988577090,1745786,255734
/proc/19380/stat,1748988577093,160933,1596
/proc/stat,1748988578094,1746107,255776
/proc/19380/stat,1748988578097,161250,1632
/proc/stat,1748988579085,1746444,255784
/proc/19380/stat,1748988579088,161585,1634
/proc/stat,1748988580092,1746788,255793
/proc/19380/stat,1748988580096,161932,1636
/proc/stat,1748988581069,1747108,255801
/proc/19380/stat,1748988581072,162254,1640
/proc/stat,1748988582079,1747452,255810
/proc/19380/stat,1748988582085,162601,1641
/proc/stat,1748988583078,1747800,255816
/proc/19380/stat,1748988583081,162944,1643
/proc/stat,1748988584080,1748144,255824
/proc/19380/stat,1748988584082,163288,1645
/proc/stat,1748988585096,1748514,255832
/proc/19380/stat,1748988585099,163657,1646
/proc/stat,1748988586078,1748864,255838
/proc/19380/stat,1748988586082,164005,1646
/proc/stat,1748988587094,1749324,255845
/proc/19380/stat,1748988587097,164366,1647
/proc/stat,1748988588091,1749682,255856
/proc/19380/stat,1748988588094,164704,1649
/proc/stat,1748988589094,1750031,255864
/proc/19380/stat,1748988589096,165049,1651
/proc/stat,1748988590088,1750361,255869
/proc/19380/stat,1748988590091,165380,1652
/proc/stat,1748988591092,1750714,255879
/proc/19380/stat,1748988591095,165731,1654
/proc/stat,1748988592087,1751060,255887
/proc/19380/stat,1748988592090,166077,1656
/proc/stat,1748988593089,1751399,255896
/proc/19380/stat,1748988593092,166417,1659
/proc/stat,1748988594088,1751743,255904
/proc/19380/stat,1748988594090,166764,1661
/proc/stat,1748988595093,1752092,255913
/proc/19380/stat,1748988595096,167115,1662
/proc/stat,1748988596076,1752450,255919
/proc/19380/stat,1748988596080,167470,1664
/proc/stat,1748988597076,1752806,255927
/proc/19380/stat,1748988597079,167819,1666
/proc/stat,1748988598092,1753167,255935
/proc/19380/stat,1748988598094,168179,1669
/proc/stat,1748988599074,1753505,255939
/proc/19380/stat,1748988599077,168514,1669
/proc/stat,1748988600062,1753849,255946
/proc/19380/stat,1748988600065,168861,1671
/proc/stat,1748988601074,1754197,255959
/proc/19380/stat,1748988601078,169206,1681
/proc/stat,1748988602078,1754550,255965
/proc/19380/stat,1748988602081,169556,1681
/proc/stat,1748988603080,1754903,255974
/proc/19380/stat,1748988603083,169908,1684
/proc/stat,1748988604082,1755256,255980
/proc/19380/stat,1748988604085,170260,1686
/proc/stat,1748988605077,1755596,255988
/proc/19380/stat,1748988605080,170602,1687
/proc/stat,1748988606078,1755941,255995
/proc/19380/stat,1748988606080,170949,1689
/proc/stat,1748988607088,1756298,256001
/proc/19380/stat,1748988607090,171310,1690
/proc/stat,1748988608090,1756640,256008
/proc/19380/stat,1748988608093,171649,1691
/proc/stat,1748988609091,1756991,256016
/proc/19380/stat,1748988609094,172002,1693
/proc/stat,1748988610093,1757340,256024
/proc/19380/stat,1748988610095,172353,1696
/proc/stat,1748988611080,1757686,256031
/proc/19380/stat,1748988611083,172698,1698
/proc/stat,1748988612079,1758036,256038
/proc/19380/stat,1748988612082,173048,1699
/proc/stat,1748988613075,1758389,256046
/proc/19380/stat,1748988613077,173403,1700
/proc/stat,1748988614081,1758736,256051
/proc/19380/stat,1748988614083,173749,1702
/proc/stat,1748988615070,1759090,256057
/proc/19380/stat,1748988615072,174101,1703
/proc/stat,1748988616090,1759454,256063
/proc/19380/stat,1748988616092,174463,1705
/proc/stat,1748988617086,1759805,256071
/proc/19380/stat,1748988617089,174810,1709
/proc/stat,1748988618082,1760162,256078
/proc/19380/stat,1748988618085,175168,1711
/proc/stat,1748988619081,1760512,256084
/proc/19380/stat,1748988619083,175517,1713
/proc/stat,1748988620085,1760856,256091
/proc/19380/stat,1748988620088,175861,1715
/proc/stat,1748988621096,1761194,256100
/proc/19380/stat,1748988621098,176200,1718
/proc/stat,1748988622078,1761543,256108
/proc/19380/stat,1748988622080,176550,1720
/proc/stat,1748988623079,1761886,256115
/proc/19380/stat,1748988623082,176898,1722
/proc/stat,1748988624093,1762260,256124
/proc/19380/stat,1748988624095,177272,1724
/proc/stat,1748988625074,1762604,256131
/proc/19380/stat,1748988625075,177603,1727
/proc/stat,1748988626078,1762959,256138
/proc/19380/stat,1748988626080,177955,1729
/proc/stat,1748988627092,1763322,256148
/proc/19380/stat,1748988627095,178316,1732
/proc/stat,1748988628084,1763670,256155
/proc/19380/stat,1748988628086,178656,1733
/proc/stat,1748988629090,1764017,256180
/proc/19380/stat,1748988629093,178997,1752
/proc/stat,1748988630090,1764358,256205
/proc/19380/stat,1748988630093,179337,1769
/proc/stat,1748988631092,1764704,256213
/proc/19380/stat,1748988631094,179684,1778
/proc/stat,1748988632084,1765052,256221
/proc/19380/stat,1748988632087,180029,1789
/proc/stat,1748988633077,1765382,256228
/proc/19380/stat,1748988633079,180360,1801
/proc/stat,1748988634080,1765734,256238
/proc/19380/stat,1748988634082,180708,1811
/proc/stat,1748988635080,1766083,256254
/proc/19380/stat,1748988635085,181055,1815
/proc/stat,1748988636078,1766433,256264
/proc/19380/stat,1748988636081,181396,1817
/proc/stat,1748988637090,1766796,256279
/proc/19380/stat,1748988637092,181753,1817
/proc/stat,1748988638093,1767150,256295
/proc/19380/stat,1748988638096,182101,1820
/proc/stat,1748988639089,1767499,256309
/proc/19380/stat,1748988639092,182453,1823
/proc/stat,1748988640077,1767858,256322
/proc/19380/stat,1748988640081,182813,1826
/proc/stat,1748988641090,1768219,256332
/proc/19380/stat,1748988641092,183170,1830
/proc/stat,1748988642088,1768569,256341
/proc/19380/stat,1748988642092,183526,1833
/proc/stat,1748988643091,1768905,256349
/proc/19380/stat,1748988643093,183861,1835
/proc/stat,1748988644084,1769264,256356
/proc/19380/stat,1748988644086,184221,1836
/proc/stat,1748988645075,1769604,256365
/proc/19380/stat,1748988645078,184565,1838
/proc/stat,1748988646072,1769944,256370
/proc/19380/stat,1748988646078,184906,1840
/proc/stat,1748988647072,1770296,256375
/proc/19380/stat,1748988647076,185257,1841
/proc/stat,1748988648090,1770656,256383
/proc/19380/stat,1748988648094,185619,1842
/proc/stat,1748988649076,1770984,256388
/proc/19380/stat,1748988649079,185948,1844
/proc/stat,1748988650060,1771322,256393
/proc/19380/stat,1748988650062,186288,1847
/proc/stat,1748988651080,1771667,256409
/proc/19380/stat,1748988651083,186634,1858
/proc/stat,1748988652089,1772015,256416
/proc/19380/stat,1748988652092,186979,1860
/proc/stat,1748988653084,1772366,256422
/proc/19380/stat,1748988653087,187330,1862
/proc/stat,1748988654081,1772709,256430
/proc/19380/stat,1748988654083,187675,1864
/proc/stat,1748988655077,1773055,256438
/proc/19380/stat,1748988655080,188019,1868
/proc/stat,1748988656075,1773402,256444
/proc/19380/stat,1748988656077,188369,1871
/proc/stat,1748988657080,1773759,256449
/proc/19380/stat,1748988657082,188721,1872
/proc/stat,1748988658089,1774121,256455
/proc/19380/stat,1748988658092,189084,1873
/proc/stat,1748988659088,1774491,256462
/proc/19380/stat,1748988659092,189447,1875
/proc/stat,1748988660088,1774840,256470
/proc/19380/stat,1748988660091,189794,1877
/proc/stat,1748988661078,1775186,256476
/proc/19380/stat,1748988661080,190136,1878
/proc/stat,1748988662082,1775542,256483
/proc/19380/stat,1748988662085,190490,1880
/proc/stat,1748988663077,1775908,256490
/proc/19380/stat,1748988663079,190855,1882
/proc/stat,1748988664077,1776244,256497
/proc/19380/stat,1748988664079,191195,1886
/proc/stat,1748988665088,1776596,256507
/proc/19380/stat,1748988665092,191548,1889
/proc/stat,1748988666092,1776954,256517
/proc/19380/stat,1748988666095,191904,1892
/proc/stat,1748988667089,1777301,256522
/proc/19380/stat,1748988667091,192251,1893
/proc/stat,1748988668077,1777664,256532
/proc/19380/stat,1748988668080,192611,1895
/proc/stat,1748988669081,1778022,256540
/proc/19380/stat,1748988669085,192970,1897
/proc/stat,1748988670078,1778365,256546
/proc/19380/stat,1748988670081,193311,1898
/proc/stat,1748988671074,1778710,256554
/proc/19380/stat,1748988671077,193659,1901
/proc/stat,1748988672070,1779053,256560
/proc/19380/stat,1748988672072,194002,1903
/proc/stat,1748988673073,1779392,256569
/proc/19380/stat,1748988673075,194345,1906
/proc/stat,1748988674078,1779738,256576
/proc/19380/stat,1748988674080,194689,1908
/proc/stat,1748988675060,1780077,256582
/proc/19380/stat,1748988675062,195032,1910
/proc/stat,1748988676082,1780424,256590
/proc/19380/stat,1748988676084,195380,1913
/proc/stat,1748988677086,1780733,256624
/proc/19380/stat,1748988677088,195689,1942
/proc/stat,1748988678089,1781084,256640
/proc/19380/stat,1748988678093,196038,1952
/proc/stat,1748988679079,1781430,256647
/proc/19380/stat,1748988679083,196384,1954
/proc/stat,1748988680082,1781771,256653
/proc/19380/stat,1748988680084,196724,1955
/proc/stat,1748988681083,1782126,256661
/proc/19380/stat,1748988681087,197083,1957
/proc/stat,1748988682084,1782467,256668
/proc/19380/stat,1748988682087,197428,1958
/proc/stat,1748988683093,1782820,256677
/proc/19380/stat,1748988683095,197781,1959
/proc/stat,1748988684087,1783171,256683
/proc/19380/stat,1748988684089,198133,1960
/proc/stat,1748988685079,1783520,256689
/proc/19380/stat,1748988685082,198484,1961
/proc/stat,1748988686089,1783849,256696
/proc/19380/stat,1748988686091,198815,1962
/proc/stat,1748988687085,1784197,256702
/proc/19380/stat,1748988687087,199160,1965
/proc/stat,1748988688088,1784534,256710
/proc/19380/stat,1748988688091,199499,1966
/proc/stat,1748988689091,1784885,256718
/proc/19380/stat,1748988689093,199850,1968
/proc/stat,1748988690083,1785235,256726
/proc/19380/stat,1748988690085,200200,1970
/proc/stat,1748988691078,1785588,256734
/proc/19380/stat,1748988691080,200554,1972
/proc/stat,1748988692087,1785941,256740
/proc/19380/stat,1748988692091,200909,1973
/proc/stat,1748988693092,1786294,256748
/proc/19380/stat,1748988693094,201261,1974
/proc/stat,1748988694085,1786635,256755
/proc/19380/stat,1748988694088,201605,1975
/proc/stat,1748988695087,1786995,256764
/proc/19380/stat,1748988695090,201964,1977
/proc/stat,1748988696074,1787354,256770
/proc/19380/stat,1748988696077,202320,1979
/proc/stat,1748988697080,1787718,256777
/proc/19380/stat,1748988697084,202685,1980
/proc/stat,1748988698095,1788074,256787
/proc/19380/stat,1748988698097,203042,1982
/proc/stat,1748988699080,1788417,256792
/proc/19380/stat,1748988699083,203384,1983
/proc/stat,1748988700060,1788753,256797
/proc/19380/stat,1748988700062,203720,1984
/proc/stat,1748988701081,1789109,256808
/proc/19380/stat,1748988701084,204077,1993
/proc/stat,1748988702079,1789446,256816
/proc/19380/stat,1748988702082,204416,1995
/proc/stat,1748988703083,1789792,256822
/proc/19380/stat,1748988703086,204759,1996
/proc/stat,1748988704093,1790156,256831
/proc/19380/stat,1748988704095,205122,1998
/proc/stat,1748988705082,1790505,256839
/proc/19380/stat,1748988705084,205467,2001
/proc/stat,1748988706086,1790846,256847
/proc/19380/stat,1748988706087,205810,2003
/proc/stat,1748988707093,1791204,256856
/proc/19380/stat,1748988707096,206166,2005
/proc/stat,1748988708086,1791559,256862
/proc/19380/stat,1748988708088,206522,2006
/proc/stat,1748988709080,1791892,256867
/proc/19380/stat,1748988709083,206860,2009
/proc/stat,1748988710086,1792243,256874
/proc/19380/stat,1748988710089,207208,2012
/proc/stat,1748988711081,1792567,256884
/proc/19380/stat,1748988711084,207535,2025
/proc/stat,1748988712092,1792908,256890
/proc/19380/stat,1748988712094,207878,2037
/proc/stat,1748988713090,1793247,256898
/proc/19380/stat,1748988713093,208217,2048
/proc/stat,1748988714089,1793578,256905
/proc/19380/stat,1748988714091,208549,2057
/proc/stat,1748988715088,1793928,256919
/proc/19380/stat,1748988715090,208901,2062
/proc/stat,1748988716084,1794273,256934
/proc/19380/stat,1748988716086,209245,2065
/proc/stat,1748988717080,1794621,256946
/proc/19380/stat,1748988717083,209588,2066
/proc/stat,1748988718082,1794983,256959
/proc/19380/stat,1748988718085,209942,2067
/proc/stat,1748988719078,1795335,256971
/proc/19380/stat,1748988719081,210292,2068
/proc/stat,1748988720075,1795690,256984
/proc/19380/stat,1748988720077,210645,2071
/proc/stat,1748988721079,1796037,256995
/proc/19380/stat,1748988721082,210993,2073
/proc/stat,1748988722089,1796394,257005
/proc/19380/stat,1748988722092,211351,2075
/proc/stat,1748988723091,1796748,257014
/proc/19380/stat,1748988723093,211704,2077
/proc/stat,1748988724088,1797108,257021
/proc/19380/stat,1748988724090,212063,2078
/proc/stat,1748988725083,1797447,257028
/proc/19380/stat,1748988725085,212401,2080
/proc/stat,1748988726088,1797804,257037
/proc/19380/stat,1748988726091,212758,2084
/proc/stat,1748988727092,1798150,257048
/proc/19380/stat,1748988727094,213104,2085
/proc/stat,1748988728073,1798472,257060
/proc/19380/stat,1748988728074,213432,2090
/proc/stat,1748988729073,1798812,257072
/proc/19380/stat,1748988729076,213777,2096
/proc/stat,1748988730091,1799135,257117
/proc/19380/stat,1748988730093,214096,2136
/proc/stat,1748988731076,1799486,257124
/proc/19380/stat,1748988731078,214447,2138
/proc/stat,1748988732075,1799828,257129
/proc/19380/stat,1748988732077,214789,2140
/proc/stat,1748988733078,1800184,257136
/proc/19380/stat,1748988733081,215144,2141
/proc/stat,1748988734077,1800530,257145
/proc/19380/stat,1748988734080,215488,2145
/proc/stat,1748988735075,1800872,257150
/proc/19380/stat,1748988735078,215830,2145
/proc/stat,1748988736091,1801232,257159
/proc/19380/stat,1748988736094,216190,2147
/proc/stat,1748988737090,1801583,257167
/proc/19380/stat,1748988737092,216539,2150
/proc/stat,1748988738078,1801938,257173
/proc/19380/stat,1748988738080,216892,2151
/proc/stat,1748988739082,1802294,257179
/proc/19380/stat,1748988739085,217248,2153
/proc/stat,1748988740080,1802642,257186
/proc/19380/stat,1748988740083,217594,2154
/proc/stat,1748988741080,1802991,257193
/proc/19380/stat,1748988741083,217942,2156
/proc/stat,1748988742085,1803338,257201
/proc/19380/stat,1748988742088,218287,2158
/proc/stat,1748988743088,1803696,257210
/proc/19380/stat,1748988743092,218647,2159
/proc/stat,1748988744079,1804064,257216
/proc/19380/stat,1748988744082,219013,2160
/proc/stat,1748988745076,1804401,257223
/proc/19380/stat,1748988745078,219348,2163
/proc/stat,1748988746079,1804739,257231
/proc/19380/stat,1748988746082,219689,2165
/proc/stat,1748988747083,1805091,257240
/proc/19380/stat,1748988747086,220039,2168
/proc/stat,1748988748090,1805461,257245
/proc/19380/stat,1748988748092,220405,2168
/proc/stat,1748988749092,1805796,257254
/proc/19380/stat,1748988749095,220743,2172
/proc/stat,1748988750075,1806133,257262
/proc/19380/stat,1748988750076,221081,2175
/proc/stat,1748988751095,1806496,257277
/proc/19380/stat,1748988751097,221444,2185
/proc/stat,1748988752094,1806840,257285
/proc/19380/stat,1748988752095,221785,2189
/proc/stat,1748988753078,1807171,257291
/proc/19380/stat,1748988753080,222120,2190
/proc/stat,1748988754121,1807544,257302
/proc/19380/stat,1748988754123,222487,2193
/proc/stat,1748988755101,1807888,257310
/proc/19380/stat,1748988755103,222825,2195
/proc/stat,1748988756092,1808254,257319
/proc/19380/stat,1748988756093,223183,2196
/proc/stat,1748988757092,1808610,257324
/proc/19380/stat,1748988757093,223534,2197
/proc/stat,1748988758093,1808948,257334
/proc/19380/stat,1748988758094,223872,2200
/proc/stat,1748988759083,1809287,257342
/proc/19380/stat,1748988759085,224211,2203
/proc/stat,1748988760081,1809632,257349
/proc/19380/stat,1748988760083,224555,2205
/proc/stat,1748988761090,1809986,257357
/proc/19380/stat,1748988761092,224908,2208
/proc/stat,1748988762093,1810340,257366
/proc/19380/stat,1748988762094,225265,2211
/proc/stat,1748988763080,1810666,257374
/proc/19380/stat,1748988763083,225593,2212
/proc/stat,1748988764091,1811026,257382
/proc/19380/stat,1748988764094,225953,2215
/proc/stat,1748988765089,1811380,257390
/proc/19380/stat,1748988765091,226306,2218
/proc/stat,1748988766091,1811728,257399
/proc/19380/stat,1748988766092,226656,2219
/proc/stat,1748988767078,1812065,257406
/proc/19380/stat,1748988767081,226992,2221
/proc/stat,1748988768086,1812407,257413
/proc/19380/stat,1748988768089,227333,2222
/proc/stat,1748988769077,1812743,257421
/proc/19380/stat,1748988769079,227669,2225
/proc/stat,1748988770083,1813086,257428
/proc/19380/stat,1748988770086,228019,2225
/proc/stat,1748988771080,1813432,257434
/proc/19380/stat,1748988771082,228362,2227
/proc/stat,1748988772078,1813762,257439
/proc/19380/stat,1748988772081,228696,2229
/proc/stat,1748988773073,1814103,257446
/proc/19380/stat,1748988773075,229038,2232
/proc/stat,1748988774079,1814445,257454
/proc/19380/stat,1748988774081,229383,2234
/proc/stat,1748988775081,1814793,257462
/proc/19380/stat,1748988775083,229731,2237
/proc/stat,1748988776086,1815157,257470
/proc/19380/stat,1748988776089,230089,2239
/proc/stat,1748988777085,1815500,257474
/proc/19380/stat,1748988777088,230432,2241
/proc/stat,1748988778090,1815842,257480
/proc/19380/stat,1748988778092,230774,2242
/proc/stat,1748988779081,1816196,257486
/proc/19380/stat,1748988779083,231127,2244
/proc/stat,1748988780081,1816555,257491
/proc/19380/stat,1748988780083,231484,2246
/proc/stat,1748988781076,1816905,257497
/proc/19380/stat,1748988781078,231835,2249
/proc/stat,1748988782074,1817241,257504
/proc/19380/stat,1748988782076,232175,2251
/proc/stat,1748988783089,1817609,257510
/proc/19380/stat,1748988783092,232537,2254
/proc/stat,1748988784088,1817952,257517
/proc/19380/stat,1748988784090,232882,2256
/proc/stat,1748988785074,1818283,257524
/proc/19380/stat,1748988785076,233215,2258
/proc/stat,1748988786084,1818628,257535
/proc/19380/stat,1748988786086,233562,2262
/proc/stat,1748988787088,1818989,257540
/proc/19380/stat,1748988787090,233923,2262
/proc/stat,1748988788088,1819330,257548
/proc/19380/stat,1748988788090,234269,2265
/proc/stat,1748988789083,1819687,257556
/proc/19380/stat,1748988789084,234627,2269
/proc/stat,1748988790078,1820042,257561
/proc/19380/stat,1748988790080,234981,2271
/proc/stat,1748988791078,1820398,257568
/proc/19380/stat,1748988791080,235335,2272
/proc/stat,1748988792075,1820743,257574
/proc/19380/stat,1748988792078,235681,2273
/proc/stat,1748988793077,1821094,257582
/proc/19380/stat,1748988793080,236031,2275
/proc/stat,1748988794090,1821451,257588
/proc/19380/stat,1748988794091,236390,2277
/proc/stat,1748988795088,1821794,257594
/proc/19380/stat,1748988795090,236732,2278
/proc/stat,1748988796092,1822144,257602
/proc/19380/stat,1748988796094,237082,2281
/proc/stat,1748988797089,1822486,257606
/proc/19380/stat,1748988797091,237425,2281
/proc/stat,1748988798073,1822825,257614
/proc/19380/stat,1748988798074,237768,2283
/proc/stat,1748988799077,1823186,257622
/proc/19380/stat,1748988799079,238128,2286
/proc/stat,1748988800087,1823550,257628
/proc/19380/stat,1748988800090,238490,2287
/proc/stat,1748988801084,1823908,257637
/proc/19380/stat,1748988801086,238848,2289
/proc/stat,1748988802077,1824248,257645
/proc/19380/stat,1748988802079,239188,2292
/proc/stat,1748988803088,1824604,257653
/proc/19380/stat,1748988803089,239545,2294
/proc/stat,1748988804091,1824954,257660
/proc/19380/stat,1748988804092,239891,2297
/proc/stat,1748988805089,1825256,257705
/proc/19380/stat,1748988805091,240189,2347
/proc/stat,1748988806089,1825590,257714
/proc/19380/stat,1748988806091,240527,2360
/proc/stat,1748988807088,1825928,257722
/proc/19380/stat,1748988807090,240867,2372
/proc/stat,1748988808074,1826263,257728
/proc/19380/stat,1748988808075,241202,2381
/proc/stat,1748988809081,1826605,257738
/proc/19380/stat,1748988809083,241546,2385
/proc/stat,1748988810077,1826942,257754
/proc/19380/stat,1748988810079,241889,2388
/proc/stat,1748988811082,1827296,257769
/proc/19380/stat,1748988811085,242237,2391
/proc/stat,1748988812085,1827658,257777
/proc/19380/stat,1748988812088,242590,2393
/proc/stat,1748988813093,1828015,257788
/proc/19380/stat,1748988813095,242940,2395
/proc/stat,1748988814087,1828365,257800
/proc/19380/stat,1748988814089,243289,2396
/proc/stat,1748988815084,1828712,257814
/proc/19380/stat,1748988815086,243632,2398
/proc/stat,1748988816078,1829065,257824
/proc/19380/stat,1748988816081,243982,2400
/proc/stat,1748988817081,1829414,257832
/proc/19380/stat,1748988817084,244331,2402
/proc/stat,1748988818075,1829755,257838
/proc/19380/stat,1748988818078,244670,2403
/proc/stat,1748988819083,1830113,257845
/proc/19380/stat,1748988819086,245024,2405
/proc/stat,1748988820091,1830461,257854
/proc/19380/stat,1748988820095,245374,2408
/proc/stat,1748988821091,1830807,257864
/proc/19380/stat,1748988821094,245718,2411
/proc/stat,1748988822088,1831168,257872
/proc/19380/stat,1748988822091,246077,2412
/proc/stat,1748988823088,1831507,257881
/proc/19380/stat,1748988823091,246419,2414
/proc/stat,1748988824084,1831857,257888
/proc/19380/stat,1748988824086,246771,2416
/proc/stat,1748988825080,1832198,257895
/proc/19380/stat,1748988825083,247113,2418
/proc/stat,1748988826084,1832554,257908
/proc/19380/stat,1748988826086,247469,2425
/proc/stat,1748988827079,1832895,257912
/proc/19380/stat,1748988827082,247812,2425
/proc/stat,1748988828075,1833248,257920
/proc/19380/stat,1748988828077,248169,2427
/proc/stat,1748988829087,1833612,257927
/proc/19380/stat,1748988829090,248530,2429
/proc/stat,1748988830086,1833967,257934
/proc/19380/stat,1748988830090,248883,2431
/proc/stat,1748988831079,1834303,257940
/proc/19380/stat,1748988831083,249219,2433
/proc/stat,1748988832080,1834654,257950
/proc/19380/stat,1748988832083,249567,2436
/proc/stat,1748988833081,1834996,257958
/proc/19380/stat,1748988833084,249908,2438
/proc/stat,1748988834088,1835364,257968
/proc/19380/stat,1748988834090,250274,2440
/proc/stat,1748988835087,1835710,257974
/proc/19380/stat,1748988835090,250618,2443
/proc/stat,1748988836091,1836060,257982
/proc/19380/stat,1748988836094,250972,2445
/proc/stat,1748988837082,1836406,257989
/proc/19380/stat,1748988837085,251319,2447
/proc/stat,1748988838091,1836740,257996
/proc/19380/stat,1748988838093,251653,2448
/proc/stat,1748988839086,1837082,258002
/proc/19380/stat,1748988839089,251997,2449
/proc/stat,1748988840078,1837420,258009
/proc/19380/stat,1748988840081,252338,2453
/proc/stat,1748988841079,1837768,258015
/proc/19380/stat,1748988841082,252686,2456
/proc/stat,1748988842087,1838129,258022
/proc/19380/stat,1748988842090,253046,2458
/proc/stat,1748988843085,1838470,258030
/proc/19380/stat,1748988843087,253389,2459
/proc/stat,1748988844093,1838826,258038
/proc/19380/stat,1748988844095,253746,2461
/proc/stat,1748988845082,1839183,258044
/proc/19380/stat,1748988845085,254100,2463
/proc/stat,1748988846094,1839522,258052
/proc/19380/stat,1748988846096,254443,2466
/proc/stat,1748988847081,1839879,258058
/proc/19380/stat,1748988847084,254801,2467
/proc/stat,1748988848081,1840228,258066
/proc/19380/stat,1748988848083,255150,2469
/proc/stat,1748988849075,1840577,258071
/proc/19380/stat,1748988849079,255498,2472
/proc/stat,1748988850088,1840934,258082
/proc/19380/stat,1748988850091,255856,2477
/proc/stat,1748988851081,1841295,258088
/proc/19380/stat,1748988851084,256211,2480
/proc/stat,1748988852094,1841659,258096
/proc/19380/stat,1748988852097,256577,2483
/proc/stat,1748988853083,1841974,258130
/proc/19380/stat,1748988853086,256889,2514
/proc/stat,1748988854075,1842298,258175
/proc/19380/stat,1748988854077,257212,2553
/proc/stat,1748988855075,1842630,258183
/proc/19380/stat,1748988855078,257547,2556
/proc/stat,1748988856082,1842982,258193
/proc/19380/stat,1748988856085,257896,2560
/proc/stat,1748988857089,1843344,258199
/proc/19380/stat,1748988857091,258258,2562
/proc/stat,1748988858092,1843678,258209
/proc/19380/stat,1748988858094,258592,2566
/proc/stat,1748988859082,1844035,258216
/proc/19380/stat,1748988859086,258947,2567
/proc/stat,1748988860077,1844382,258224
/proc/19380/stat,1748988860079,259298,2569
/proc/stat,1748988861082,1844743,258231
/proc/19380/stat,1748988861085,259658,2570
/proc/stat,1748988862100,1845092,258238
/proc/19380/stat,1748988862103,260009,2572
/proc/stat,1748988863092,1845438,258245
/proc/19380/stat,1748988863094,260358,2575
/proc/stat,1748988864090,1845786,258253
/proc/19380/stat,1748988864093,260704,2578
/proc/stat,1748988865086,1846125,258259
/proc/19380/stat,1748988865089,261041,2580
/proc/stat,1748988866078,1846468,258264
/proc/19380/stat,1748988866080,261384,2583
/proc/stat,1748988867082,1846834,258272
/proc/19380/stat,1748988867084,261746,2584
/proc/stat,1748988868091,1847186,258279
/proc/19380/stat,1748988868093,262099,2588
/proc/stat,1748988869092,1847530,258286
/proc/19380/stat,1748988869095,262442,2590
/proc/stat,1748988870078,1847885,258293
/proc/19380/stat,1748988870080,262797,2593
/proc/stat,1748988871081,1848241,258300
/proc/19380/stat,1748988871084,263155,2594
/proc/stat,1748988872075,1848577,258306
/proc/19380/stat,1748988872078,263491,2595
/proc/stat,1748988873085,1848926,258310
/proc/19380/stat,1748988873089,263841,2596
/proc/stat,1748988874092,1849266,258320
/proc/19380/stat,1748988874095,264181,2599
/proc/stat,1748988875089,1849608,258328
/proc/19380/stat,1748988875093,264522,2601
/proc/stat,1748988876070,1849952,258339
/proc/19380/stat,1748988876073,264864,2608
/proc/stat,1748988877091,1850281,258355
/proc/19380/stat,1748988877094,265191,2619
/proc/stat,1748988878085,1850640,258364
/proc/19380/stat,1748988878087,265537,2622
/proc/stat,1748988879088,1850978,258370
/proc/19380/stat,1748988879091,265877,2623
/proc/stat,1748988880089,1851322,258377
/proc/19380/stat,1748988880091,266224,2626
/proc/stat,1748988881091,1851681,258384
/proc/19380/stat,1748988881094,266581,2627
/proc/stat,1748988882083,1852024,258393
/proc/19380/stat,1748988882085,266924,2630
/proc/stat,1748988883101,1852364,258404
/proc/19380/stat,1748988883104,267262,2633
/proc/stat,1748988884093,1852723,258413
/proc/19380/stat,1748988884095,267609,2635
/proc/stat,1748988885090,1853070,258421
/proc/19380/stat,1748988885092,267952,2636
/proc/stat,1748988886091,1853410,258431
/proc/19380/stat,1748988886093,268295,2638
/proc/stat,1748988887093,1853761,258439
/proc/19380/stat,1748988887095,268646,2640
/proc/stat,1748988888077,1854096,258444
/proc/19380/stat,1748988888081,268980,2642
/proc/stat,1748988889074,1854441,258449
/proc/19380/stat,1748988889075,269324,2642
/proc/stat,1748988890087,1854791,258459
/proc/19380/stat,1748988890089,269674,2646
/proc/stat,1748988891087,1855139,258468
/proc/19380/stat,1748988891089,270023,2648
/proc/stat,1748988892083,1855478,258478
/proc/19380/stat,1748988892089,270361,2650
/proc/stat,1748988893091,1855827,258484
/proc/19380/stat,1748988893093,270710,2651
/proc/stat,1748988894092,1856174,258493
/proc/19380/stat,1748988894094,271058,2654
/proc/stat,1748988895092,1856526,258500
/proc/19380/stat,1748988895094,271410,2656
/proc/stat,1748988896076,1856888,258506
/proc/19380/stat,1748988896078,271762,2657
/proc/stat,1748988897089,1857238,258515
/proc/19380/stat,1748988897091,272113,2659
/proc/stat,1748988898088,1857584,258526
/proc/19380/stat,1748988898091,272462,2664
/proc/stat,1748988899085,1857941,258534
/proc/19380/stat,1748988899088,272816,2666
/proc/stat,1748988900078,1858307,258539
/proc/19380/stat,1748988900080,273177,2666
/proc/stat,1748988901059,1858660,258543
/proc/19380/stat,1748988901061,273533,2667
/proc/stat,1748988902072,1859017,258551
/proc/19380/stat,1748988902074,273887,2671
/proc/stat,1748988903081,1859361,258558
/proc/19380/stat,1748988903082,274235,2674
/proc/stat,1748988904080,1859701,258566
/proc/19380/stat,1748988904082,274572,2678
/proc/stat,1748988905078,1860033,258593
/proc/19380/stat,1748988905080,274901,2702
/proc/stat,1748988906091,1860362,258615
/proc/19380/stat,1748988906093,275231,2718
/proc/stat,1748988907092,1860707,258624
/proc/19380/stat,1748988907094,275579,2721
/proc/stat,1748988908087,1861049,258635
/proc/19380/stat,1748988908089,275923,2727
/proc/stat,1748988909080,1861399,258642
/proc/19380/stat,1748988909082,276276,2730
/proc/stat,1748988910079,1861749,258649
/proc/19380/stat,1748988910082,276625,2732
/proc/stat,1748988911077,1862092,258656
/proc/19380/stat,1748988911081,276966,2734
/proc/stat,1748988912078,1862438,258662
/proc/19380/stat,1748988912082,277312,2736
/proc/stat,1748988913090,1862785,258670
/proc/19380/stat,1748988913092,277662,2739
/proc/stat,1748988914091,1863137,258678
/proc/19380/stat,1748988914093,278018,2741
/proc/stat,1748988915082,1863492,258686
/proc/19380/stat,1748988915084,278370,2743
/proc/stat,1748988916079,1863852,258690
/proc/19380/stat,1748988916082,278727,2745
/proc/stat,1748988917090,1864206,258700
/proc/19380/stat,1748988917092,279082,2754
/proc/stat,1748988918081,1864530,258707
/proc/19380/stat,1748988918083,279404,2764
/proc/stat,1748988919088,1864877,258713
/proc/19380/stat,1748988919089,279747,2775
/proc/stat,1748988920092,1865218,258720
/proc/19380/stat,1748988920094,280088,2788
/proc/stat,1748988921079,1865556,258727
/proc/19380/stat,1748988921081,280425,2800
/proc/stat,1748988922077,1865911,258732
/proc/19380/stat,1748988922079,280779,2806
/proc/stat,1748988923075,1866256,258745
/proc/19380/stat,1748988923077,281120,2810
/proc/stat,1748988924078,1866595,258760
/proc/19380/stat,1748988924080,281460,2812
/proc/stat,1748988925090,1866960,258774
/proc/19380/stat,1748988925092,281819,2815
/proc/stat,1748988926075,1867321,258790
/proc/19380/stat,1748988926077,282174,2820
/proc/stat,1748988927087,1867667,258810
/proc/19380/stat,1748988927089,282514,2829
/proc/stat,1748988928087,1868026,258824
/proc/19380/stat,1748988928089,282866,2831
/proc/stat,1748988929083,1868380,258832
/proc/19380/stat,1748988929085,283214,2832
/proc/stat,1748988930079,1868722,258848
/proc/19380/stat,1748988930081,283557,2834
/proc/stat,1748988931080,1869064,258858
/proc/19380/stat,1748988931081,283903,2836
/proc/stat,1748988932079,1869410,258868
/proc/19380/stat,1748988932081,284251,2838
/proc/stat,1748988933071,1869753,258879
/proc/19380/stat,1748988933073,284596,2843
/proc/stat,1748988934084,1870098,258886
/proc/19380/stat,1748988934086,284941,2845
/proc/stat,1748988935075,1870438,258895
/proc/19380/stat,1748988935077,285281,2850
/proc/stat,1748988936073,1870788,258902
/proc/19380/stat,1748988936074,285634,2851
/proc/stat,1748988937070,1871120,258909
/proc/19380/stat,1748988937072,285966,2852
/proc/stat,1748988938082,1871477,258916
/proc/19380/stat,1748988938083,286323,2855
/proc/stat,1748988939086,1871828,258925
/proc/19380/stat,1748988939088,286680,2857
/proc/stat,1748988940092,1872182,258935
/proc/19380/stat,1748988940094,287035,2860
/proc/stat,1748988941080,1872534,258940
/proc/19380/stat,1748988941082,287389,2861
/proc/stat,1748988942092,1872907,258947
/proc/19380/stat,1748988942094,287759,2863
/proc/stat,1748988943093,1873264,258957
/proc/19380/stat,1748988943095,288120,2864
/proc/stat,1748988944078,1873610,258965
/proc/19380/stat,1748988944080,288470,2866
/proc/stat,1748988945078,1873950,258972
/proc/19380/stat,1748988945080,288811,2867
/proc/stat,1748988946074,1874306,258978
/proc/19380/stat,1748988946076,289167,2868
/proc/stat,1748988947079,1874661,258983
/proc/19380/stat,1748988947080,289520,2870
/proc/stat,1748988948076,1874999,258989
/proc/19380/stat,1748988948078,289861,2871
/proc/stat,1748988949080,1875352,258998
/proc/19380/stat,1748988949082,290215,2873
/proc/stat,1748988950082,1875705,259004
/proc/19380/stat,1748988950084,290570,2874
/proc/stat,1748988951082,1876062,259010
/proc/19380/stat,1748988951084,290928,2876
/proc/stat,1748988952087,1876416,259017
/proc/19380/stat,1748988952088,291284,2877
/proc/stat,1748988953083,1876714,259060
/proc/19380/stat,1748988953085,291583,2915
/proc/stat,1748988954090,1877070,259069
/proc/19380/stat,1748988954091,291942,2917
/proc/stat,1748988955082,1877421,259074
/proc/19380/stat,1748988955084,292289,2918
/proc/stat,1748988956082,1877788,259080
/proc/19380/stat,1748988956085,292652,2920
/proc/stat,1748988957081,1878130,259086
/proc/19380/stat,1748988957083,292996,2922
/proc/stat,1748988958079,1878467,259093
/proc/19380/stat,1748988958081,293337,2922
/proc/stat,1748988959081,1878807,259102
/proc/19380/stat,1748988959083,293679,2926
/proc/stat,1748988960083,1879156,259109
/proc/19380/stat,1748988960085,294030,2927
/proc/stat,1748988961090,1879508,259118
/proc/19380/stat,1748988961092,294381,2930
/proc/stat,1748988962082,1879868,259124
/proc/19380/stat,1748988962084,294742,2932
/proc/stat,1748988963079,1880222,259130
/proc/19380/stat,1748988963081,295096,2933
/proc/stat,1748988964089,1880584,259135
/proc/19380/stat,1748988964091,295455,2935
/proc/stat,1748988965080,1880940,259144
/proc/19380/stat,1748988965082,295815,2938
/proc/stat,1748988966076,1881277,259149
/proc/19380/stat,1748988966078,296154,2939
/proc/stat,1748988967080,1881623,259156
/proc/19380/stat,1748988967082,296501,2941
/proc/stat,1748988968071,1881960,259162
/proc/19380/stat,1748988968073,296839,2943
/proc/stat,1748988969080,1882318,259171
/proc/19380/stat,1748988969082,297196,2947
/proc/stat,1748988970083,1882662,259180
/proc/19380/stat,1748988970086,297541,2951
/proc/stat,1748988971087,1883010,259189
/proc/19380/stat,1748988971089,297884,2955
/proc/stat,1748988972086,1883352,259197
/proc/19380/stat,1748988972088,298231,2958
/proc/stat,1748988973081,1883679,259203
/proc/19380/stat,1748988973083,298560,2959
/proc/stat,1748988974083,1884018,259211
/proc/19380/stat,1748988974085,298900,2964
/proc/stat,1748988975088,1884375,259222
/proc/19380/stat,1748988975090,299257,2970
/proc/stat,1748988976133,1884747,259238
/proc/19380/stat,1748988976135,299625,2981
/proc/stat,1748988977086,1885077,259247
/proc/19380/stat,1748988977087,299955,2986
/proc/stat,1748988978089,1885418,259256
/proc/19380/stat,1748988978091,300297,2989
/proc/stat,1748988979091,1885763,259264
/proc/19380/stat,1748988979093,300646,2993
/proc/stat,1748988980078,1886090,259272
/proc/19380/stat,1748988980081,300976,2996
/proc/stat,1748988981077,1886437,259276
/proc/19380/stat,1748988981079,301325,2997
/proc/stat,1748988982088,1886800,259286
/proc/19380/stat,1748988982089,301684,3000
/proc/stat,1748988983085,1887152,259291
/proc/19380/stat,1748988983087,302039,3000
/proc/stat,1748988984090,1887491,259300
/proc/19380/stat,1748988984091,302377,3005
/proc/stat,1748988985093,1887836,259308
/proc/19380/stat,1748988985095,302720,3007
/proc/stat,1748988986079,1888169,259314
/proc/19380/stat,1748988986081,303053,3007
/proc/stat,1748988987073,1888506,259318
/proc/19380/stat,1748988987075,303390,3009
/proc/stat,1748988988077,1888853,259325
/proc/19380/stat,1748988988079,303736,3011
/proc/stat,1748988989072,1889203,259332
/proc/19380/stat,1748988989074,304089,3013
/proc/stat,1748988990082,1889560,259337
/proc/19380/stat,1748988990084,304441,3014
/proc/stat,1748988991092,1889920,259346
/proc/19380/stat,1748988991094,304799,3017
/proc/stat,1748988992083,1890259,259353
/proc/19380/stat,1748988992085,305139,3018
/proc/stat,1748988993074,1890594,259361
/proc/19380/stat,1748988993076,305474,3019
/proc/stat,1748988994073,1890940,259368
/proc/19380/stat,1748988994075,305821,3021
/proc/stat,1748988995091,1891296,259378
/proc/19380/stat,1748988995093,306180,3026
/proc/stat,1748988996082,1891652,259386
/proc/19380/stat,1748988996083,306532,3028
/proc/stat,1748988997082,1892003,259392
/proc/19380/stat,1748988997084,306881,3029
/proc/stat,1748988998081,1892350,259400
/proc/19380/stat,1748988998083,307231,3030
/proc/stat,1748988999082,1892688,259408
/proc/19380/stat,1748988999084,307570,3035
/proc/stat,1748989000083,1893040,259414
/proc/19380/stat,1748989000085,307923,3036
/proc/stat,1748989001059,1893384,259418
/proc/19380/stat,1748989001060,308266,3040
/proc/stat,1748989002087,1893738,259426
/proc/19380/stat,1748989002089,308623,3043
/proc/stat,1748989003094,1894080,259433
/proc/19380/stat,1748989003096,308965,3044
/proc/stat,1748989004089,1894429,259442
/proc/19380/stat,1748989004091,309317,3046
/proc/stat,1748989005081,1894782,259449
/proc/19380/stat,1748989005083,309670,3047
/proc/stat,1748989006088,1895122,259457
/proc/19380/stat,1748989006090,310012,3049
/proc/stat,1748989007078,1895478,259462
/proc/19380/stat,1748989007080,310363,3049
/proc/stat,1748989008078,1895834,259467
/proc/19380/stat,1748989008082,310720,3051
/proc/stat,1748989009079,1896182,259473
/proc/19380/stat,1748989009082,311066,3052
/proc/stat,1748989010090,1896538,259483
/proc/19380/stat,1748989010093,311422,3054
/proc/stat,1748989011113,1896922,259490
/proc/19380/stat,1748989011116,311785,3056
/proc/stat,1748989012093,1897255,259498
/proc/19380/stat,1748989012094,312121,3059
/proc/stat,1748989013088,1897592,259507
/proc/19380/stat,1748989013090,312459,3062
/proc/stat,1748989014091,1897938,259514
/proc/19380/stat,1748989014093,312806,3064
/proc/stat,1748989015087,1898284,259520
/proc/19380/stat,1748989015088,313152,3064
/proc/stat,1748989016088,1898630,259527
/proc/19380/stat,1748989016090,313506,3066
/proc/stat,1748989017079,1898980,259534
/proc/19380/stat,1748989017081,313857,3068
/proc/stat,1748989018074,1899327,259539
/proc/19380/stat,1748989018076,314205,3070
/proc/stat,1748989019078,1899680,259546
/proc/19380/stat,1748989019079,314558,3073
/proc/stat,1748989020077,1900027,259552
/proc/19380/stat,1748989020079,314906,3075
/proc/stat,1748989021077,1900364,259558
/proc/19380/stat,1748989021079,315243,3078
/proc/stat,1748989022081,1900702,259571
/proc/19380/stat,1748989022083,315579,3081
/proc/stat,1748989023079,1901055,259580
/proc/19380/stat,1748989023080,315931,3084
/proc/stat,1748989024071,1901401,259589
/proc/19380/stat,1748989024072,316272,3090
/proc/stat,1748989025083,1901752,259596
/proc/19380/stat,1748989025085,316625,3090
/proc/stat,1748989026067,1902092,259604
/proc/19380/stat,1748989026068,316963,3095
/proc/stat,1748989027081,1902463,259611
/proc/19380/stat,1748989027083,317333,3097
/proc/stat,1748989028076,1902786,259642
/proc/19380/stat,1748989028079,317656,3120
/proc/stat,1748989029071,1903125,259662
/proc/19380/stat,1748989029073,317993,3135
/proc/stat,1748989030075,1903476,259669
/proc/19380/stat,1748989030078,318341,3137
/proc/stat,1748989031091,1903828,259679
/proc/19380/stat,1748989031094,318693,3141
/proc/stat,1748989032089,1904171,259685
/proc/19380/stat,1748989032092,319036,3142
/proc/stat,1748989033086,1904524,259692
/proc/19380/stat,1748989033088,319385,3145
/proc/stat,1748989034090,1904884,259701
/proc/19380/stat,1748989034092,319744,3146
/proc/stat,1748989035081,1905225,259708
/proc/19380/stat,1748989035083,320088,3149
/proc/stat,1748989036078,1905586,259715
/proc/19380/stat,1748989036081,320448,3150
/proc/stat,1748989037084,1905939,259722
/proc/19380/stat,1748989037087,320798,3153
/proc/stat,1748989038086,1906281,259729
/proc/19380/stat,1748989038089,321139,3154
/proc/stat,1748989039086,1906640,259736
/proc/19380/stat,1748989039087,321493,3156
/proc/stat,1748989040086,1906984,259745
/proc/19380/stat,1748989040088,321836,3158
/proc/stat,1748989041086,1907325,259751
/proc/19380/stat,1748989041088,322177,3159
/proc/stat,1748989042088,1907681,259758
/proc/19380/stat,1748989042090,322532,3160
/proc/stat,1748989043091,1908026,259768
/proc/19380/stat,1748989043093,322879,3162
/proc/stat,1748989044077,1908374,259774
/proc/19380/stat,1748989044079,323222,3163
/proc/stat,1748989045083,1908722,259781
/proc/19380/stat,1748989045086,323571,3166
/proc/stat,1748989046075,1909072,259787
/proc/19380/stat,1748989046077,323916,3169
/proc/stat,1748989047075,1909420,259792
/proc/19380/stat,1748989047078,324263,3170
/proc/stat,1748989048079,1909778,259802
/proc/19380/stat,1748989048081,324620,3172
/proc/stat,1748989049085,1910132,259812
/proc/19380/stat,1748989049087,324971,3176
/proc/stat,1748989050088,1910491,259821
/proc/19380/stat,1748989050090,325331,3178
/proc/stat,1748989051082,1910831,259827
/proc/19380/stat,1748989051083,325666,3180
/proc/stat,1748989052080,1911182,259841
/proc/19380/stat,1748989052083,326015,3191
/proc/stat,1748989053076,1911519,259852
/proc/19380/stat,1748989053079,326351,3194
/proc/stat,1748989054085,1911852,259860
/proc/19380/stat,1748989054088,326691,3195
/proc/stat,1748989055085,1912198,259866
/proc/19380/stat,1748989055087,327034,3197
/proc/stat,1748989056081,1912547,259872
/proc/19380/stat,1748989056083,327379,3198
/proc/stat,1748989057084,1912901,259880
/proc/19380/stat,1748989057086,327730,3205
/proc/stat,1748989058078,1913253,259885
/proc/19380/stat,1748989058081,328079,3213
/proc/stat,1748989059075,1913589,259891
/proc/19380/stat,1748989059078,328418,3224
/proc/stat,1748989060080,1913929,259897
/proc/19380/stat,1748989060084,328757,3235
/proc/stat,1748989061093,1914286,259904
/proc/19380/stat,1748989061095,329109,3247
/proc/stat,1748989062093,1914621,259911
/proc/19380/stat,1748989062095,329443,3259
/proc/stat,1748989063091,1914964,259919
/proc/19380/stat,1748989063093,329791,3270
/proc/stat,1748989064071,1915288,259926
/proc/19380/stat,1748989064074,330115,3276
/proc/stat,1748989065084,1915637,259940
/proc/19380/stat,1748989065087,330465,3280
/proc/stat,1748989066085,1915986,259956
/proc/19380/stat,1748989066088,330811,3282
/proc/stat,1748989067093,1916347,259972
/proc/19380/stat,1748989067095,331167,3282
/proc/stat,1748989068079,1916694,259982
/proc/19380/stat,1748989068082,331510,3284
/proc/stat,1748989069079,1917040,259991
/proc/19380/stat,1748989069083,331849,3287
/proc/stat,1748989070078,1917389,260003
/proc/19380/stat,1748989070081,332190,3288
/proc/stat,1748989071077,1917737,260017
/proc/19380/stat,1748989071080,332537,3290
/proc/stat,1748989072081,1918095,260029
/proc/19380/stat,1748989072084,332889,3291
/proc/stat,1748989073072,1918428,260044
/proc/19380/stat,1748989073074,333222,3293
/proc/stat,1748989074083,1918793,260058
/proc/19380/stat,1748989074087,333579,3294
/proc/stat,1748989075089,1919149,260071
/proc/19380/stat,1748989075092,333933,3295
/proc/stat,1748989076081,1919494,260084
/proc/19380/stat,1748989076083,334277,3297
/proc/stat,1748989077088,1919848,260095
/proc/19380/stat,1748989077090,334632,3301
/proc/stat,1748989078093,1920198,260106
/proc/19380/stat,1748989078095,334980,3304
/proc/stat,1748989079091,1920542,260115
/proc/19380/stat,1748989079094,335325,3308
/proc/stat,1748989080078,1920888,260126
/proc/19380/stat,1748989080081,335672,3311
/proc/stat,1748989081077,1921236,260132
/proc/19380/stat,1748989081078,336021,3313
/proc/stat,1748989082088,1921582,260140
/proc/19380/stat,1748989082091,336371,3314
/proc/stat,1748989083085,1921938,260147
/proc/19380/stat,1748989083089,336724,3316
/proc/stat,1748989084092,1922281,260157
/proc/19380/stat,1748989084094,337068,3317
/proc/stat,1748989085087,1922630,260164
/proc/19380/stat,1748989085089,337416,3319
/proc/stat,1748989086081,1922968,260169
/proc/19380/stat,1748989086083,337754,3322
/proc/stat,1748989087079,1923315,260177
/proc/19380/stat,1748989087081,338102,3324
/proc/stat,1748989088076,1923668,260186
/proc/19380/stat,1748989088078,338458,3325
/proc/stat,1748989089082,1924032,260193
/proc/19380/stat,1748989089084,338817,3327
/proc/stat,1748989090080,1924372,260200
/proc/19380/stat,1748989090083,339161,3329
/proc/stat,1748989091086,1924724,260207
/proc/19380/stat,1748989091090,339512,3331
/proc/stat,1748989092087,1925072,260215
/proc/19380/stat,1748989092090,339863,3333
/proc/stat,1748989093094,1925424,260224
/proc/19380/stat,1748989093097,340212,3337
/proc/stat,1748989094089,1925772,260231
/proc/19380/stat,1748989094091,340558,3339
/proc/stat,1748989095075,1926102,260239
/proc/19380/stat,1748989095079,340890,3340
/proc/stat,1748989096080,1926447,260247
/proc/19380/stat,1748989096083,341240,3342
/proc/stat,1748989097078,1926795,260255
/proc/19380/stat,1748989097081,341590,3344
/proc/stat,1748989098092,1927153,260266
/proc/19380/stat,1748989098094,341950,3348
/proc/stat,1748989099085,1927501,260272
/proc/19380/stat,1748989099088,342300,3349
/proc/stat,1748989100085,1927847,260280
/proc/19380/stat,1748989100088,342645,3351
/proc/stat,1748989101081,1928195,260288
/proc/19380/stat,1748989101083,342991,3352
/proc/stat,1748989102083,1928548,260294
/proc/19380/stat,1748989102086,343343,3355
/proc/stat,1748989103086,1928901,260302
/proc/19380/stat,1748989103088,343694,3357
/proc/stat,1748989104090,1929241,260311
/proc/19380/stat,1748989104092,344036,3358
/proc/stat,1748989105081,1929600,260318
/proc/19380/stat,1748989105084,344390,3361
/proc/stat,1748989106079,1929943,260326
/proc/19380/stat,1748989106082,344739,3364
/proc/stat,1748989107079,1930270,260333
/proc/19380/stat,1748989107081,345069,3365
/proc/stat,1748989108079,1930598,260341
/proc/19380/stat,1748989108082,345398,3368
/proc/stat,1748989109091,1930956,260347
/proc/19380/stat,1748989109094,345752,3369
/proc/stat,1748989110089,1931305,260354
/proc/19380/stat,1748989110092,346103,3370
/proc/stat,1748989111081,1931710,260362
/proc/19380/stat,1748989111083,346461,3371
/proc/stat,1748989112082,1932057,260370
/proc/19380/stat,1748989112084,346810,3374
/proc/stat,1748989113079,1932412,260380
/proc/19380/stat,1748989113081,347163,3378
/proc/stat,1748989114083,1932752,260387
/proc/19380/stat,1748989114084,347500,3380
/proc/stat,1748989115082,1933109,260395
/proc/19380/stat,1748989115084,347854,3383
/proc/stat,1748989116092,1933445,260402
/proc/19380/stat,1748989116095,348193,3385
/proc/stat,1748989117088,1933784,260410
/proc/19380/stat,1748989117090,348534,3389
/proc/stat,1748989118081,1934136,260416
/proc/19380/stat,1748989118083,348882,3391
/proc/stat,1748989119088,1934486,260424
/proc/19380/stat,1748989119090,349233,3393
/proc/stat,1748989120092,1934829,260431
/proc/19380/stat,1748989120095,349581,3394
/proc/stat,1748989121086,1935186,260438
/proc/19380/stat,1748989121088,349937,3396
/proc/stat,1748989122074,1935514,260442
/proc/19380/stat,1748989122076,350266,3397
/proc/stat,1748989123083,1935872,260450
/proc/19380/stat,1748989123085,350623,3400
/proc/stat,1748989124077,1936237,260456
/proc/19380/stat,1748989124078,350985,3401
/proc/stat,1748989125077,1936585,260464
/proc/19380/stat,1748989125081,351333,3404
/proc/stat,1748989126079,1936931,260471
/proc/19380/stat,1748989126081,351680,3405
/proc/stat,1748989127054,1937161,260491
