SourceFile,Timestamp,userTime (Ticks),systemTime (Ticks)
/proc/stat,1749220299222,738888,83311
/proc/21443/stat,1749220299224,339,20
/proc/stat,1749220300045,739176,83326
/proc/21443/stat,1749220300046,621,32
/proc/stat,1749220301045,739371,83347
/proc/21443/stat,1749220301046,809,49
/proc/stat,1749220302034,739512,83353
/proc/21443/stat,1749220302035,945,52
/proc/stat,1749220303034,739643,83356
/proc/21443/stat,1749220303035,1072,54
/proc/stat,1749220304034,739762,83363
/proc/21443/stat,1749220304035,1188,60
/proc/stat,1749220305033,739884,83364
/proc/21443/stat,1749220305034,1308,60
/proc/stat,1749220306034,740068,83364
/proc/21443/stat,1749220306034,1488,60
/proc/stat,1749220307041,740316,83391
/proc/21443/stat,1749220307042,1732,84
/proc/stat,1749220308045,740516,83404
/proc/21443/stat,1749220308045,1929,94
/proc/stat,1749220309034,740653,83408
/proc/21443/stat,1749220309034,2057,98
/proc/stat,1749220310034,740767,83414
/proc/21443/stat,1749220310035,2168,103
/proc/stat,1749220311033,740893,83416
/proc/21443/stat,1749220311034,2293,103
/proc/stat,1749220312035,741002,83422
/proc/21443/stat,1749220312036,2402,107
/proc/stat,1749220313033,741119,83424
/proc/21443/stat,1749220313034,2515,107
/proc/stat,1749220314034,741258,83433
/proc/21443/stat,1749220314034,2649,114
/proc/stat,1749220315044,741453,83447
/proc/21443/stat,1749220315045,2843,126
/proc/stat,1749220316034,741642,83452
/proc/21443/stat,1749220316035,3027,131
/proc/stat,1749220317036,741758,83457
/proc/21443/stat,1749220317036,3138,134
/proc/stat,1749220318033,741876,83464
/proc/21443/stat,1749220318034,3253,139
/proc/stat,1749220319033,741997,83466
/proc/21443/stat,1749220319033,3374,139
/proc/stat,1749220320043,742108,83473
/proc/21443/stat,1749220320044,3482,144
/proc/stat,1749220321033,742224,83475
/proc/21443/stat,1749220321034,3595,144
/proc/stat,1749220322044,742392,83490
/proc/21443/stat,1749220322045,3761,158
/proc/stat,1749220323043,742588,83504
/proc/21443/stat,1749220323044,3954,169
/proc/stat,1749220324033,742735,83510
/proc/21443/stat,1749220324034,4099,174
/proc/stat,1749220325034,742848,83516
/proc/21443/stat,1749220325034,4210,178
/proc/stat,1749220326033,742967,83520
/proc/21443/stat,1749220326034,4327,180
/proc/stat,1749220327035,743088,83521
/proc/21443/stat,1749220327036,4445,180
/proc/stat,1749220328033,743199,83529
/proc/21443/stat,1749220328034,4551,187
/proc/stat,1749220329038,743324,83534
/proc/21443/stat,1749220329038,4674,190
/proc/stat,1749220330037,743518,83549
/proc/21443/stat,1749220330038,4866,204
/proc/stat,1749220331039,743710,83564
/proc/21443/stat,1749220331040,5054,218
/proc/stat,1749220332033,743826,83569
/proc/21443/stat,1749220332034,5168,221
/proc/stat,1749220333033,743940,83572
/proc/21443/stat,1749220333034,5281,222
/proc/stat,1749220334037,744062,83578
/proc/21443/stat,1749220334038,5398,226
/proc/stat,1749220335033,744174,83581
/proc/21443/stat,1749220335034,5510,227
/proc/stat,1749220336033,744295,83584
/proc/21443/stat,1749220336034,5623,227
/proc/stat,1749220337039,744453,83595
/proc/21443/stat,1749220337039,5777,237
/proc/stat,1749220338044,744648,83614
/proc/21443/stat,1749220338045,5970,251
/proc/stat,1749220339042,744800,83624
/proc/21443/stat,1749220339042,6120,259
/proc/stat,1749220340034,744908,83629
/proc/21443/stat,1749220340034,6226,262
/proc/stat,1749220341033,745030,83634
/proc/21443/stat,1749220341034,6348,265
/proc/stat,1749220342039,745148,83636
/proc/21443/stat,1749220342040,6463,265
/proc/stat,1749220343034,745264,83640
/proc/21443/stat,1749220343034,6576,268
/proc/stat,1749220344041,745377,83644
/proc/21443/stat,1749220344042,6686,269
/proc/stat,1749220345043,745571,83668
/proc/21443/stat,1749220345044,6875,292
/proc/stat,1749220346044,745775,83676
/proc/21443/stat,1749220346045,7075,298
/proc/stat,1749220347034,745915,83682
/proc/21443/stat,1749220347034,7213,301
/proc/stat,1749220348035,746030,83688
/proc/21443/stat,1749220348035,7325,306
/proc/stat,1749220349037,746148,83690
/proc/21443/stat,1749220349037,7442,306
/proc/stat,1749220350034,746266,83693
/proc/21443/stat,1749220350034,7555,308
/proc/stat,1749220351033,746380,83694
/proc/21443/stat,1749220351033,7668,308
/proc/stat,1749220352060,746522,83706
/proc/21443/stat,1749220352060,7807,318
/proc/stat,1749220353036,746713,83720
/proc/21443/stat,1749220353037,7996,329
/proc/stat,1749220354032,746900,83730
/proc/21443/stat,1749220354033,8182,338
/proc/stat,1749220355034,747015,83735
/proc/21443/stat,1749220355034,8293,342
/proc/stat,1749220356041,747130,83744
/proc/21443/stat,1749220356041,8407,348
/proc/stat,1749220357033,747241,83751
/proc/21443/stat,1749220357033,8516,354
/proc/stat,1749220358033,747356,83753
/proc/21443/stat,1749220358034,8628,354
/proc/stat,1749220359033,747471,83755
/proc/21443/stat,1749220359034,8741,354
/proc/stat,1749220360044,747629,83774
/proc/21443/stat,1749220360044,8896,370
/proc/stat,1749220361044,747825,83788
/proc/21443/stat,1749220361044,9091,381
/proc/stat,1749220362033,747968,83794
/proc/21443/stat,1749220362033,9230,387
/proc/stat,1749220363034,748082,83799
/proc/21443/stat,1749220363034,9342,391
/proc/stat,1749220364034,748200,83803
/proc/21443/stat,1749220364034,9458,393
/proc/stat,1749220365033,748318,83805
/proc/21443/stat,1749220365034,9576,393
/proc/stat,1749220366033,748431,83810
/proc/21443/stat,1749220366034,9687,396
/proc/stat,1749220367047,748559,83816
/proc/21443/stat,1749220367048,9809,400
/proc/stat,1749220368043,748753,83832
/proc/21443/stat,1749220368043,10001,414
/proc/stat,1749220369033,748938,83841
/proc/21443/stat,1749220369033,10184,421
/proc/stat,1749220370033,749049,83848
/proc/21443/stat,1749220370033,10293,426
/proc/stat,1749220371033,749170,83849
/proc/21443/stat,1749220371033,10413,426
/proc/stat,1749220372032,749293,83854
/proc/21443/stat,1749220372033,10531,430
/proc/stat,1749220373033,749408,83855
/proc/21443/stat,1749220373033,10644,430
/proc/stat,1749220374032,749522,83858
/proc/21443/stat,1749220374033,10756,432
/proc/stat,1749220375045,749693,83871
/proc/21443/stat,1749220375045,10917,441
/proc/stat,1749220376034,749885,83885
/proc/21443/stat,1749220376034,11108,452
/proc/stat,1749220377034,750042,83895
/proc/21443/stat,1749220377034,11265,460
/proc/stat,1749220378033,750158,83898
/proc/21443/stat,1749220378034,11379,461
/proc/stat,1749220379042,750279,83904
/proc/21443/stat,1749220379042,11493,466
/proc/stat,1749220380033,750394,83910
/proc/21443/stat,1749220380033,11605,471
/proc/stat,1749220381033,750510,83912
/proc/21443/stat,1749220381033,11718,471
/proc/stat,1749220382033,750618,83914
/proc/21443/stat,1749220382033,11825,471
/proc/stat,1749220383044,750816,83928
/proc/21443/stat,1749220383044,12020,485
/proc/stat,1749220384044,751017,83940
/proc/21443/stat,1749220384045,12215,495
/proc/stat,1749220385034,751147,83944
/proc/21443/stat,1749220385034,12342,497
/proc/stat,1749220386033,751265,83949
/proc/21443/stat,1749220386033,12458,499
/proc/stat,1749220387033,751381,83952
/proc/21443/stat,1749220387033,12570,501
/proc/stat,1749220388032,751497,83959
/proc/21443/stat,1749220388033,12684,506
/proc/stat,1749220389033,751612,83961
/proc/21443/stat,1749220389034,12798,506
/proc/stat,1749220390042,751775,83970
/proc/21443/stat,1749220390043,12957,513
/proc/stat,1749220391040,751968,83984
/proc/21443/stat,1749220391040,13147,526
/proc/stat,1749220392034,752158,83993
/proc/21443/stat,1749220392035,13338,531
/proc/stat,1749220393033,752272,83997
/proc/21443/stat,1749220393033,13449,534
/proc/stat,1749220394033,752389,84000
/proc/21443/stat,1749220394034,13566,536
/proc/stat,1749220395034,752513,84003
/proc/21443/stat,1749220395034,13685,536
/proc/stat,1749220396033,752623,84010
/proc/21443/stat,1749220396034,13791,543
/proc/stat,1749220397033,752738,84013
/proc/21443/stat,1749220397033,13905,543
/proc/stat,1749220398037,752916,84026
/proc/21443/stat,1749220398037,14082,554
/proc/stat,1749220399044,753115,84036
/proc/21443/stat,1749220399044,14279,562
/proc/stat,1749220400033,753287,84050
/proc/21443/stat,1749220400034,14450,575
/proc/stat,1749220401043,753409,84052
/proc/21443/stat,1749220401044,14570,575
/proc/stat,1749220402034,753520,84059
/proc/21443/stat,1749220402034,14679,580
/proc/stat,1749220403033,753642,84063
/proc/21443/stat,1749220403033,14799,582
/proc/stat,1749220404032,753754,84070
/proc/21443/stat,1749220404033,14909,587
/proc/stat,1749220405033,753874,84070
/proc/21443/stat,1749220405033,15026,587
/proc/stat,1749220406044,754041,84088
/proc/21443/stat,1749220406045,15192,602
/proc/stat,1749220407045,754240,84103
/proc/21443/stat,1749220407046,15385,615
/proc/stat,1749220408033,754377,84108
/proc/21443/stat,1749220408034,15521,619
/proc/stat,1749220409039,754491,84111
/proc/21443/stat,1749220409040,15633,620
/proc/stat,1749220410033,754605,84119
/proc/21443/stat,1749220410033,15746,626
/proc/stat,1749220411033,754718,84120
/proc/21443/stat,1749220411033,15857,626
/proc/stat,1749220412033,754838,84122
/proc/21443/stat,1749220412033,15976,626
/proc/stat,1749220413047,754964,84136
/proc/21443/stat,1749220413047,16101,637
/proc/stat,1749220414044,755152,84150
/proc/21443/stat,1749220414044,16289,649
/proc/stat,1749220415033,755349,84158
/proc/21443/stat,1749220415034,16486,656
/proc/stat,1749220416033,755462,84162
/proc/21443/stat,1749220416033,16597,659
/proc/stat,1749220417033,755580,84168
/proc/21443/stat,1749220417033,16713,663
/proc/stat,1749220418033,755704,84170
/proc/21443/stat,1749220418033,16833,663
/proc/stat,1749220419033,755815,84176
/proc/21443/stat,1749220419033,16941,668
/proc/stat,1749220420037,755931,84178
/proc/21443/stat,1749220420038,17055,668
/proc/stat,1749220421034,756081,84192
/proc/21443/stat,1749220421034,17202,681
/proc/stat,1749220422044,756279,84205
/proc/21443/stat,1749220422044,17399,692
/proc/stat,1749220423033,756431,84213
/proc/21443/stat,1749220423034,17547,697
/proc/stat,1749220424034,756543,84220
/proc/21443/stat,1749220424034,17657,703
/proc/stat,1749220425044,756668,84224
/proc/21443/stat,1749220425044,17781,704
/proc/stat,1749220426034,756781,84227
/proc/21443/stat,1749220426035,17890,706
/proc/stat,1749220427033,756897,84230
/proc/21443/stat,1749220427034,18003,706
/proc/stat,1749220428044,757014,84232
/proc/21443/stat,1749220428044,18118,707
/proc/stat,1749220429044,757210,84251
/proc/21443/stat,1749220429045,18311,723
/proc/stat,1749220430039,757391,84264
/proc/21443/stat,1749220430039,18489,736
/proc/stat,1749220431032,757500,84268
/proc/21443/stat,1749220431033,18596,740
/proc/stat,1749220432032,757620,84270
/proc/21443/stat,1749220432033,18716,740
/proc/stat,1749220433032,757743,84275
/proc/21443/stat,1749220433033,18834,744
/proc/stat,1749220434032,757859,84276
/proc/21443/stat,1749220434033,18947,744
/proc/stat,1749220435033,757974,84278
/proc/21443/stat,1749220435033,19059,745
/proc/stat,1749220436043,758134,84298
/proc/21443/stat,1749220436044,19218,762
/proc/stat,1749220437044,758331,84309
/proc/21443/stat,1749220437044,19416,771
/proc/stat,1749220438032,758487,84318
/proc/21443/stat,1749220438032,19570,778
/proc/stat,1749220439032,758596,84325
/proc/21443/stat,1749220439033,19679,784
/proc/stat,1749220440033,758721,84326
/proc/21443/stat,1749220440034,19802,784
/proc/stat,1749220441032,758830,84332
/proc/21443/stat,1749220441032,19908,790
/proc/stat,1749220442032,758950,84334
/proc/21443/stat,1749220442032,20028,790
/proc/stat,1749220443033,759065,84337
/proc/21443/stat,1749220443033,20139,791
/proc/stat,1749220444043,759261,84356
/proc/21443/stat,1749220444043,20330,809
/proc/stat,1749220445043,759463,84366
/proc/21443/stat,1749220445043,20529,816
/proc/stat,1749220446032,759574,84380
/proc/21443/stat,1749220446033,20641,828
/proc/stat,1749220447041,759692,84382
/proc/21443/stat,1749220447041,20754,828
/proc/stat,1749220448033,759808,84387
/proc/21443/stat,1749220448034,20869,832
/proc/stat,1749220449032,759920,84388
/proc/21443/stat,1749220449033,20981,832
/proc/stat,1749220450032,760040,84391
/proc/21443/stat,1749220450033,21100,834
/proc/stat,1749220451043,760181,84402
/proc/21443/stat,1749220451043,21238,842
/proc/stat,1749220452033,760375,84414
/proc/21443/stat,1749220452034,21430,853
/proc/stat,1749220453035,760555,84421
/proc/21443/stat,1749220453035,21607,858
/proc/stat,1749220454033,760667,84427
/proc/21443/stat,1749220454033,21715,864
/proc/stat,1749220455032,760789,84428
/proc/21443/stat,1749220455033,21837,864
/proc/stat,1749220456035,760898,84434
/proc/21443/stat,1749220456036,21944,869
/proc/stat,1749220457032,761017,84436
/proc/21443/stat,1749220457033,22063,869
/proc/stat,1749220458032,761122,84440
/proc/21443/stat,1749220458032,22167,871
/proc/stat,1749220459043,761292,84460
/proc/21443/stat,1749220459044,22334,889
/proc/stat,1749220460042,761490,84471
/proc/21443/stat,1749220460043,22531,898
/proc/stat,1749220461032,761622,84478
/proc/21443/stat,1749220461033,22662,903
/proc/stat,1749220462032,761729,84484
/proc/21443/stat,1749220462033,22768,908
/proc/stat,1749220463033,761851,84491
/proc/21443/stat,1749220463033,22887,913
/proc/stat,1749220464033,761964,84493
/proc/21443/stat,1749220464033,22999,913
/proc/stat,1749220465033,762085,84494
/proc/21443/stat,1749220465034,23120,913
/proc/stat,1749220466043,762220,84503
/proc/21443/stat,1749220466043,23253,921
/proc/stat,1749220467033,762408,84521
/proc/21443/stat,1749220467033,23438,938
/proc/stat,1749220468033,762610,84528
/proc/21443/stat,1749220468034,23639,942
/proc/stat,1749220469033,762739,84532
/proc/21443/stat,1749220469033,23765,944
/proc/stat,1749220470057,762858,84538
/proc/21443/stat,1749220470058,23883,947
/proc/stat,1749220471033,762964,84546
/proc/21443/stat,1749220471033,23987,955
/proc/stat,1749220472032,763086,84548
/proc/21443/stat,1749220472032,24105,955
/proc/stat,1749220473032,763198,84552
/proc/21443/stat,1749220473033,24216,959
/proc/stat,1749220474043,763344,84560
/proc/21443/stat,1749220474044,24357,965
/proc/stat,1749220475037,763538,84574
/proc/21443/stat,1749220475037,24548,978
/proc/stat,1749220476033,763710,84580
/proc/21443/stat,1749220476033,24720,982
/proc/stat,1749220477033,763826,84583
/proc/21443/stat,1749220477033,24834,983
/proc/stat,1749220478033,763946,84587
/proc/21443/stat,1749220478033,24953,987
/proc/stat,1749220479032,764054,84592
/proc/21443/stat,1749220479033,25060,991
/proc/stat,1749220480033,764177,84594
/proc/21443/stat,1749220480033,25179,991
/proc/stat,1749220481033,764286,84596
/proc/21443/stat,1749220481033,25286,992
/proc/stat,1749220482042,764470,84615
/proc/21443/stat,1749220482043,25465,1009
/proc/stat,1749220483043,764666,84630
/proc/21443/stat,1749220483043,25659,1021
/proc/stat,1749220484033,764791,84634
/proc/21443/stat,1749220484033,25781,1024
/proc/stat,1749220485032,764911,84634
/proc/21443/stat,1749220485033,25899,1024
/proc/stat,1749220486032,765030,84642
/proc/21443/stat,1749220486033,26016,1030
/proc/stat,1749220487034,765144,84650
/proc/21443/stat,1749220487035,26124,1035
/proc/stat,1749220488032,765258,84652
/proc/21443/stat,1749220488033,26238,1035
/proc/stat,1749220489042,765426,84661
/proc/21443/stat,1749220489043,26402,1043
/proc/stat,1749220490046,765620,84676
/proc/21443/stat,1749220490047,26594,1057
/proc/stat,1749220491033,765785,84684
/proc/21443/stat,1749220491034,26757,1063
/proc/stat,1749220492033,765896,84690
/proc/21443/stat,1749220492033,26867,1067
/proc/stat,1749220493032,766023,84690
/proc/21443/stat,1749220493032,26991,1067
/proc/stat,1749220494033,766132,84697
/proc/21443/stat,1749220494033,27098,1073
/proc/stat,1749220495044,766250,84701
/proc/21443/stat,1749220495044,27218,1073
/proc/stat,1749220496035,766356,84706
/proc/21443/stat,1749220496036,27320,1077
