Timestamp,Domain,Power (Watts),DRAM Power (Watts), Energy (micro joules), DRAM Energy (micro joules)
1749220300059,package-0,7.861918,4.392689,64144057836,18405329041
1749220302020,package-0,6.018112,2.660881,64155965337,18410677599
1749220304020,package-0,6.070969,2.642205,64167942724,18415888096
1749220306020,package-0,7.533611,4.174,64181664490,18422974504
1749220308020,package-0,6.218673,2.915703,64195768275,18430349851
1749220310020,package-0,5.961166,2.604486,64207464168,18435400864
1749220312020,package-0,5.889877,2.548333,64219035183,18440366305
1749220314020,package-0,7.142193,3.758108,64232081048,18446709490
1749220316020,package-0,5.786057,2.471124,64245160727,18453048646
1749220318020,package-0,5.904831,2.553155,64256864310,18458096851
1749220320019,package-0,5.876938,2.417901,64268437950,18462931555
1749220322022,package-0,7.349957,3.938833,64282676988,18470382586
1749220324019,package-0,5.770554,2.463556,64294880204,18475910221
1749220326020,package-0,5.914536,2.564752,64306596788,18480971304
1749220328020,package-0,5.580858,2.275689,64317933429,18485693093
1749220330021,package-0,7.439129,4.053151,64332716472,18493668476
1749220332020,package-0,5.780258,2.449152,64344324413,18498622748
1749220334020,package-0,5.793931,2.475457,64355960309,18503633233
1749220336019,package-0,6.412398,3.077751,64368164928,18509155558
1749220338020,package-0,6.767377,3.358757,64382380651,18516569907
1749220340019,package-0,5.861862,2.537164,64393931342,18521522592
1749220342020,package-0,5.873764,2.55523,64405640968,18526550655
1749220344019,package-0,7.016278,3.634085,64418047552,18532290753
1749220346019,package-0,6.444991,3.077324,64431289950,18538771937
1749220348020,package-0,5.878708,2.522333,64442887332,18543732740
1749220350020,package-0,5.863327,2.499444,64454494419,18548696045
1749220352019,package-0,7.628155,4.193044,64467778016,18555268172
1749220354019,package-0,5.785812,2.48626,64480755216,18561527860
1749220356020,package-0,5.746812,2.473016,64492181457,18566425370
1749220358019,package-0,5.739365,2.389765,64503650299,18571238224
1749220360019,package-0,7.961711,4.503651,64517805537,18578642685
1749220362020,package-0,5.762254,2.45141,64530101709,18584259431
1749220364020,package-0,5.855942,2.509576,64541717280,18589225848
1749220366020,package-0,5.624497,2.321528,64553042751,18593967902
1749220368019,package-0,7.667644,4.201527,64568076770,18602126267
1749220370019,package-0,5.873642,2.509515,64579632710,18607052463
1749220372019,package-0,5.797471,2.451471,64591232290,18612018271
1749220374019,package-0,6.069504,2.776787,64602931784,18617110176
1749220376020,package-0,6.786482,3.389273,64617358932,18624701160
1749220378019,package-0,5.783738,2.486688,64628886307,18629633887
1749220380019,package-0,5.930221,2.483636,64640612778,18634607507
1749220382020,package-0,7.547894,4.1162,64653563063,18640845162
1749220384021,package-0,6.153426,2.799798,64666646830,18647179741
1749220386019,package-0,5.762437,2.475824,64678141125,18652088908
1749220388019,package-0,5.829392,2.476312,64689737042,18657035184
1749220390019,package-0,7.284771,3.891287,64703131905,18663688793
1749220392019,package-0,5.758714,2.45849,64715769813,18669612972
1749220394019,package-0,5.928817,2.553339,64727467231,18674624373
1749220396019,package-0,5.737656,2.386103,64738868386,18679395540
1749220398019,package-0,6.947187,3.533682,64751988470,18685793350
1749220400019,package-0,5.871261,2.511835,64764820895,18691915344
1749220402020,package-0,5.893783,2.579889,64776359684,18696883532
1749220404019,package-0,5.720201,2.374323,64787822546,18701698095
1749220406020,package-0,7.534771,4.113698,64802300353,18709378861
1749220408019,package-0,5.710557,2.38714,64814369475,18714778750
1749220410019,package-0,5.811875,2.458307,64825940002,18719717519
1749220412019,package-0,5.60283,2.303522,64837404877,18724540077
1749220414020,package-0,7.568401,4.113271,64851847467,18732153522
1749220416019,package-0,5.78508,2.476007,64863369593,18737067389
1749220418019,package-0,5.728074,2.428887,64874985103,18742027642
1749220420020,package-0,6.207748,2.88604,64886957790,18747324443
1749220422020,package-0,6.858869,3.437796,64901473866,18754984213
1749220424019,package-0,5.87175,2.530633,64913054403,18759945687
1749220426020,package-0,5.831833,2.491815,64924620596,18764857113
1749220428020,package-0,7.793682,4.324147,64937858844,18771337016
1749220430019,package-0,5.754807,2.446649,64951216720,18777958031
1749220432019,package-0,5.795334,2.505182,64962896499,18782984264
1749220434019,package-0,5.730454,2.367487,64974429490,18787805174
1749220436019,package-0,7.512615,4.078603,64988681895,18795273478
1749220438019,package-0,5.727036,2.437494,65000383159,18800368924
1749220440019,package-0,5.797288,2.422113,65012114452,18805350112
1749220442019,package-0,5.459581,2.174494,65023462140,18810047366
1749220444019,package-0,7.074689,3.658133,65038021429,18817771589
1749220446019,package-0,5.760239,2.437921,65049677344,18822847199
1749220448019,package-0,5.809555,2.464471,65061317756,18827823565
1749220450019,package-0,5.881272,2.549066,65073011513,18832881841
1749220452019,package-0,7.060285,3.635245,65087398012,18840439317
1749220454019,package-0,5.858872,2.521539,65098911227,18845358494
1749220456019,package-0,5.847458,2.50158,65110380863,18850233725
1749220458019,package-0,6.648421,3.311149,65122470615,18855723213
1749220460019,package-0,6.27629,2.927727,65136629941,18863085865
1749220462019,package-0,5.833787,2.540582,65148089751,18867976966
1749220464019,package-0,5.875657,2.541985,65159727905,18872957910
1749220466020,package-0,7.204144,3.834768,65172757595,18879307503
1749220468020,package-0,5.900436,2.539483,65185006099,18884824945
1749220470020,package-0,5.735153,2.452875,65196481289,18889705609
1749220472019,package-0,5.719346,2.430108,65208084470,18894667449
1749220474019,package-0,7.850078,4.414845,65221974022,18901801892
1749220476019,package-0,5.851975,2.500604,65234258720,18907359067
1749220478019,package-0,5.680649,2.408624,65245766075,18912283737
1749220480019,package-0,5.486803,2.171625,65257160700,18917000522
1749220482019,package-0,7.646465,4.209767,65271848162,18924878981
1749220484019,package-0,5.84581,2.491693,65283687060,18930064209
1749220486019,package-0,5.744309,2.447748,65295278034,18935041614
1749220488019,package-0,6.389021,3.002922,65307477587,18940508519
1749220490021,package-0,7.090864,3.672964,65322140270,18948321426
1749220492019,package-0,5.918991,2.543755,65333754192,18953288759
1749220494019,package-0,5.840317,2.480462,65345276563,18958163197
