SourceFile,Timestamp,userTime (Ticks),systemTime (Ticks)
/proc/stat,1749115129270,4986,5188
/proc/stat,1749115130062,4995,5192
/proc/stat,1749115131058,4998,5195
/proc/stat,1749115132058,5001,5200
/proc/stat,1749115133060,5003,5204
/proc/stat,1749115134059,5006,5208
/proc/stat,1749115135057,5011,5211
/proc/stat,1749115136059,5014,5216
/proc/stat,1749115137059,5016,5220
/proc/stat,1749115138059,5018,5225
/proc/stat,1749115139058,5020,5229
/proc/stat,1749115140058,5024,5233
/proc/stat,1749115141058,5026,5238
/proc/stat,1749115142057,5028,5242
/proc/stat,1749115143057,5031,5245
/proc/stat,1749115144057,5034,5250
/proc/stat,1749115145058,5037,5253
/proc/stat,1749115146059,5042,5257
/proc/stat,1749115147058,5044,5261
/proc/stat,1749115148058,5046,5266
/proc/stat,1749115149058,5052,5269
/proc/stat,1749115150059,5056,5273
/proc/stat,1749115151057,5060,5276
/proc/stat,1749115152058,5064,5279
/proc/stat,1749115153057,5066,5282
/proc/stat,1749115154059,5069,5286
/proc/stat,1749115155058,5074,5293
/proc/stat,1749115156057,5077,5296
/proc/stat,1749115157060,5080,5299
/proc/stat,1749115158058,5086,5304
/proc/stat,1749115159058,5090,5306
/proc/stat,1749115160057,5091,5312
/proc/stat,1749115161057,5098,5316
/proc/stat,1749115162058,5107,5320
/proc/stat,1749115163059,5111,5323
/proc/stat,1749115164057,5114,5327
/proc/stat,1749115165057,5114,5332
/proc/stat,1749115166058,5118,5336
/proc/stat,1749115167057,5121,5342
/proc/stat,1749115168057,5122,5347
/proc/stat,1749115169058,5124,5351
/proc/stat,1749115170059,5128,5355
/proc/stat,1749115171059,5132,5359
/proc/stat,1749115172058,5136,5362
/proc/stat,1749115173057,5147,5365
/proc/stat,1749115174057,5148,5369
/proc/stat,1749115175057,5151,5373
/proc/stat,1749115176058,5153,5376
/proc/stat,1749115177057,5156,5380
/proc/stat,1749115178058,5158,5384
/proc/stat,1749115179060,5160,5388
/proc/stat,1749115180059,5164,5393
/proc/stat,1749115181059,5172,5398
/proc/stat,1749115182057,5184,5400
/proc/stat,1749115183059,5188,5404
/proc/stat,1749115184059,5192,5409
/proc/stat,1749115185058,5195,5413
/proc/stat,1749115186057,5198,5416
/proc/stat,1749115187057,5200,5419
/proc/stat,1749115188057,5202,5423
/proc/stat,1749115189057,5206,5426
/proc/stat,1749115190057,5209,5430
/proc/stat,1749115191057,5211,5434
/proc/stat,1749115192059,5216,5438
/proc/stat,1749115193057,5220,5440
/proc/stat,1749115194058,5222,5443
/proc/stat,1749115195057,5226,5448
/proc/stat,1749115196058,5230,5452
/proc/stat,1749115197057,5234,5455
/proc/stat,1749115198056,5237,5458
/proc/stat,1749115199057,5239,5461
/proc/stat,1749115200057,5242,5464
/proc/stat,1749115201057,5244,5466
/proc/stat,1749115202058,5249,5469
/proc/stat,1749115203057,5254,5473
/proc/stat,1749115204057,5257,5476
/proc/stat,1749115205056,5260,5479
/proc/stat,1749115206057,5262,5483
/proc/stat,1749115207056,5267,5486
/proc/stat,1749115208058,5270,5489
/proc/stat,1749115209056,5272,5492
/proc/stat,1749115210057,5274,5495
/proc/stat,1749115211056,5277,5500
/proc/stat,1749115212057,5280,5504
/proc/stat,1749115213057,5286,5510
/proc/stat,1749115214057,5289,5513
/proc/stat,1749115215057,5292,5517
/proc/stat,1749115216057,5294,5521
/proc/stat,1749115217057,5296,5525
/proc/stat,1749115218057,5298,5527
/proc/stat,1749115219056,5300,5532
/proc/stat,1749115220057,5303,5536
/proc/stat,1749115221056,5306,5538
/proc/stat,1749115222057,5308,5540
/proc/stat,1749115223057,5310,5544
/proc/stat,1749115224057,5313,5546
/proc/stat,1749115225057,5315,5551
/proc/stat,1749115226056,5318,5553
/proc/stat,1749115227056,5320,5556
/proc/stat,1749115228056,5322,5558
/proc/stat,1749115229056,5325,5561
/proc/stat,1749115230056,5329,5568
/proc/stat,1749115231057,5332,5572
/proc/stat,1749115232058,5334,5577
/proc/stat,1749115233056,5338,5579
/proc/stat,1749115234057,5340,5582
/proc/stat,1749115235058,5342,5585
/proc/stat,1749115236057,5345,5589
/proc/stat,1749115237056,5346,5593
/proc/stat,1749115238059,5349,5595
/proc/stat,1749115239057,5350,5600
/proc/stat,1749115240057,5352,5604
/proc/stat,1749115241056,5354,5606
/proc/stat,1749115242057,5357,5609
/proc/stat,1749115243056,5357,5613
/proc/stat,1749115244057,5360,5617
/proc/stat,1749115245057,5362,5620
/proc/stat,1749115246058,5365,5624
/proc/stat,1749115247057,5368,5626
/proc/stat,1749115248058,5370,5630
/proc/stat,1749115249057,5375,5633
/proc/stat,1749115250057,5376,5637
/proc/stat,1749115251057,5379,5640
/proc/stat,1749115252057,5385,5646
/proc/stat,1749115253057,5390,5649
/proc/stat,1749115254057,5394,5652
/proc/stat,1749115255058,5397,5656
/proc/stat,1749115256059,5400,5660
/proc/stat,1749115257058,5406,5664
/proc/stat,1749115258057,5408,5667
/proc/stat,1749115259057,5410,5671
/proc/stat,1749115260056,5412,5674
/proc/stat,1749115261056,5416,5677
/proc/stat,1749115262056,5420,5680
/proc/stat,1749115263056,5421,5684
/proc/stat,1749115264056,5423,5687
/proc/stat,1749115265059,5425,5690
/proc/stat,1749115266060,5429,5694
/proc/stat,1749115267057,5432,5697
/proc/stat,1749115268056,5435,5700
/proc/stat,1749115269056,5436,5703
/proc/stat,1749115270057,5438,5706
/proc/stat,1749115271057,5440,5710
/proc/stat,1749115272056,5445,5713
/proc/stat,1749115273057,5449,5716
/proc/stat,1749115274058,5452,5718
/proc/stat,1749115275056,5454,5722
/proc/stat,1749115276057,5456,5725
/proc/stat,1749115277056,5458,5728
/proc/stat,1749115278056,5461,5731
/proc/stat,1749115279056,5462,5736
/proc/stat,1749115280057,5469,5743
/proc/stat,1749115281057,5471,5749
/proc/stat,1749115282056,5475,5753
/proc/stat,1749115283056,5476,5757
/proc/stat,1749115284056,5480,5759
/proc/stat,1749115285058,5483,5762
/proc/stat,1749115286057,5486,5765
/proc/stat,1749115287056,5489,5768
/proc/stat,1749115288056,5491,5772
/proc/stat,1749115289056,5494,5774
/proc/stat,1749115290057,5497,5777
/proc/stat,1749115291057,5499,5780
/proc/stat,1749115292057,5500,5784
/proc/stat,1749115293056,5503,5788
/proc/stat,1749115294057,5506,5791
/proc/stat,1749115295056,5509,5795
/proc/stat,1749115296056,5512,5798
/proc/stat,1749115297056,5516,5802
/proc/stat,1749115298057,5518,5805
/proc/stat,1749115299056,5522,5808
/proc/stat,1749115300056,5526,5810
/proc/stat,1749115301056,5528,5813
/proc/stat,1749115302057,5530,5817
/proc/stat,1749115303057,5532,5821
/proc/stat,1749115304057,5534,5825
/proc/stat,1749115305057,5535,5828
/proc/stat,1749115306056,5538,5832
/proc/stat,1749115307058,5542,5834
/proc/stat,1749115308058,5544,5838
/proc/stat,1749115309056,5548,5842
/proc/stat,1749115310057,5550,5845
/proc/stat,1749115311056,5553,5848
/proc/stat,1749115312056,5554,5851
/proc/stat,1749115313058,5559,5854
/proc/stat,1749115314056,5562,5858
/proc/stat,1749115315056,5569,5863
/proc/stat,1749115316056,5573,5866
/proc/stat,1749115317056,5575,5870
/proc/stat,1749115318057,5577,5874
/proc/stat,1749115319057,5582,5876
/proc/stat,1749115320058,5589,5879
/proc/stat,1749115321057,5595,5881
/proc/stat,1749115322056,5597,5884
/proc/stat,1749115323056,5600,5886
/proc/stat,1749115324059,5602,5889
/proc/stat,1749115325056,5606,5891
/proc/stat,1749115326056,5608,5894
/proc/stat,1749115327055,5613,5897
/proc/stat,1749115328056,5616,5900
/proc/stat,1749115329056,5617,5903
/proc/stat,1749115330056,5620,5906
/proc/stat,1749115331057,5622,5909
/proc/stat,1749115332057,5626,5913
/proc/stat,1749115333056,5630,5916
/proc/stat,1749115334056,5634,5919
/proc/stat,1749115335057,5648,5922
/proc/stat,1749115336056,5653,5925
/proc/stat,1749115337056,5658,5928
/proc/stat,1749115338056,5662,5930
/proc/stat,1749115339055,5665,5934
/proc/stat,1749115340055,5668,5936
/proc/stat,1749115341056,5669,5940
/proc/stat,1749115342062,5675,5946
/proc/stat,1749115343056,5678,5950
/proc/stat,1749115344057,5680,5953
/proc/stat,1749115345056,5684,5955
/proc/stat,1749115346056,5686,5958
/proc/stat,1749115347055,5690,5961
/proc/stat,1749115348056,5694,5964
/proc/stat,1749115349056,5697,5967
/proc/stat,1749115350056,5700,5971
/proc/stat,1749115351056,5702,5974
/proc/stat,1749115352058,5712,5978
/proc/stat,1749115353056,5713,5982
/proc/stat,1749115354056,5716,5986
/proc/stat,1749115355056,5720,5988
/proc/stat,1749115356056,5724,5990
/proc/stat,1749115357078,5727,5993
/proc/stat,1749115358056,5738,5999
/proc/stat,1749115359056,5741,6002
/proc/stat,1749115360056,5744,6006
/proc/stat,1749115361055,5745,6008
/proc/stat,1749115362057,5747,6011
/proc/stat,1749115363056,5751,6017
/proc/stat,1749115364055,5756,6027
/proc/stat,1749115365055,5761,6032
/proc/stat,1749115366056,5764,6036
/proc/stat,1749115367056,5766,6041
/proc/stat,1749115368056,5770,6045
/proc/stat,1749115369056,5772,6048
/proc/stat,1749115370057,5774,6050
/proc/stat,1749115371056,5777,6054
/proc/stat,1749115372056,5780,6058
/proc/stat,1749115373056,5783,6060
/proc/stat,1749115374056,5788,6064
/proc/stat,1749115375056,5793,6066
/proc/stat,1749115376057,5796,6069
/proc/stat,1749115377057,5798,6072
/proc/stat,1749115378057,5800,6076
/proc/stat,1749115379056,5803,6079
/proc/stat,1749115380057,5808,6080
/proc/stat,1749115381057,5812,6084
/proc/stat,1749115382057,5814,6088
/proc/stat,1749115383057,5819,6091
/proc/stat,1749115384059,5826,6095
/proc/stat,1749115385058,5830,6100
/proc/stat,1749115386056,5831,6105
/proc/stat,1749115387055,5833,6108
/proc/stat,1749115388055,5836,6112
/proc/stat,1749115389056,5838,6116
/proc/stat,1749115390055,5841,6118
/proc/stat,1749115391056,5843,6122
/proc/stat,1749115392056,5845,6125
/proc/stat,1749115393056,5848,6129
/proc/stat,1749115394056,5851,6132
/proc/stat,1749115395057,5853,6135
/proc/stat,1749115396056,5857,6138
/proc/stat,1749115397057,5859,6142
/proc/stat,1749115398056,5862,6145
/proc/stat,1749115399056,5863,6149
/proc/stat,1749115400056,5865,6153
/proc/stat,1749115401056,5868,6156
/proc/stat,1749115402056,5872,6158
/proc/stat,1749115403056,5874,6161
/proc/stat,1749115404055,5876,6165
/proc/stat,1749115405056,5878,6169
/proc/stat,1749115406056,5880,6171
/proc/stat,1749115407056,5882,6173
/proc/stat,1749115408056,5885,6177
/proc/stat,1749115409057,5886,6181
/proc/stat,1749115410057,5888,6184
/proc/stat,1749115411056,5889,6188
/proc/stat,1749115412055,5890,6191
/proc/stat,1749115413057,5892,6194
/proc/stat,1749115414055,5893,6197
/proc/stat,1749115415056,5896,6200
/proc/stat,1749115416055,5897,6203
/proc/stat,1749115417055,5902,6206
/proc/stat,1749115418055,5904,6211
/proc/stat,1749115419055,5906,6214
/proc/stat,1749115420056,5908,6218
/proc/stat,1749115421056,5912,6221
/proc/stat,1749115422056,5914,6224
/proc/stat,1749115423056,5916,6228
/proc/stat,1749115424059,5918,6231
/proc/stat,1749115425056,5920,6234
/proc/stat,1749115426056,5922,6237
/proc/stat,1749115427055,5924,6240
/proc/stat,1749115428056,5926,6244
/proc/stat,1749115429055,5928,6247
/proc/stat,1749115430056,5930,6250
/proc/stat,1749115431055,5932,6252
/proc/stat,1749115432056,5932,6257
/proc/stat,1749115433056,5936,6260
/proc/stat,1749115434056,5938,6264
/proc/stat,1749115435055,5940,6268
/proc/stat,1749115436056,5942,6272
/proc/stat,1749115437056,5948,6276
/proc/stat,1749115438056,5952,6278
/proc/stat,1749115439056,5955,6281
/proc/stat,1749115440055,5969,6283
/proc/stat,1749115441055,5972,6286
/proc/stat,1749115442055,5973,6290
/proc/stat,1749115443056,5975,6293
/proc/stat,1749115444055,5977,6296
/proc/stat,1749115445055,5980,6299
/proc/stat,1749115446055,5984,6302
/proc/stat,1749115447056,5992,6312
/proc/stat,1749115448058,6001,6324
/proc/stat,1749115449056,6005,6329
/proc/stat,1749115450055,6006,6334
/proc/stat,1749115451055,6010,6337
/proc/stat,1749115452055,6011,6342
/proc/stat,1749115453055,6013,6344
/proc/stat,1749115454055,6016,6347
/proc/stat,1749115455055,6019,6351
/proc/stat,1749115456055,6022,6353
/proc/stat,1749115457055,6024,6356
/proc/stat,1749115458055,6026,6359
/proc/stat,1749115459055,6030,6361
/proc/stat,1749115460056,6032,6365
/proc/stat,1749115461055,6034,6368
/proc/stat,1749115462055,6036,6371
/proc/stat,1749115463056,6038,6374
/proc/stat,1749115464055,6040,6377
/proc/stat,1749115465055,6042,6382
/proc/stat,1749115466055,6045,6384
/proc/stat,1749115467055,6047,6388
/proc/stat,1749115468055,6049,6391
/proc/stat,1749115469055,6050,6394
/proc/stat,1749115470055,6054,6396
/proc/stat,1749115471055,6055,6400
/proc/stat,1749115472055,6057,6403
/proc/stat,1749115473055,6060,6405
/proc/stat,1749115474055,6063,6408
/proc/stat,1749115475055,6065,6412
/proc/stat,1749115476055,6068,6414
/proc/stat,1749115477056,6070,6417
/proc/stat,1749115478057,6071,6422
/proc/stat,1749115479055,6072,6425
/proc/stat,1749115480055,6075,6427
/proc/stat,1749115481056,6076,6431
/proc/stat,1749115482055,6078,6434
/proc/stat,1749115483055,6080,6437
/proc/stat,1749115484056,6082,6440
/proc/stat,1749115485055,6084,6443
/proc/stat,1749115486055,6086,6446
/proc/stat,1749115487056,6087,6450
/proc/stat,1749115488056,6089,6453
/proc/stat,1749115489055,6092,6456
/proc/stat,1749115490055,6094,6459
/proc/stat,1749115491055,6096,6461
/proc/stat,1749115492056,6098,6464
/proc/stat,1749115493056,6099,6468
/proc/stat,1749115494056,6100,6472
/proc/stat,1749115495055,6102,6475
/proc/stat,1749115496056,6108,6478
/proc/stat,1749115497055,6109,6483
/proc/stat,1749115498055,6110,6487
/proc/stat,1749115499057,6112,6490
/proc/stat,1749115500056,6114,6493
/proc/stat,1749115501055,6116,6497
/proc/stat,1749115502055,6118,6500
/proc/stat,1749115503055,6120,6503
/proc/stat,1749115504055,6122,6506
/proc/stat,1749115505057,6126,6508
/proc/stat,1749115506056,6129,6512
/proc/stat,1749115507056,6131,6516
/proc/stat,1749115508056,6133,6520
/proc/stat,1749115509055,6134,6523
/proc/stat,1749115510055,6136,6527
/proc/stat,1749115511057,6141,6530
/proc/stat,1749115512057,6144,6534
/proc/stat,1749115513058,6149,6539
/proc/stat,1749115514055,6152,6542
/proc/stat,1749115515056,6153,6545
/proc/stat,1749115516055,6155,6547
/proc/stat,1749115517055,6157,6550
/proc/stat,1749115518055,6158,6553
/proc/stat,1749115519055,6159,6556
/proc/stat,1749115520055,6161,6560
/proc/stat,1749115521055,6164,6562
/proc/stat,1749115522055,6166,6566
/proc/stat,1749115523056,6168,6568
/proc/stat,1749115524055,6169,6572
/proc/stat,1749115525055,6171,6574
/proc/stat,1749115526055,6173,6577
/proc/stat,1749115527055,6176,6581
/proc/stat,1749115528055,6178,6583
/proc/stat,1749115529056,6178,6587
/proc/stat,1749115530055,6180,6591
/proc/stat,1749115531055,6181,6594
/proc/stat,1749115532056,6183,6598
/proc/stat,1749115533056,6184,6602
/proc/stat,1749115534056,6187,6604
/proc/stat,1749115535056,6188,6607
/proc/stat,1749115536055,6190,6610
/proc/stat,1749115537056,6192,6613
/proc/stat,1749115538056,6193,6617
/proc/stat,1749115539056,6194,6621
/proc/stat,1749115540055,6195,6624
/proc/stat,1749115541055,6197,6628
/proc/stat,1749115542055,6198,6630
/proc/stat,1749115543055,6200,6633
/proc/stat,1749115544056,6201,6637
/proc/stat,1749115545056,6204,6640
/proc/stat,1749115546056,6206,6644
/proc/stat,1749115547056,6209,6647
/proc/stat,1749115548055,6216,6650
/proc/stat,1749115549056,6218,6653
/proc/stat,1749115550056,6219,6657
/proc/stat,1749115551055,6220,6661
/proc/stat,1749115552056,6222,6664
/proc/stat,1749115553056,6224,6668
/proc/stat,1749115554056,6226,6670
/proc/stat,1749115555055,6228,6673
/proc/stat,1749115556055,6229,6677
/proc/stat,1749115557056,6232,6679
/proc/stat,1749115558055,6234,6682
/proc/stat,1749115559056,6237,6685
/proc/stat,1749115560055,6238,6689
/proc/stat,1749115561055,6240,6694
/proc/stat,1749115562056,6242,6696
/proc/stat,1749115563055,6244,6698
/proc/stat,1749115564055,6247,6701
/proc/stat,1749115565056,6251,6703
/proc/stat,1749115566056,6254,6707
/proc/stat,1749115567055,6260,6710
/proc/stat,1749115568055,6262,6714
/proc/stat,1749115569055,6264,6718
/proc/stat,1749115570055,6267,6720
/proc/stat,1749115571055,6272,6724
/proc/stat,1749115572056,6274,6726
/proc/stat,1749115573055,6276,6730
/proc/stat,1749115574055,6279,6733
/proc/stat,1749115575055,6282,6736
/proc/stat,1749115576055,6284,6740
/proc/stat,1749115577055,6286,6742
/proc/stat,1749115578055,6289,6744
/proc/stat,1749115579055,6291,6748
/proc/stat,1749115580055,6292,6752
/proc/stat,1749115581055,6294,6756
/proc/stat,1749115582055,6296,6758
/proc/stat,1749115583055,6297,6762
/proc/stat,1749115584056,6299,6765
/proc/stat,1749115585055,6300,6769
/proc/stat,1749115586055,6303,6771
/proc/stat,1749115587055,6305,6774
/proc/stat,1749115588055,6308,6777
/proc/stat,1749115589055,6310,6779
/proc/stat,1749115590055,6311,6784
/proc/stat,1749115591055,6312,6788
/proc/stat,1749115592055,6314,6791
/proc/stat,1749115593055,6316,6794
/proc/stat,1749115594055,6318,6797
/proc/stat,1749115595055,6320,6800
/proc/stat,1749115596055,6322,6803
/proc/stat,1749115597055,6323,6806
/proc/stat,1749115598055,6324,6810
/proc/stat,1749115599055,6326,6813
/proc/stat,1749115600055,6328,6816
/proc/stat,1749115601055,6330,6819
/proc/stat,1749115602055,6332,6822
/proc/stat,1749115603056,6334,6825
/proc/stat,1749115604056,6335,6828
/proc/stat,1749115605055,6337,6831
/proc/stat,1749115606055,6339,6834
/proc/stat,1749115607055,6341,6837
/proc/stat,1749115608055,6342,6842
/proc/stat,1749115609057,6343,6846
/proc/stat,1749115610056,6345,6849
/proc/stat,1749115611055,6350,6853
/proc/stat,1749115612055,6354,6858
/proc/stat,1749115613055,6357,6860
/proc/stat,1749115614055,6358,6863
/proc/stat,1749115615055,6363,6866
/proc/stat,1749115616055,6366,6868
/proc/stat,1749115617055,6368,6871
/proc/stat,1749115618055,6370,6874
/proc/stat,1749115619056,6373,6876
/proc/stat,1749115620055,6376,6879
/proc/stat,1749115621055,6378,6881
/proc/stat,1749115622055,6380,6885
/proc/stat,1749115623055,6382,6887
/proc/stat,1749115624056,6385,6891
/proc/stat,1749115625055,6389,6894
/proc/stat,1749115626055,6390,6898
/proc/stat,1749115627054,6393,6901
/proc/stat,1749115628055,6394,6904
/proc/stat,1749115629055,6396,6908
/proc/stat,1749115630054,6397,6912
/proc/stat,1749115631055,6400,6918
/proc/stat,1749115632055,6404,6924
/proc/stat,1749115633054,6406,6928
/proc/stat,1749115634055,6411,6930
/proc/stat,1749115635054,6414,6932
/proc/stat,1749115636055,6415,6936
/proc/stat,1749115637055,6418,6939
/proc/stat,1749115638055,6422,6941
/proc/stat,1749115639057,6428,6945
/proc/stat,1749115640058,6432,6950
/proc/stat,1749115641059,6438,6954
/proc/stat,1749115642055,6441,6957
/proc/stat,1749115643055,6444,6960
/proc/stat,1749115644055,6445,6963
/proc/stat,1749115645055,6447,6966
/proc/stat,1749115646055,6451,6969
/proc/stat,1749115647054,6452,6972
/proc/stat,1749115648055,6453,6975
/proc/stat,1749115649056,6456,6978
/proc/stat,1749115650055,6458,6983
/proc/stat,1749115651056,6460,6986
/proc/stat,1749115652055,6462,6989
/proc/stat,1749115653054,6465,6994
/proc/stat,1749115654055,6467,6996
/proc/stat,1749115655054,6469,6999
/proc/stat,1749115656055,6470,7002
/proc/stat,1749115657054,6473,7004
/proc/stat,1749115658054,6476,7007
/proc/stat,1749115659055,6477,7010
/proc/stat,1749115660055,6479,7014
/proc/stat,1749115661055,6481,7017
/proc/stat,1749115662055,6482,7020
/proc/stat,1749115663057,6488,7031
/proc/stat,1749115664055,6489,7036
/proc/stat,1749115665055,6491,7038
/proc/stat,1749115666056,6493,7042
/proc/stat,1749115667056,6495,7045
/proc/stat,1749115668055,6496,7048
/proc/stat,1749115669056,6498,7050
/proc/stat,1749115670055,6500,7052
/proc/stat,1749115671055,6504,7054
/proc/stat,1749115672055,6506,7058
/proc/stat,1749115673055,6508,7060
/proc/stat,1749115674056,6511,7064
/proc/stat,1749115675055,6513,7066
/proc/stat,1749115676055,6516,7068
/proc/stat,1749115677055,6517,7072
/proc/stat,1749115678055,6518,7076
/proc/stat,1749115679055,6521,7078
/proc/stat,1749115680055,6524,7080
/proc/stat,1749115681055,6525,7083
/proc/stat,1749115682055,6526,7086
/proc/stat,1749115683055,6529,7090
/proc/stat,1749115684056,6530,7093
/proc/stat,1749115685055,6531,7096
/proc/stat,1749115686056,6532,7100
/proc/stat,1749115687055,6533,7104
/proc/stat,1749115688055,6537,7107
/proc/stat,1749115689055,6539,7110
/proc/stat,1749115690055,6541,7113
/proc/stat,1749115691055,6543,7118
/proc/stat,1749115692055,6544,7121
/proc/stat,1749115693055,6546,7124
/proc/stat,1749115694055,6548,7127
/proc/stat,1749115695055,6551,7129
/proc/stat,1749115696055,6554,7133
/proc/stat,1749115697056,6558,7139
/proc/stat,1749115698055,6562,7144
/proc/stat,1749115699054,6565,7147
/proc/stat,1749115700054,6568,7150
/proc/stat,1749115701056,6569,7153
/proc/stat,1749115702055,6571,7156
/proc/stat,1749115703055,6573,7159
/proc/stat,1749115704054,6576,7161
/proc/stat,1749115705055,6578,7163
/proc/stat,1749115706055,6580,7166
/proc/stat,1749115707055,6583,7170
/proc/stat,1749115708055,6585,7174
/proc/stat,1749115709055,6586,7177
/proc/stat,1749115710055,6588,7179
/proc/stat,1749115711055,6589,7184
/proc/stat,1749115712055,6591,7187
/proc/stat,1749115713055,6592,7191
/proc/stat,1749115714055,6594,7194
/proc/stat,1749115715055,6597,7197
/proc/stat,1749115716055,6598,7202
/proc/stat,1749115717055,6600,7205
/proc/stat,1749115718055,6602,7208
/proc/stat,1749115719054,6603,7212
/proc/stat,1749115720055,6604,7216
/proc/stat,1749115721055,6608,7217
/proc/stat,1749115722055,6611,7219
/proc/stat,1749115723055,6613,7222
/proc/stat,1749115724055,6615,7226
/proc/stat,1749115725055,6616,7228
/proc/stat,1749115726055,6618,7232
/proc/stat,1749115727054,6620,7235
/proc/stat,1749115728055,6622,7237
/proc/stat,1749115729055,6624,7240
/proc/stat,1749115730055,6626,7243
/proc/stat,1749115731055,6628,7246
/proc/stat,1749115732055,6631,7248
/proc/stat,1749115733056,6632,7252
/proc/stat,1749115734056,6633,7257
/proc/stat,1749115735056,6635,7260
/proc/stat,1749115736055,6636,7262
/proc/stat,1749115737055,6641,7270
/proc/stat,1749115738054,6643,7274
/proc/stat,1749115739055,6644,7278
/proc/stat,1749115740055,6647,7281
/proc/stat,1749115741055,6648,7284
/proc/stat,1749115742055,6650,7287
/proc/stat,1749115743054,6651,7290
/proc/stat,1749115744055,6654,7294
/proc/stat,1749115745055,6656,7296
/proc/stat,1749115746054,6657,7300
/proc/stat,1749115747055,6660,7302
/proc/stat,1749115748054,6665,7306
/proc/stat,1749115749054,6671,7309
/proc/stat,1749115750055,6672,7313
/proc/stat,1749115751055,6676,7315
/proc/stat,1749115752055,6677,7319
/proc/stat,1749115753055,6680,7322
/proc/stat,1749115754055,6683,7325
/proc/stat,1749115755055,6685,7329
/proc/stat,1749115756055,6687,7332
/proc/stat,1749115757055,6689,7335
/proc/stat,1749115758055,6691,7339
/proc/stat,1749115759055,6692,7342
/proc/stat,1749115760055,6695,7346
/proc/stat,1749115761055,6699,7347
/proc/stat,1749115762055,6707,7351
/proc/stat,1749115763055,6709,7354
/proc/stat,1749115764055,6712,7358
/proc/stat,1749115765055,6714,7361
/proc/stat,1749115766056,6718,7364
/proc/stat,1749115767057,6723,7368
/proc/stat,1749115768059,6728,7372
/proc/stat,1749115769060,6738,7376
/proc/stat,1749115770056,6740,7382
/proc/stat,1749115771055,6741,7385
/proc/stat,1749115772055,6743,7390
/proc/stat,1749115773055,6744,7395
/proc/stat,1749115774055,6747,7398
/proc/stat,1749115775055,6749,7401
/proc/stat,1749115776055,6753,7403
/proc/stat,1749115777055,6754,7406
/proc/stat,1749115778055,6757,7408
/proc/stat,1749115779055,6760,7411
/proc/stat,1749115780056,6762,7414
/proc/stat,1749115781055,6764,7418
/proc/stat,1749115782055,6766,7422
/proc/stat,1749115783054,6770,7433
/proc/stat,1749115784055,6773,7438
/proc/stat,1749115785055,6776,7441
/proc/stat,1749115786055,6778,7446
/proc/stat,1749115787055,6779,7449
/proc/stat,1749115788055,6781,7452
/proc/stat,1749115789054,6783,7455
/proc/stat,1749115790055,6786,7458
/proc/stat,1749115791055,6788,7462
/proc/stat,1749115792054,6792,7464
/proc/stat,1749115793054,6793,7468
/proc/stat,1749115794055,6794,7472
/proc/stat,1749115795054,6798,7474
/proc/stat,1749115796054,6799,7477
/proc/stat,1749115797056,6802,7480
/proc/stat,1749115798054,6804,7484
/proc/stat,1749115799054,6805,7488
/proc/stat,1749115800055,6807,7492
/proc/stat,1749115801054,6816,7495
/proc/stat,1749115802055,6819,7505
/proc/stat,1749115803054,6820,7508
/proc/stat,1749115804055,6823,7511
/proc/stat,1749115805055,6824,7515
/proc/stat,1749115806054,6827,7518
/proc/stat,1749115807055,6833,7522
/proc/stat,1749115808055,6835,7524
/proc/stat,1749115809055,6836,7528
/proc/stat,1749115810055,6838,7533
/proc/stat,1749115811055,6842,7536
/proc/stat,1749115812055,6847,7538
/proc/stat,1749115813055,6848,7541
/proc/stat,1749115814055,6852,7544
/proc/stat,1749115815054,6854,7547
/proc/stat,1749115816055,6856,7550
/proc/stat,1749115817055,6869,7554
/proc/stat,1749115818055,6872,7557
/proc/stat,1749115819055,6874,7561
/proc/stat,1749115820055,6876,7564
/proc/stat,1749115821055,6879,7567
/proc/stat,1749115822055,6882,7570
/proc/stat,1749115823055,6883,7573
/proc/stat,1749115824055,6885,7577
/proc/stat,1749115825055,6886,7581
/proc/stat,1749115826055,6889,7584
/proc/stat,1749115827055,6892,7587
/proc/stat,1749115828055,6894,7590
/proc/stat,1749115829055,6896,7594
/proc/stat,1749115830055,6898,7597
/proc/stat,1749115831055,6900,7600
/proc/stat,1749115832055,6905,7602
/proc/stat,1749115833055,6906,7605
/proc/stat,1749115834055,6907,7611
/proc/stat,1749115835055,6908,7615
/proc/stat,1749115836054,6910,7620
/proc/stat,1749115837055,6916,7632
/proc/stat,1749115838054,6918,7638
