SourceFile,Timestamp,userTime (Ticks),systemTime (Ticks)
/proc/stat,1749210456355,636420,94757
/proc/9414/stat,1749210456363,1344,93
/proc/stat,1749210457078,636713,94779
/proc/9414/stat,1749210457088,1623,111
/proc/stat,1749210458073,637118,94786
/proc/9414/stat,1749210458084,2023,113
/proc/stat,1749210459067,637514,94803
/proc/9414/stat,1749210459090,2412,126
/proc/stat,1749210460065,637828,94823
/proc/9414/stat,1749210460069,2718,141
/proc/stat,1749210461150,638057,94849
/proc/9414/stat,1749210461153,2940,160
/proc/stat,1749210462142,638642,94885
/proc/9414/stat,1749210462147,3528,192
/proc/stat,1749210463114,639322,94914
/proc/9414/stat,1749210463119,4208,217
/proc/stat,1749210464116,640095,94926
/proc/9414/stat,1749210464122,4978,222
/proc/stat,1749210465162,640872,94953
/proc/9414/stat,1749210465168,5751,244
/proc/stat,1749210466150,641591,94968
/proc/9414/stat,1749210466171,6469,255
/proc/stat,1749210467154,642283,95048
/proc/9414/stat,1749210467160,7139,327
/proc/stat,1749210468122,642955,95054
/proc/9414/stat,1749210468127,7803,330
/proc/stat,1749210469152,643474,95112
/proc/9414/stat,1749210469173,8321,387
/proc/stat,1749210470148,644199,95169
/proc/9414/stat,1749210470155,9028,438
/proc/stat,1749210471076,644886,95194
/proc/9414/stat,1749210471081,9698,459
/proc/stat,1749210472177,645460,95233
/proc/9414/stat,1749210472183,10266,493
/proc/stat,1749210473110,646096,95309
/proc/9414/stat,1749210473115,10895,565
/proc/stat,1749210474067,646814,95313
/proc/9414/stat,1749210474071,11605,568
/proc/stat,1749210475093,647431,95385
/proc/9414/stat,1749210475099,12214,638
/proc/stat,1749210476160,648242,95411
/proc/9414/stat,1749210476203,13036,659
/proc/stat,1749210477142,648863,95444
/proc/9414/stat,1749210477145,13621,685
/proc/stat,1749210478146,649564,95480
/proc/9414/stat,1749210478151,14307,717
/proc/stat,1749210479159,650267,95576
/proc/9414/stat,1749210479164,15004,809
/proc/stat,1749210480219,650972,95592
/proc/9414/stat,1749210480224,15705,819
/proc/stat,1749210481104,651540,95693
/proc/9414/stat,1749210481109,16268,917
/proc/stat,1749210482160,652344,95702
/proc/9414/stat,1749210482164,17050,921
/proc/stat,1749210483154,652975,95723
/proc/9414/stat,1749210483166,17674,938
/proc/stat,1749210484161,653748,95738
/proc/9414/stat,1749210484166,18440,947
/proc/stat,1749210485067,654378,95790
/proc/9414/stat,1749210485085,19065,993
/proc/stat,1749210486139,655050,95824
/proc/9414/stat,1749210486145,19730,1024
/proc/stat,1749210487130,655738,95900
/proc/9414/stat,1749210487135,20409,1094
/proc/stat,1749210488133,656403,95907
/proc/9414/stat,1749210488135,21049,1097
/proc/stat,1749210489131,657051,96012
/proc/9414/stat,1749210489135,21664,1199
/proc/stat,1749210490168,657844,96020
/proc/9414/stat,1749210490172,22457,1200
/proc/stat,1749210491150,658476,96044
/proc/9414/stat,1749210491152,23084,1219
/proc/stat,1749210492140,659168,96112
/proc/9414/stat,1749210492146,23776,1285
/proc/stat,1749210493172,659914,96178
/proc/9414/stat,1749210493183,24518,1343
/proc/stat,1749210494094,660513,96212
/proc/9414/stat,1749210494097,25103,1372
/proc/stat,1749210495148,661240,96316
/proc/9414/stat,1749210495153,25829,1469
/proc/stat,1749210496063,661872,96318
/proc/9414/stat,1749210496066,26454,1470
/proc/stat,1749210497129,662530,96379
/proc/9414/stat,1749210497133,27112,1526
/proc/stat,1749210498170,663342,96385
/proc/9414/stat,1749210498174,27920,1526
/proc/stat,1749210499170,663888,96460
/proc/9414/stat,1749210499183,28460,1597
/proc/stat,1749210500141,664560,96506
/proc/9414/stat,1749210500146,29133,1641
/proc/stat,1749210501149,665283,96570
/proc/9414/stat,1749210501167,29847,1698
/proc/stat,1749210502107,665890,96592
/proc/9414/stat,1749210502110,30444,1717
/proc/stat,1749210503158,666628,96679
/proc/9414/stat,1749210503162,31178,1799
/proc/stat,1749210504135,667388,96686
/proc/9414/stat,1749210504139,31931,1802
/proc/stat,1749210505094,667902,96734
/proc/9414/stat,1749210505098,32436,1846
/proc/stat,1749210506142,668614,96824
/proc/9414/stat,1749210506147,33149,1938
/proc/stat,1749210507066,669301,96828
/proc/9414/stat,1749210507068,33825,1949
/proc/stat,1749210508140,669900,96899
/proc/9414/stat,1749210508144,34419,2028
/proc/stat,1749210509142,670644,96929
/proc/9414/stat,1749210509146,35159,2061
/proc/stat,1749210510128,671278,96974
/proc/9414/stat,1749210510141,35807,2103
/proc/stat,1749210511156,671988,97031
/proc/9414/stat,1749210511160,36516,2154
/proc/stat,1749210512165,672702,97111
/proc/9414/stat,1749210512169,37235,2219
/proc/stat,1749210513153,673377,97149
/proc/9414/stat,1749210513159,37909,2244
/proc/stat,1749210514172,674083,97231
/proc/9414/stat,1749210514175,38616,2318
/proc/stat,1749210515081,674759,97247
/proc/9414/stat,1749210515084,39293,2328
/proc/stat,1749210516161,675371,97291
/proc/9414/stat,1749210516165,39907,2363
/proc/stat,1749210517158,676055,97375
/proc/9414/stat,1749210517162,40588,2439
/proc/stat,1749210518093,676688,97386
/proc/9414/stat,1749210518097,41223,2442
/proc/stat,1749210519145,677391,97484
/proc/9414/stat,1749210519149,41923,2532
/proc/stat,1749210520149,678168,97496
/proc/9414/stat,1749210520154,42695,2536
/proc/stat,1749210521146,678822,97525
/proc/9414/stat,1749210521150,43340,2558
/proc/stat,1749210522146,679497,97600
/proc/9414/stat,1749210522150,44017,2629
/proc/stat,1749210523148,680221,97669
/proc/9414/stat,1749210523169,44746,2692
/proc/stat,1749210524129,680842,97707
/proc/9414/stat,1749210524134,45350,2727
/proc/stat,1749210525148,681544,97799
/proc/9414/stat,1749210525151,46050,2813
/proc/stat,1749210526065,682185,97804
/proc/9414/stat,1749210526069,46688,2815
/proc/stat,1749210527142,682926,97868
/proc/9414/stat,1749210527150,47428,2874
/proc/stat,1749210528155,683718,97874
/proc/9414/stat,1749210528158,48213,2876
/proc/stat,1749210529182,684326,97966
/proc/9414/stat,1749210529185,48812,2965
/proc/stat,1749210530156,685000,98039
/proc/9414/stat,1749210530161,49490,3032
/proc/stat,1749210531183,685784,98067
/proc/9414/stat,1749210531187,50266,3053
/proc/stat,1749210532135,686314,98107
/proc/9414/stat,1749210532139,50793,3089
/proc/stat,1749210533159,687045,98174
/proc/9414/stat,1749210533162,51522,3152
/proc/stat,1749210534074,687738,98192
/proc/9414/stat,1749210534077,52211,3167
/proc/stat,1749210535156,688408,98232
/proc/9414/stat,1749210535161,52879,3200
/proc/stat,1749210536139,689091,98321
/proc/9414/stat,1749210536144,53553,3283
/proc/stat,1749210537141,689796,98333
/proc/9414/stat,1749210537145,54251,3290
/proc/stat,1749210538111,690450,98424
/proc/9414/stat,1749210538114,54898,3377
/proc/stat,1749210539142,691249,98434
/proc/9414/stat,1749210539146,55693,3382
/proc/stat,1749210540147,691933,98456
/proc/9414/stat,1749210540163,56369,3398
/proc/stat,1749210541150,692681,98485
/proc/9414/stat,1749210541169,57105,3422
/proc/stat,1749210542066,693275,98547
/proc/9414/stat,1749210542069,57683,3478
/proc/stat,1749210543146,693946,98582
/proc/9414/stat,1749210543150,58344,3511
/proc/stat,1749210544159,694664,98658
/proc/9414/stat,1749210544161,59057,3581
/proc/stat,1749210545083,695233,98663
/proc/9414/stat,1749210545086,59620,3583
/proc/stat,1749210546167,695959,98766
/proc/9414/stat,1749210546171,60342,3680
/proc/stat,1749210547160,696738,98771
/proc/9414/stat,1749210547164,61115,3680
/proc/stat,1749210548139,697316,98824
/proc/9414/stat,1749210548143,61687,3730
/proc/stat,1749210549160,698023,98899
/proc/9414/stat,1749210549164,62388,3800
/proc/stat,1749210550164,698784,98925
/proc/9414/stat,1749210550171,63142,3821
/proc/stat,1749210551158,699376,98977
/proc/9414/stat,1749210551167,63734,3870
/proc/stat,1749210552153,700084,99039
/proc/9414/stat,1749210552160,64439,3924
/proc/stat,1749210553155,700785,99045
/proc/9414/stat,1749210553156,65139,3926
/proc/stat,1749210554148,701481,99094
/proc/9414/stat,1749210554151,65832,3973
/proc/stat,1749210555161,702271,99103
/proc/9414/stat,1749210555164,66614,3978
/proc/stat,1749210556110,702816,99184
/proc/9414/stat,1749210556113,67153,4054
/proc/stat,1749210557149,703522,99258
/proc/9414/stat,1749210557153,67860,4125
/proc/stat,1749210558134,704283,99275
/proc/9414/stat,1749210558138,68613,4139
/proc/stat,1749210559150,704864,99327
/proc/9414/stat,1749210559153,69192,4185
/proc/stat,1749210560156,705598,99387
/proc/9414/stat,1749210560163,69924,4239
/proc/stat,1749210561065,706231,99410
/proc/9414/stat,1749210561067,70552,4258
/proc/stat,1749210562159,706970,99440
/proc/9414/stat,1749210562186,71311,4289
/proc/stat,1749210563146,707656,99530
/proc/9414/stat,1749210563150,71971,4369
/proc/stat,1749210564153,708328,99539
/proc/9414/stat,1749210564157,72638,4374
/proc/stat,1749210565142,709009,99627
/proc/9414/stat,1749210565146,73315,4456
/proc/stat,1749210566154,709785,99639
/proc/9414/stat,1749210566157,74085,4462
/proc/stat,1749210567142,710395,99661
/proc/9414/stat,1749210567145,74690,4479
/proc/stat,1749210568172,711163,99678
/proc/9414/stat,1749210568176,75470,4491
/proc/stat,1749210569066,711777,99740
/proc/9414/stat,1749210569068,76066,4548
/proc/stat,1749210570159,712508,99769
/proc/9414/stat,1749210570162,76797,4571
/proc/stat,1749210571159,713191,99844
/proc/9414/stat,1749210571163,77487,4642
/proc/stat,1749210572122,713786,99858
/proc/9414/stat,1749210572126,78067,4652
/proc/stat,1749210573145,714473,99960
/proc/9414/stat,1749210573148,78750,4748
/proc/stat,1749210574168,715274,99968
/proc/9414/stat,1749210574172,79543,4751
/proc/stat,1749210575167,715895,100014
/proc/9414/stat,1749210575171,80163,4790
/proc/stat,1749210576149,716577,100099
/proc/9414/stat,1749210576152,80841,4871
/proc/stat,1749210577112,717311,100117
/proc/9414/stat,1749210577114,81566,4884
/proc/stat,1749210578165,717977,100179
/proc/9414/stat,1749210578168,82230,4943
/proc/stat,1749210579149,718699,100231
/proc/9414/stat,1749210579153,82943,4991
/proc/stat,1749210580156,719414,100247
/proc/9414/stat,1749210580159,83654,5001
/proc/stat,1749210581159,720170,100278
/proc/9414/stat,1749210581163,84403,5026
/proc/stat,1749210582172,720960,100284
/proc/9414/stat,1749210582175,85183,5030
/proc/stat,1749210583147,721539,100325
/proc/9414/stat,1749210583151,85754,5067
/proc/stat,1749210584147,722214,100424
/proc/9414/stat,1749210584149,86418,5162
/proc/stat,1749210585097,722915,100430
/proc/9414/stat,1749210585100,87115,5163
/proc/stat,1749210586088,723614,100481
/proc/9414/stat,1749210586092,87809,5209
/proc/stat,1749210587109,724386,100509
/proc/9414/stat,1749210587113,88582,5232
/proc/stat,1749210588101,725024,100532
/proc/9414/stat,1749210588106,89218,5251
/proc/stat,1749210589141,725834,100546
/proc/9414/stat,1749210589146,90021,5261
/proc/stat,1749210590069,726514,100576
/proc/9414/stat,1749210590072,90697,5286
/proc/stat,1749210591129,727127,100617
/proc/9414/stat,1749210591132,91308,5321
/proc/stat,1749210592124,727837,100686
/proc/9414/stat,1749210592128,92009,5387
/proc/stat,1749210593135,728515,100694
/proc/9414/stat,1749210593138,92684,5389
/proc/stat,1749210594168,729211,100790
/proc/9414/stat,1749210594172,93367,5480
/proc/stat,1749210595160,729988,100794
/proc/9414/stat,1749210595164,94140,5481
/proc/stat,1749210596119,730614,100828
/proc/9414/stat,1749210596123,94766,5508
/proc/stat,1749210597140,731315,100912
/proc/9414/stat,1749210597143,95464,5587
/proc/stat,1749210598157,732080,100947
/proc/9414/stat,1749210598160,96225,5617
/proc/stat,1749210599106,732655,100999
/proc/9414/stat,1749210599110,96800,5664
/proc/stat,1749210600155,733408,101078
/proc/9414/stat,1749210600219,97585,5736
/proc/stat,1749210601064,733990,101100
/proc/9414/stat,1749210601066,98116,5752
/proc/stat,1749210602148,734708,101128
/proc/9414/stat,1749210602152,98831,5776
/proc/stat,1749210603156,735416,101209
/proc/9414/stat,1749210603160,99525,5851
/proc/stat,1749210604177,736114,101224
/proc/9414/stat,1749210604180,100209,5862
/proc/stat,1749210605160,736770,101318
/proc/9414/stat,1749210605163,100863,5952
/proc/stat,1749210606144,737544,101325
/proc/9414/stat,1749210606148,101628,5955
/proc/stat,1749210607141,738171,101352
/proc/9414/stat,1749210607144,102253,5991
/proc/stat,1749210608155,738928,101369
/proc/9414/stat,1749210608158,103011,6017
/proc/stat,1749210609060,739484,101440
/proc/9414/stat,1749210609062,103563,6094
/proc/stat,1749210610156,740186,101479
/proc/9414/stat,1749210610159,104264,6138
/proc/stat,1749210611160,740886,101554
/proc/9414/stat,1749210611162,104962,6219
/proc/stat,1749210612182,741588,101576
/proc/9414/stat,1749210612185,105661,6238
/proc/stat,1749210613151,742229,101684
/proc/9414/stat,1749210613155,106313,6326
/proc/stat,1749210614149,743001,101702
/proc/9414/stat,1749210614153,107091,6329
/proc/stat,1749210615116,743533,101740
/proc/9414/stat,1749210615120,107619,6358
/proc/stat,1749210616129,744209,101836
/proc/9414/stat,1749210616133,108294,6449
/proc/stat,1749210617091,744929,101864
/proc/9414/stat,1749210617094,109016,6470
/proc/stat,1749210618152,745538,101918
/proc/9414/stat,1749210618156,109627,6513
/proc/stat,1749210619121,746239,101985
/proc/9414/stat,1749210619124,110328,6569
/proc/stat,1749210620141,746930,102000
/proc/9414/stat,1749210620143,111021,6574
/proc/stat,1749210621150,747662,102041
/proc/9414/stat,1749210621154,111757,6604
/proc/stat,1749210622122,748400,102058
/proc/9414/stat,1749210622125,112493,6612
/proc/stat,1749210623173,749027,102147
/proc/9414/stat,1749210623176,113118,6690
/proc/stat,1749210624145,749691,102240
/proc/9414/stat,1749210624148,113778,6775
/proc/stat,1749210625139,750452,102250
/proc/9414/stat,1749210625141,114537,6778
/proc/stat,1749210626145,751049,102321
/proc/9414/stat,1749210626148,115132,6844
/proc/stat,1749210627155,751801,102366
/proc/9414/stat,1749210627159,115879,6883
/proc/stat,1749210628130,752412,102386
/proc/9414/stat,1749210628132,116488,6897
/proc/stat,1749210629127,753126,102425
/proc/9414/stat,1749210629130,117200,6929
/proc/stat,1749210630147,753842,102514
/proc/9414/stat,1749210630150,117911,7013
/proc/stat,1749210631192,754494,102536
/proc/9414/stat,1749210631195,118562,7031
/proc/stat,1749210632139,755137,102636
/proc/9414/stat,1749210632142,119201,7127
/proc/stat,1749210633151,755925,102648
/proc/9414/stat,1749210633154,119989,7132
/proc/stat,1749210634137,756560,102666
/proc/9414/stat,1749210634140,120620,7147
/proc/stat,1749210635153,757352,102678
/proc/9414/stat,1749210635154,121403,7153
/proc/stat,1749210636065,757863,102718
/proc/9414/stat,1749210636067,121911,7189
