SourceFile,Timestamp,userTime (Ticks),systemTime (Ticks)
/proc/stat,1749209471097,113286,24872
/proc/11546/stat,1749209471098,446,28
/proc/stat,1749209472016,113446,24882
/proc/11546/stat,1749209472017,605,37
/proc/stat,1749209473017,113576,24885
/proc/11546/stat,1749209473018,730,39
/proc/stat,1749209474015,113690,24889
/proc/11546/stat,1749209474016,842,42
/proc/stat,1749209475021,113937,24900
/proc/11546/stat,1749209475022,1085,52
/proc/stat,1749209476015,114111,24916
/proc/11546/stat,1749209476016,1261,67
/proc/stat,1749209477015,114230,24920
/proc/11546/stat,1749209477016,1379,69
/proc/stat,1749209478015,114354,24922
/proc/11546/stat,1749209478016,1499,71
/proc/stat,1749209479024,114481,24933
/proc/11546/stat,1749209479024,1623,79
/proc/stat,1749209480016,114665,24952
/proc/11546/stat,1749209480016,1802,97
/proc/stat,1749209481016,114782,24956
/proc/11546/stat,1749209481016,1919,100
/proc/stat,1749209482015,114903,24960
/proc/11546/stat,1749209482015,2038,103
/proc/stat,1749209483022,115037,24964
/proc/11546/stat,1749209483022,2166,106
/proc/stat,1749209484017,115226,24979
/proc/11546/stat,1749209484018,2353,120
/proc/stat,1749209485015,115338,24986
/proc/11546/stat,1749209485016,2463,125
/proc/stat,1749209486015,115465,24989
/proc/11546/stat,1749209486015,2586,127
/proc/stat,1749209487017,115588,24991
/proc/11546/stat,1749209487017,2704,129
/proc/stat,1749209488022,115786,25006
/proc/11546/stat,1749209488022,2901,143
/proc/stat,1749209489015,115905,25013
/proc/11546/stat,1749209489016,3019,149
/proc/stat,1749209490015,116024,25018
/proc/11546/stat,1749209490016,3136,153
/proc/stat,1749209491015,116137,25019
/proc/11546/stat,1749209491015,3249,153
/proc/stat,1749209492027,116329,25036
/proc/11546/stat,1749209492027,3438,168
/proc/stat,1749209493014,116458,25048
/proc/11546/stat,1749209493015,3565,179
/proc/stat,1749209494015,116581,25049
/proc/11546/stat,1749209494016,3687,180
/proc/stat,1749209495015,116692,25053
/proc/11546/stat,1749209495016,3799,182
/proc/stat,1749209496016,116870,25068
/proc/11546/stat,1749209496016,3975,196
/proc/stat,1749209497015,117008,25072
/proc/11546/stat,1749209497015,4110,200
/proc/stat,1749209498015,117122,25078
/proc/11546/stat,1749209498015,4225,204
/proc/stat,1749209499015,117241,25080
/proc/11546/stat,1749209499015,4343,204
/proc/stat,1749209500023,117414,25095
/proc/11546/stat,1749209500023,4517,218
/proc/stat,1749209501015,117556,25100
/proc/11546/stat,1749209501015,4659,223
/proc/stat,1749209502015,117675,25108
/proc/11546/stat,1749209502016,4775,231
/proc/stat,1749209503015,117788,25108
/proc/11546/stat,1749209503015,4887,231
/proc/stat,1749209504020,117962,25121
/proc/11546/stat,1749209504021,5062,242
/proc/stat,1749209505024,118103,25129
/proc/11546/stat,1749209505024,5203,249
/proc/stat,1749209506015,118220,25134
/proc/11546/stat,1749209506015,5318,253
/proc/stat,1749209507015,118335,25139
/proc/11546/stat,1749209507015,5431,257
/proc/stat,1749209508024,118505,25150
/proc/11546/stat,1749209508024,5601,268
/proc/stat,1749209509015,118657,25159
/proc/11546/stat,1749209509015,5747,275
/proc/stat,1749209510015,118778,25160
/proc/11546/stat,1749209510015,5869,277
/proc/stat,1749209511015,118896,25165
/proc/11546/stat,1749209511015,5985,280
/proc/stat,1749209512021,119060,25178
/proc/11546/stat,1749209512022,6149,292
/proc/stat,1749209513019,119236,25188
/proc/11546/stat,1749209513019,6324,301
/proc/stat,1749209514021,119351,25192
/proc/11546/stat,1749209514021,6441,305
/proc/stat,1749209515015,119464,25194
/proc/11546/stat,1749209515015,6553,306
/proc/stat,1749209516015,119605,25203
/proc/11546/stat,1749209516016,6693,314
/proc/stat,1749209517021,119802,25218
/proc/11546/stat,1749209517022,6887,326
/proc/stat,1749209518015,119917,25221
/proc/11546/stat,1749209518015,7002,329
/proc/stat,1749209519015,120037,25225
/proc/11546/stat,1749209519015,7123,332
/proc/stat,1749209520016,120147,25225
/proc/11546/stat,1749209520016,7232,332
/proc/stat,1749209521021,120344,25242
/proc/11546/stat,1749209521022,7425,348
/proc/stat,1749209522019,120467,25249
/proc/11546/stat,1749209522020,7547,355
/proc/stat,1749209523015,120586,25255
/proc/11546/stat,1749209523015,7664,360
/proc/stat,1749209524015,120701,25255
/proc/11546/stat,1749209524015,7779,360
/proc/stat,1749209525022,120887,25276
/proc/11546/stat,1749209525022,7961,379
/proc/stat,1749209526015,121021,25280
/proc/11546/stat,1749209526015,8095,381
/proc/stat,1749209527015,121138,25284
/proc/11546/stat,1749209527015,8212,385
/proc/stat,1749209528015,121254,25286
/proc/11546/stat,1749209528015,8326,386
/proc/stat,1749209529020,121432,25301
/proc/11546/stat,1749209529020,8506,400
/proc/stat,1749209530015,121574,25303
/proc/11546/stat,1749209530015,8647,401
/proc/stat,1749209531015,121694,25309
/proc/11546/stat,1749209531015,8766,407
/proc/stat,1749209532014,121811,25310
/proc/11546/stat,1749209532015,8881,407
/proc/stat,1749209533022,121984,25326
/proc/11546/stat,1749209533023,9053,421
/proc/stat,1749209534016,122139,25335
/proc/11546/stat,1749209534016,9206,428
/proc/stat,1749209535015,122259,25339
/proc/11546/stat,1749209535015,9325,432
/proc/stat,1749209536015,122376,25341
/proc/11546/stat,1749209536015,9442,433
/proc/stat,1749209537022,122533,25354
/proc/11546/stat,1749209537022,9597,444
/proc/stat,1749209538015,122685,25364
/proc/11546/stat,1749209538015,9750,454
/proc/stat,1749209539015,122808,25366
/proc/11546/stat,1749209539015,9871,455
/proc/stat,1749209540015,122923,25368
/proc/11546/stat,1749209540015,9987,456
/proc/stat,1749209541016,123080,25382
/proc/11546/stat,1749209541016,10141,470
/proc/stat,1749209542021,123247,25390
/proc/11546/stat,1749209542021,10305,476
/proc/stat,1749209543015,123361,25395
/proc/11546/stat,1749209543015,10420,480
/proc/stat,1749209544014,123474,25399
/proc/11546/stat,1749209544015,10534,483
/proc/stat,1749209545022,123627,25414
/proc/11546/stat,1749209545022,10684,496
/proc/stat,1749209546015,123790,25420
/proc/11546/stat,1749209546015,10845,502
/proc/stat,1749209547015,123911,25423
/proc/11546/stat,1749209547015,10964,506
/proc/stat,1749209548015,124024,25426
/proc/11546/stat,1749209548015,11078,508
/proc/stat,1749209549021,124170,25434
/proc/11546/stat,1749209549021,11222,514
/proc/stat,1749209550015,124340,25448
/proc/11546/stat,1749209550015,11395,526
/proc/stat,1749209551015,124460,25450
/proc/11546/stat,1749209551015,11515,528
/proc/stat,1749209552015,124575,25454
/proc/11546/stat,1749209552015,11629,530
/proc/stat,1749209553022,124704,25464
/proc/11546/stat,1749209553022,11757,538
/proc/stat,1749209554017,124897,25476
/proc/11546/stat,1749209554017,11950,549
/proc/stat,1749209555017,125004,25484
/proc/11546/stat,1749209555017,12056,556
/proc/stat,1749209556016,125124,25488
/proc/11546/stat,1749209556016,12173,559
/proc/stat,1749209557015,125239,25488
/proc/11546/stat,1749209557015,12287,559
/proc/stat,1749209558017,125425,25507
/proc/11546/stat,1749209558018,12471,578
/proc/stat,1749209559015,125566,25512
/proc/11546/stat,1749209559015,12613,582
/proc/stat,1749209560015,125684,25515
/proc/11546/stat,1749209560015,12731,584
/proc/stat,1749209561015,125802,25517
/proc/11546/stat,1749209561015,12846,585
/proc/stat,1749209562027,125956,25529
/proc/11546/stat,1749209562027,12997,595
/proc/stat,1749209563017,126135,25547
/proc/11546/stat,1749209563018,13176,612
/proc/stat,1749209564016,126252,25551
/proc/11546/stat,1749209564017,13294,615
/proc/stat,1749209565017,126366,25556
/proc/11546/stat,1749209565017,13405,618
/proc/stat,1749209566020,126485,25558
/proc/11546/stat,1749209566020,13524,619
/proc/stat,1749209567029,126647,25574
/proc/11546/stat,1749209567029,13683,632
/proc/stat,1749209568018,126828,25584
/proc/11546/stat,1749209568018,13866,641
/proc/stat,1749209569017,126939,25590
/proc/11546/stat,1749209569017,13974,647
/proc/stat,1749209570016,127060,25592
/proc/11546/stat,1749209570016,14095,647
/proc/stat,1749209571015,127174,25594
/proc/11546/stat,1749209571015,14208,649
/proc/stat,1749209572023,127338,25612
/proc/11546/stat,1749209572024,14371,666
/proc/stat,1749209573016,127517,25622
/proc/11546/stat,1749209573016,14549,674
/proc/stat,1749209574018,127638,25626
/proc/11546/stat,1749209574018,14668,677
/proc/stat,1749209575016,127759,25629
/proc/11546/stat,1749209575017,14780,680
/proc/stat,1749209576015,127886,25629
/proc/11546/stat,1749209576016,14905,680
/proc/stat,1749209577029,128054,25646
/proc/11546/stat,1749209577029,15073,695
/proc/stat,1749209578016,128222,25657
/proc/11546/stat,1749209578016,15239,705
/proc/stat,1749209579017,128346,25660
/proc/11546/stat,1749209579018,15358,707
/proc/stat,1749209580017,128457,25664
/proc/11546/stat,1749209580017,15469,711
/proc/stat,1749209581015,128572,25666
/proc/11546/stat,1749209581015,15583,712
