Timestamp,Domain,Power (Watts),DRAM Power (Watts), Energy (micro joules), DRAM Energy (micro joules)
1749209471048,package-0,14.309534,10.438206,39877169093,5128463067
1749209473008,package-0,12.507109,8.611733,39901604394,5145333995
1749209475008,package-0,14.938134,11.094149,39930418896,5166569964
1749209477008,package-0,12.551421,8.642739,39955363473,5183724400
1749209479008,package-0,15.106651,11.285005,39981896547,5202657701
1749209481008,package-0,12.675749,8.760902,40007077879,5219985171
1749209483008,package-0,15.236899,11.347139,40034357533,5239518019
1749209485008,package-0,12.761992,8.840554,40059544786,5256893036
1749209487008,package-0,14.878685,11.022067,40085616374,5275274642
1749209489008,package-0,12.531828,8.633584,40110806373,5292676697
1749209491008,package-0,14.177149,10.34763,40136162143,5310372025
1749209493008,package-0,12.59091,8.666726,40162155729,5328547760
1749209495008,package-0,14.633202,10.778293,40188506980,5347188398
1749209497008,package-0,12.428374,8.532998,40213914813,5364810423
1749209499008,package-0,13.432034,9.620947,40239526442,5382687025
1749209501008,package-0,12.42697,8.544351,40265806770,5401169156
1749209503008,package-0,13.907618,10.061558,40291942689,5419532695
1749209505008,package-0,12.551787,8.62571,40317954586,5437703364
1749209507008,package-0,13.474148,9.626806,40343530570,5455550364
1749209509008,package-0,12.582671,8.653725,40369473497,5473704981
1749209511008,package-0,12.579375,8.777443,40394687849,5491192363
1749209513008,package-0,12.490935,8.559548,40421342077,5510054131
1749209515008,package-0,11.460298,7.672527,40445350988,5526362073
1749209517008,package-0,12.385833,8.493142,40472066984,5545354883
1749209519008,package-0,10.447972,6.692244,40495196686,5560798508
1749209521008,package-0,12.809294,8.917701,40523241719,5580958368
1749209523008,package-0,11.696137,7.826762,40547460407,5597416578
1749209525008,package-0,13.123135,9.16825,40575092477,5617271691
1749209527008,package-0,11.957794,8.070292,40599652412,5634002422
1749209529008,package-0,13.430141,9.483007,40627307675,5653914419
1749209531008,package-0,12.201812,8.267801,40651939143,5670739389
1749209533008,package-0,13.834681,9.920874,40679106432,5690165792
1749209535008,package-0,12.612944,8.693826,40704292403,5707514014
1749209537008,package-0,13.966029,10.072057,40731238745,5726754809
1749209539007,package-0,12.621488,8.691934,40756309176,5743990361
1749209541008,package-0,14.465478,10.543736,40783794457,5763749588
1749209543008,package-0,12.596587,8.673562,40808958822,5781077180
1749209545008,package-0,14.290796,10.365574,40835592665,5800038130
1749209547008,package-0,12.604887,8.690895,40860649546,5817285583
1749209549008,package-0,14.689843,10.828036,40886192206,5835265090
1749209551008,package-0,12.688383,8.747476,40911410769,5852628755
1749209553008,package-0,12.878691,9.081825,40935791017,5869422657
1749209555008,package-0,11.529451,7.649394,40958422795,5884329479
1749209557008,package-0,12.149078,8.391275,40981531256,5899818026
1749209559008,package-0,11.470552,7.599773,41004229074,5914822321
1749209561007,package-0,10.148533,6.442061,41025784072,5928783772
1749209563008,package-0,9.45127,5.647813,41044280912,5939823966
1749209565008,package-0,9.389807,5.574814,41063056865,5951025658
1749209567008,package-0,9.133094,5.433824,41082030510,5962649652
1749209569008,package-0,9.514013,5.743333,41100982793,5974069484
1749209571008,package-0,9.921544,6.267135,41120206621,5985851863
1749209573008,package-0,9.634252,5.832321,41138867950,5997052945
1749209575008,package-0,9.383155,5.603135,41157697492,6008335875
1749209577008,package-0,9.050392,5.362657,41176449763,6019710480
1749209579008,package-0,9.373328,5.589342,41195528328,6031203188
