SourceFile,Timestamp,userTime (Ticks),systemTime (Ticks)
/proc/stat,1749219644252,664312,75853
/proc/20427/stat,1749219644257,600,36
/proc/stat,1749219645061,664618,75866
/proc/20427/stat,1749219645062,903,47
/proc/stat,1749219646045,664918,75892
/proc/20427/stat,1749219646046,1200,71
/proc/stat,1749219647053,665155,75914
/proc/20427/stat,1749219647054,1436,90
/proc/stat,1749219648039,665430,75941
/proc/20427/stat,1749219648040,1707,115
/proc/stat,1749219649048,665715,75959
/proc/20427/stat,1749219649049,1989,131
/proc/stat,1749219650042,665950,75984
/proc/20427/stat,1749219650043,2225,154
/proc/stat,1749219651045,666154,76005
/proc/20427/stat,1749219651046,2432,173
/proc/stat,1749219652039,666388,76030
/proc/20427/stat,1749219652040,2663,196
/proc/stat,1749219653040,666593,76050
/proc/20427/stat,1749219653040,2868,215
/proc/stat,1749219654038,666787,76078
/proc/20427/stat,1749219654039,3061,242
/proc/stat,1749219655042,666980,76105
/proc/20427/stat,1749219655042,3257,267
/proc/stat,1749219656041,667171,76130
/proc/20427/stat,1749219656042,3454,290
/proc/stat,1749219657040,667379,76152
/proc/20427/stat,1749219657041,3663,312
/proc/stat,1749219658041,667587,76177
/proc/20427/stat,1749219658042,3864,333
/proc/stat,1749219659040,667786,76203
/proc/20427/stat,1749219659041,4059,357
/proc/stat,1749219660044,667981,76227
/proc/20427/stat,1749219660044,4259,377
/proc/stat,1749219661041,668192,76248
/proc/20427/stat,1749219661042,4470,398
/proc/stat,1749219662041,668392,76270
/proc/20427/stat,1749219662042,4674,417
/proc/stat,1749219663040,668614,76292
/proc/20427/stat,1749219663040,4896,439
/proc/stat,1749219664039,668812,76321
/proc/20427/stat,1749219664040,5097,465
/proc/stat,1749219665041,669004,76346
/proc/20427/stat,1749219665042,5293,488
/proc/stat,1749219666041,669204,76372
/proc/20427/stat,1749219666042,5488,512
/proc/stat,1749219667043,669409,76388
/proc/20427/stat,1749219667043,5692,526
/proc/stat,1749219668042,669602,76412
/proc/20427/stat,1749219668042,5889,548
/proc/stat,1749219669042,669799,76432
/proc/20427/stat,1749219669042,6088,567
/proc/stat,1749219670039,669995,76456
/proc/20427/stat,1749219670040,6290,588
/proc/stat,1749219671040,670195,76476
/proc/20427/stat,1749219671042,6491,607
/proc/stat,1749219672040,670391,76504
/proc/20427/stat,1749219672040,6684,632
/proc/stat,1749219673041,670588,76528
/proc/20427/stat,1749219673042,6881,654
/proc/stat,1749219674040,670781,76550
/proc/20427/stat,1749219674041,7080,675
/proc/stat,1749219675042,670978,76576
/proc/20427/stat,1749219675042,7277,697
/proc/stat,1749219676041,671171,76598
/proc/20427/stat,1749219676042,7475,719
/proc/stat,1749219677041,671371,76624
/proc/20427/stat,1749219677042,7671,742
/proc/stat,1749219678041,671566,76643
/proc/20427/stat,1749219678041,7873,759
/proc/stat,1749219679040,671766,76665
/proc/20427/stat,1749219679041,8073,779
/proc/stat,1749219680039,671964,76684
/proc/20427/stat,1749219680040,8274,797
/proc/stat,1749219681042,672162,76706
/proc/20427/stat,1749219681043,8473,817
/proc/stat,1749219682041,672364,76728
/proc/20427/stat,1749219682042,8671,837
/proc/stat,1749219683041,672566,76746
/proc/20427/stat,1749219683041,8878,853
/proc/stat,1749219684040,672765,76768
/proc/20427/stat,1749219684041,9080,874
/proc/stat,1749219685039,672970,76787
/proc/20427/stat,1749219685039,9282,892
/proc/stat,1749219686042,673168,76809
/proc/20427/stat,1749219686042,9485,912
/proc/stat,1749219687041,673367,76831
/proc/20427/stat,1749219687042,9685,933
/proc/stat,1749219688040,673566,76854
/proc/20427/stat,1749219688040,9883,954
/proc/stat,1749219689040,673770,76870
/proc/20427/stat,1749219689040,10089,968
/proc/stat,1749219690041,673966,76892
/proc/20427/stat,1749219690042,10288,989
/proc/stat,1749219691039,674165,76914
/proc/20427/stat,1749219691040,10489,1010
/proc/stat,1749219692040,674366,76931
/proc/20427/stat,1749219692040,10693,1024
/proc/stat,1749219693041,674570,76947
/proc/20427/stat,1749219693042,10900,1037
/proc/stat,1749219694040,674771,76969
/proc/20427/stat,1749219694041,11102,1057
/proc/stat,1749219695041,674967,76996
/proc/20427/stat,1749219695041,11297,1080
/proc/stat,1749219696042,675164,77020
/proc/20427/stat,1749219696042,11494,1102
/proc/stat,1749219697039,675361,77042
/proc/20427/stat,1749219697040,11693,1123
/proc/stat,1749219698043,675559,77063
/proc/20427/stat,1749219698044,11895,1142
/proc/stat,1749219699040,675752,77086
/proc/20427/stat,1749219699040,12091,1164
/proc/stat,1749219700039,675947,77105
/proc/20427/stat,1749219700039,12293,1182
/proc/stat,1749219701041,676150,77121
/proc/20427/stat,1749219701041,12498,1197
/proc/stat,1749219702039,676344,77142
/proc/20427/stat,1749219702040,12699,1216
/proc/stat,1749219703041,676543,77164
/proc/20427/stat,1749219703041,12898,1235
/proc/stat,1749219704043,676733,77189
/proc/20427/stat,1749219704043,13095,1259
/proc/stat,1749219705041,676931,77214
/proc/20427/stat,1749219705042,13292,1282
/proc/stat,1749219706043,677127,77237
/proc/20427/stat,1749219706043,13492,1303
/proc/stat,1749219707042,677322,77261
/proc/20427/stat,1749219707043,13689,1325
/proc/stat,1749219708039,677518,77278
/proc/20427/stat,1749219708040,13893,1341
/proc/stat,1749219709041,677721,77299
/proc/20427/stat,1749219709042,14095,1359
/proc/stat,1749219710038,677914,77322
/proc/20427/stat,1749219710039,14292,1380
/proc/stat,1749219711040,678112,77345
/proc/20427/stat,1749219711041,14491,1402
/proc/stat,1749219712043,678308,77368
/proc/20427/stat,1749219712044,14689,1423
/proc/stat,1749219713041,678504,77389
/proc/20427/stat,1749219713041,14889,1442
/proc/stat,1749219714041,678702,77407
/proc/20427/stat,1749219714042,15092,1459
/proc/stat,1749219715041,678896,77433
/proc/20427/stat,1749219715041,15287,1484
/proc/stat,1749219716043,679090,77458
/proc/20427/stat,1749219716044,15483,1507
/proc/stat,1749219717040,679283,77484
/proc/20427/stat,1749219717041,15680,1531
/proc/stat,1749219718040,679475,77511
/proc/20427/stat,1749219718041,15874,1556
/proc/stat,1749219719041,679678,77531
/proc/20427/stat,1749219719042,16077,1574
/proc/stat,1749219720041,679874,77558
/proc/20427/stat,1749219720041,16272,1599
/proc/stat,1749219721040,680070,77579
/proc/20427/stat,1749219721040,16470,1620
/proc/stat,1749219722042,680270,77600
/proc/20427/stat,1749219722042,16671,1639
/proc/stat,1749219723042,680472,77620
/proc/20427/stat,1749219723042,16874,1657
/proc/stat,1749219724038,680666,77640
/proc/20427/stat,1749219724039,17072,1676
/proc/stat,1749219725041,680868,77660
/proc/20427/stat,1749219725042,17274,1694
/proc/stat,1749219726040,681064,77681
/proc/20427/stat,1749219726041,17474,1714
/proc/stat,1749219727040,681266,77698
/proc/20427/stat,1749219727041,17679,1729
/proc/stat,1749219728042,681463,77718
/proc/20427/stat,1749219728043,17880,1748
/proc/stat,1749219729040,681661,77744
/proc/20427/stat,1749219729040,18074,1773
/proc/stat,1749219730040,681857,77764
/proc/20427/stat,1749219730041,18274,1794
/proc/stat,1749219731040,682053,77787
/proc/20427/stat,1749219731040,18472,1814
/proc/stat,1749219732040,682253,77805
/proc/20427/stat,1749219732041,18674,1831
/proc/stat,1749219733041,682444,77834
/proc/20427/stat,1749219733042,18869,1856
/proc/stat,1749219734038,682640,77856
/proc/20427/stat,1749219734039,19067,1877
/proc/stat,1749219735041,682840,77881
/proc/20427/stat,1749219735042,19266,1900
/proc/stat,1749219736041,683035,77903
/proc/20427/stat,1749219736042,19464,1920
/proc/stat,1749219737040,683228,77932
/proc/20427/stat,1749219737041,19656,1948
/proc/stat,1749219738039,683422,77956
/proc/20427/stat,1749219738040,19854,1970
/proc/stat,1749219739038,683617,77979
/proc/20427/stat,1749219739038,20052,1993
/proc/stat,1749219740041,683816,77998
/proc/20427/stat,1749219740041,20255,2010
/proc/stat,1749219741040,684009,78018
/proc/20427/stat,1749219741040,20456,2029
/proc/stat,1749219742038,684208,78045
/proc/20427/stat,1749219742038,20652,2053
/proc/stat,1749219743041,684406,78064
/proc/20427/stat,1749219743042,20855,2069
/proc/stat,1749219744039,684603,78082
/proc/20427/stat,1749219744039,21057,2087
/proc/stat,1749219745041,684805,78101
/proc/20427/stat,1749219745041,21261,2104
/proc/stat,1749219746039,685009,78117
/proc/20427/stat,1749219746039,21465,2119
/proc/stat,1749219747041,685207,78134
/proc/20427/stat,1749219747041,21667,2136
/proc/stat,1749219748040,685403,78154
/proc/20427/stat,1749219748040,21867,2155
/proc/stat,1749219749041,685602,78173
/proc/20427/stat,1749219749041,22070,2172
/proc/stat,1749219750042,685800,78197
/proc/20427/stat,1749219750042,22270,2194
/proc/stat,1749219751040,685993,78225
/proc/20427/stat,1749219751040,22462,2220
/proc/stat,1749219752039,686189,78247
/proc/20427/stat,1749219752040,22662,2240
/proc/stat,1749219753039,686388,78269
/proc/20427/stat,1749219753040,22862,2260
/proc/stat,1749219754039,686582,78296
/proc/20427/stat,1749219754040,23058,2285
/proc/stat,1749219755040,686779,78320
/proc/20427/stat,1749219755040,23256,2308
/proc/stat,1749219756043,686978,78346
/proc/20427/stat,1749219756043,23453,2331
/proc/stat,1749219757040,687176,78364
/proc/20427/stat,1749219757040,23657,2347
/proc/stat,1749219758041,687374,78388
/proc/20427/stat,1749219758041,23854,2370
/proc/stat,1749219759039,687574,78412
/proc/20427/stat,1749219759039,24050,2393
/proc/stat,1749219760041,687775,78434
/proc/20427/stat,1749219760042,24250,2413
/proc/stat,1749219761040,687974,78454
/proc/20427/stat,1749219761040,24452,2432
/proc/stat,1749219762040,688167,78479
/proc/20427/stat,1749219762041,24647,2456
/proc/stat,1749219763042,688366,78502
/proc/20427/stat,1749219763042,24845,2477
/proc/stat,1749219764041,688568,78524
/proc/20427/stat,1749219764041,25050,2498
/proc/stat,1749219765043,688768,78542
/proc/20427/stat,1749219765043,25252,2514
/proc/stat,1749219766041,688959,78570
/proc/20427/stat,1749219766041,25445,2540
/proc/stat,1749219767041,689156,78594
/proc/20427/stat,1749219767041,25641,2563
/proc/stat,1749219768041,689353,78616
/proc/20427/stat,1749219768042,25841,2583
/proc/stat,1749219769041,689550,78636
/proc/20427/stat,1749219769042,26042,2602
/proc/stat,1749219770040,689746,78657
/proc/20427/stat,1749219770040,26242,2621
/proc/stat,1749219771042,689946,78678
/proc/20427/stat,1749219771043,26443,2639
/proc/stat,1749219772043,690148,78698
/proc/20427/stat,1749219772043,26645,2657
/proc/stat,1749219773038,690351,78721
/proc/20427/stat,1749219773038,26842,2678
/proc/stat,1749219774040,690546,78741
/proc/20427/stat,1749219774040,27043,2697
/proc/stat,1749219775040,690758,78760
/proc/20427/stat,1749219775040,27247,2713
/proc/stat,1749219776040,690959,78784
/proc/20427/stat,1749219776040,27445,2736
/proc/stat,1749219777042,691156,78806
/proc/20427/stat,1749219777042,27642,2757
/proc/stat,1749219778042,691350,78830
/proc/20427/stat,1749219778042,27839,2780
/proc/stat,1749219779041,691550,78847
/proc/20427/stat,1749219779042,28043,2796
/proc/stat,1749219780040,691746,78873
/proc/20427/stat,1749219780040,28236,2821
/proc/stat,1749219781039,691937,78898
/proc/20427/stat,1749219781040,28432,2844
/proc/stat,1749219782042,692138,78922
/proc/20427/stat,1749219782042,28631,2865
/proc/stat,1749219783040,692332,78946
/proc/20427/stat,1749219783041,28827,2888
/proc/stat,1749219784040,692525,78974
/proc/20427/stat,1749219784040,29021,2914
/proc/stat,1749219785039,692722,78998
/proc/20427/stat,1749219785039,29217,2936
/proc/stat,1749219786040,692921,79017
/proc/20427/stat,1749219786040,29420,2952
/proc/stat,1749219787041,693123,79039
/proc/20427/stat,1749219787042,29621,2971
/proc/stat,1749219788042,693320,79064
/proc/20427/stat,1749219788043,29817,2995
/proc/stat,1749219789039,693514,79086
/proc/20427/stat,1749219789040,30013,3017
/proc/stat,1749219790040,693711,79112
/proc/20427/stat,1749219790040,30210,3040
/proc/stat,1749219791039,693910,79133
/proc/20427/stat,1749219791040,30411,3060
/proc/stat,1749219792041,694105,79157
/proc/20427/stat,1749219792041,30606,3084
/proc/stat,1749219793042,694305,79180
/proc/20427/stat,1749219793043,30804,3105
/proc/stat,1749219794037,694503,79199
/proc/20427/stat,1749219794038,31004,3123
/proc/stat,1749219795041,694701,79223
/proc/20427/stat,1749219795041,31203,3145
/proc/stat,1749219796040,694898,79241
/proc/20427/stat,1749219796040,31405,3162
/proc/stat,1749219797039,695096,79265
/proc/20427/stat,1749219797039,31602,3184
/proc/stat,1749219798039,695297,79279
/proc/20427/stat,1749219798039,31809,3197
/proc/stat,1749219799040,695492,79306
/proc/20427/stat,1749219799040,32003,3222
/proc/stat,1749219800039,695687,79330
/proc/20427/stat,1749219800039,32199,3244
/proc/stat,1749219801040,695882,79350
/proc/20427/stat,1749219801041,32400,3263
/proc/stat,1749219802039,696076,79370
/proc/20427/stat,1749219802039,32601,3281
/proc/stat,1749219803041,696270,79393
/proc/20427/stat,1749219803042,32798,3303
/proc/stat,1749219804040,696469,79415
/proc/20427/stat,1749219804040,32996,3323
/proc/stat,1749219805041,696668,79436
/proc/20427/stat,1749219805041,33197,3342
/proc/stat,1749219806040,696868,79456
/proc/20427/stat,1749219806040,33399,3361
/proc/stat,1749219807040,697059,79481
/proc/20427/stat,1749219807040,33593,3385
/proc/stat,1749219808041,697260,79504
/proc/20427/stat,1749219808042,33793,3406
/proc/stat,1749219809041,697462,79521
/proc/20427/stat,1749219809041,33996,3421
/proc/stat,1749219810041,697657,79549
/proc/20427/stat,1749219810041,34190,3447
/proc/stat,1749219811041,697854,79573
/proc/20427/stat,1749219811041,34387,3469
/proc/stat,1749219812042,698054,79592
/proc/20427/stat,1749219812042,34589,3486
/proc/stat,1749219813038,698248,79612
/proc/20427/stat,1749219813038,34788,3506
/proc/stat,1749219814040,698444,79636
/proc/20427/stat,1749219814040,34987,3527
/proc/stat,1749219815043,698644,79658
/proc/20427/stat,1749219815043,35188,3547
/proc/stat,1749219816040,698840,79678
/proc/20427/stat,1749219816040,35387,3566
/proc/stat,1749219817038,699042,79699
/proc/20427/stat,1749219817038,35585,3587
/proc/stat,1749219818039,699231,79726
/proc/20427/stat,1749219818039,35779,3612
/proc/stat,1749219819041,699430,79743
/proc/20427/stat,1749219819041,35982,3628
/proc/stat,1749219820040,699626,79764
/proc/20427/stat,1749219820041,36181,3649
/proc/stat,1749219821041,699825,79787
/proc/20427/stat,1749219821041,36380,3670
/proc/stat,1749219822039,700018,79813
/proc/20427/stat,1749219822039,36574,3694
/proc/stat,1749219823040,700212,79836
/proc/20427/stat,1749219823040,36772,3715
/proc/stat,1749219824041,700411,79856
/proc/20427/stat,1749219824041,36973,3735
/proc/stat,1749219825041,700608,79877
/proc/20427/stat,1749219825041,37175,3753
/proc/stat,1749219826041,700804,79902
/proc/20427/stat,1749219826042,37372,3775
/proc/stat,1749219827039,701002,79918
/proc/20427/stat,1749219827039,37575,3791
/proc/stat,1749219828041,701199,79941
/proc/20427/stat,1749219828041,37774,3812
/proc/stat,1749219829042,701390,79968
/proc/20427/stat,1749219829042,37969,3837
/proc/stat,1749219830042,701588,79987
/proc/20427/stat,1749219830043,38172,3854
/proc/stat,1749219831040,701782,80010
/proc/20427/stat,1749219831040,38369,3875
/proc/stat,1749219832042,701979,80030
/proc/20427/stat,1749219832043,38570,3894
/proc/stat,1749219833040,702174,80054
/proc/20427/stat,1749219833041,38765,3918
/proc/stat,1749219834040,702374,80074
/proc/20427/stat,1749219834040,38965,3936
/proc/stat,1749219835046,702576,80091
/proc/20427/stat,1749219835046,39171,3951
/proc/stat,1749219836040,702773,80108
/proc/20427/stat,1749219836041,39374,3967
/proc/stat,1749219837040,702971,80132
/proc/20427/stat,1749219837040,39571,3988
/proc/stat,1749219838040,703168,80151
/proc/20427/stat,1749219838040,39771,4008
/proc/stat,1749219839039,703362,80172
/proc/20427/stat,1749219839039,39971,4027
/proc/stat,1749219840042,703560,80194
/proc/20427/stat,1749219840042,40172,4047
/proc/stat,1749219841042,703753,80215
/proc/20427/stat,1749219841042,40370,4067
/proc/stat,1749219842040,703948,80240
/proc/20427/stat,1749219842040,40567,4089
/proc/stat,1749219843076,704164,80262
/proc/20427/stat,1749219843077,40777,4106
/proc/stat,1749219844070,704366,80286
/proc/20427/stat,1749219844071,40978,4126
/proc/stat,1749219845072,704582,80320
/proc/20427/stat,1749219845072,41188,4154
/proc/stat,1749219846072,704782,80350
/proc/20427/stat,1749219846073,41383,4180
/proc/stat,1749219847070,704979,80382
/proc/20427/stat,1749219847070,41576,4207
/proc/stat,1749219848075,705179,80402
/proc/20427/stat,1749219848076,41781,4225
/proc/stat,1749219849072,705382,80423
/proc/20427/stat,1749219849073,41987,4241
/proc/stat,1749219850073,705583,80451
/proc/20427/stat,1749219850074,42185,4265
/proc/stat,1749219851070,705776,80476
/proc/20427/stat,1749219851071,42385,4286
/proc/stat,1749219852071,705977,80501
/proc/20427/stat,1749219852072,42585,4308
/proc/stat,1749219853072,706172,80539
/proc/20427/stat,1749219853073,42774,4344
/proc/stat,1749219854073,706366,80570
/proc/20427/stat,1749219854074,42967,4371
/proc/stat,1749219855073,706565,80600
/proc/20427/stat,1749219855074,43161,4399
/proc/stat,1749219856072,706758,80630
/proc/20427/stat,1749219856073,43358,4425
/proc/stat,1749219857072,706955,80659
/proc/20427/stat,1749219857073,43554,4451
/proc/stat,1749219858071,707158,80685
/proc/20427/stat,1749219858072,43755,4472
/proc/stat,1749219859070,707360,80707
/proc/20427/stat,1749219859070,43961,4489
/proc/stat,1749219860071,707560,80734
/proc/20427/stat,1749219860072,44161,4513
/proc/stat,1749219861071,707772,80767
/proc/20427/stat,1749219861071,44372,4540
/proc/stat,1749219862069,707970,80795
/proc/20427/stat,1749219862070,44568,4565
/proc/stat,1749219863073,708168,80825
/proc/20427/stat,1749219863073,44764,4591
/proc/stat,1749219864071,708367,80845
/proc/20427/stat,1749219864072,44969,4607
/proc/stat,1749219865072,708566,80869
/proc/20427/stat,1749219865073,45170,4628
/proc/stat,1749219866068,708768,80892
/proc/20427/stat,1749219866070,45372,4647
/proc/stat,1749219867039,708961,80914
/proc/20427/stat,1749219867040,45567,4668
/proc/stat,1749219868038,709159,80937
/proc/20427/stat,1749219868038,45766,4689
/proc/stat,1749219869039,709356,80959
/proc/20427/stat,1749219869039,45964,4711
/proc/stat,1749219870040,709556,80979
/proc/20427/stat,1749219870041,46165,4729
/proc/stat,1749219871041,709754,81002
/proc/20427/stat,1749219871041,46364,4750
/proc/stat,1749219872041,709950,81024
/proc/20427/stat,1749219872041,46561,4772
/proc/stat,1749219873040,710142,81048
/proc/20427/stat,1749219873040,46758,4793
/proc/stat,1749219874039,710343,81067
/proc/20427/stat,1749219874039,46960,4810
/proc/stat,1749219875041,710543,81090
/proc/20427/stat,1749219875042,47161,4831
/proc/stat,1749219876038,710732,81113
/proc/20427/stat,1749219876038,47357,4853
/proc/stat,1749219877040,710929,81133
/proc/20427/stat,1749219877040,47557,4873
/proc/stat,1749219878040,711121,81158
/proc/20427/stat,1749219878040,47752,4897
/proc/stat,1749219879040,711316,81180
/proc/20427/stat,1749219879040,47950,4919
/proc/stat,1749219880040,711514,81202
/proc/20427/stat,1749219880040,48148,4939
/proc/stat,1749219881040,711712,81224
/proc/20427/stat,1749219881040,48347,4959
/proc/stat,1749219882039,711907,81247
/proc/20427/stat,1749219882040,48544,4981
/proc/stat,1749219883039,712102,81272
/proc/20427/stat,1749219883040,48741,5003
/proc/stat,1749219884040,712297,81294
/proc/20427/stat,1749219884041,48940,5024
/proc/stat,1749219885039,712491,81320
/proc/20427/stat,1749219885040,49136,5047
/proc/stat,1749219886040,712693,81336
/proc/20427/stat,1749219886040,49341,5062
/proc/stat,1749219887039,712893,81358
/proc/20427/stat,1749219887039,49541,5082
/proc/stat,1749219888042,713084,81384
/proc/20427/stat,1749219888042,49734,5108
/proc/stat,1749219889041,713284,81401
/proc/20427/stat,1749219889041,49938,5123
/proc/stat,1749219890039,713478,81419
/proc/20427/stat,1749219890039,50134,5140
/proc/stat,1749219891040,713671,81438
/proc/20427/stat,1749219891041,50333,5158
/proc/stat,1749219892039,713866,81460
/proc/20427/stat,1749219892039,50531,5179
/proc/stat,1749219893038,714062,81481
/proc/20427/stat,1749219893039,50732,5197
/proc/stat,1749219894025,714194,81498
