Timestamp,Domain,Power (Watts),DRAM Power (Watts), Energy (micro joules), DRAM Energy (micro joules)
1749219644191,package-0,8.410623,4.972461,61123643144,16972604438
1749219646002,package-0,7.384686,4.101735,61137293561,16980299120
1749219648002,package-0,7.637554,4.319324,61152828372,16989156702
1749219650002,package-0,7.106305,3.82665,61167313259,16997081975
1749219652002,package-0,7.761577,3.936513,61182620288,17005241622
1749219654002,package-0,7.180462,3.894277,61197300243,17013034571
1749219656002,package-0,7.218915,3.948476,61211660192,17020835332
1749219658002,package-0,7.175946,3.887624,61226008483,17028605942
1749219660002,package-0,7.274945,3.899465,61240404381,17036352199
1749219662002,package-0,7.387432,4.069203,61254875047,17044225897
1749219664002,package-0,7.054669,3.795705,61269150889,17051938585
1749219666002,package-0,7.028547,3.763052,61283327611,17059573514
1749219668002,package-0,7.081708,3.808951,61297496703,17067191110
1749219670002,package-0,7.151531,3.85784,61311800682,17074928639
1749219672002,package-0,7.085492,3.800283,61325967272,17082537628
1749219674002,package-0,7.089886,3.815114,61340132641,17090162486
1749219676002,package-0,7.087262,3.81774,61354243262,17097753776
1749219678002,package-0,7.149701,3.855703,61368509400,17105432894
1749219680002,package-0,7.082624,3.804555,61382681971,17113050611
1749219682002,package-0,7.160382,3.868154,61396973194,17120759210
1749219684002,package-0,7.140607,3.861868,61411265211,17128503697
1749219686002,package-0,7.128461,3.835744,61425551246,17136213943
1749219688002,package-0,7.17265,3.880544,61439799500,17143886836
1749219690002,package-0,7.172223,3.884756,61454100672,17151604407
1749219692002,package-0,7.150739,3.845754,61468296498,17159224382
1749219694002,package-0,7.599834,3.77471,61483053967,17166853086
1749219696002,package-0,7.121381,3.828054,61497609838,17174508767
1749219698002,package-0,7.104474,3.828482,61511812988,17182151204
1749219700002,package-0,7.14964,3.854665,61526035608,17189807556
1749219702002,package-0,7.058515,3.788748,61540178760,17197396709
1749219704002,package-0,7.089704,3.795706,61554336561,17204983848
1749219706002,package-0,7.05943,3.795706,61568489112,17212598025
1749219708002,package-0,7.090314,3.807424,61582669984,17220222517
1749219710002,package-0,7.074506,3.799856,61596788417,17227803736
1749219712002,package-0,7.087872,3.809804,61610967885,17235431035
1749219714002,package-0,7.087995,3.818533,61625112564,17243032823
1749219716002,package-0,7.141217,3.857168,61639332681,17250690640
1749219718002,package-0,7.102459,3.810293,61653507632,17258312508
1749219720002,package-0,7.221722,3.838796,61667847378,17265981860
1749219722002,package-0,7.137494,3.851308,61682054801,17273633696
1749219724002,package-0,7.106489,3.833731,61696237565,17281263438
1749219726002,package-0,7.108991,3.828481,61710415080,17288888357
1749219728002,package-0,7.164655,3.875356,61724715397,17296613923
1749219730002,package-0,7.1284,3.850759,61738907316,17304258740
1749219732002,package-0,7.0612,3.809621,61753045769,17311879570
1749219734002,package-0,7.145612,3.849966,61767307512,17319558811
1749219736002,package-0,7.667766,3.82726,61782012736,17327163161
1749219738002,package-0,7.11076,3.828725,61796536685,17334817072
1749219740002,package-0,7.124189,3.837392,61810753263,17342465002
1749219742003,package-0,7.079388,3.803579,61824947745,17350091997
1749219744002,package-0,7.147931,3.85491,61839167802,17357742246
1749219746002,package-0,7.075421,3.805288,61853383097,17365391213
1749219748002,package-0,7.117658,3.816823,61867610051,17373035236
1749219750002,package-0,7.080365,3.806387,61881854582,17380705078
1749219752002,package-0,7.111554,3.821402,61896033684,17388320659
1749219754002,package-0,7.107648,3.818716,61910228167,17395956870
1749219756002,package-0,7.107648,3.826894,61924424053,17403585634
1749219758002,package-0,7.056744,3.797903,61938572149,17411200666
1749219760002,package-0,7.111493,3.83013,61952756195,17418826074
1749219762002,package-0,7.041242,3.779471,61966841181,17426385747
1749219764002,package-0,7.01756,3.746573,61980919087,17433920640
1749219766002,package-0,7.025311,3.759024,61994971785,17441449551
1749219768002,package-0,7.021649,3.751394,62009042794,17448979866
1749219770002,package-0,7.099103,3.818899,62023244784,17456619556
1749219772003,package-0,7.066144,3.774526,62037416134,17464203765
1749219774002,package-0,7.23399,3.935415,62051698996,17471930674
1749219776002,package-0,7.060223,3.784475,62065929733,17479585195
1749219778002,package-0,7.71519,3.818838,62080687935,17487178682
1749219780002,package-0,7.223492,3.8225,62095236726,17494763074
1749219782002,package-0,7.122663,3.8225,62109416683,17502374322
1749219784002,package-0,7.067914,3.782034,62123545064,17509927525
1749219786002,package-0,7.125837,3.818045,62137738937,17517544388
1749219788002,package-0,7.051801,3.778066,62151883249,17525131099
1749219790002,package-0,7.093854,3.810354,62166046115,17532730323
1749219792002,package-0,7.097027,3.79595,62180159421,17540268817
1749219794002,package-0,7.069257,3.781851,62194326866,17547861022
1749219796002,package-0,7.083905,3.79302,62208450914,17555414469
1749219798002,package-0,7.07243,3.781485,62222616649,17563000876
1749219800002,package-0,7.131085,3.825857,62236766637,17570571108
1749219802002,package-0,7.003888,3.736135,62250815185,17578079511
1749219804002,package-0,7.099042,3.806753,62264913172,17585619226
1749219806002,package-0,7.027753,3.757864,62279035328,17593178044
1749219808002,package-0,7.076764,3.792044,62293209547,17600787217
1749219810002,package-0,7.013105,3.734488,62307315407,17608322598
1749219812002,package-0,7.103497,3.814016,62321483095,17615921516
1749219814002,package-0,7.134503,3.837087,62335708095,17623564990
1749219816002,package-0,7.052777,3.778982,62349829885,17631138579
1749219818002,package-0,7.021161,3.753286,62363852066,17638624278
1749219820002,package-0,7.71873,3.810721,62378631325,17646209159
1749219822002,package-0,7.034222,3.758108,62392958681,17653728671
1749219824002,package-0,7.09129,3.79656,62407122585,17661313063
1749219826002,package-0,7.054974,3.784964,62421191824,17668853327
1749219828002,package-0,7.040082,3.769704,62435315995,17676417821
1749219830002,package-0,7.05058,3.767385,62449441081,17683986039
1749219832002,package-0,7.037641,3.756277,62463573613,17691550839
1749219834002,package-0,7.107647,3.81658,62477715605,17699116738
1749219836002,package-0,7.030682,3.758535,62491856194,17706685627
1749219838002,package-0,7.069928,3.779348,62505995440,17714256653
1749219840002,package-0,7.151593,3.76,62520262921,17721839153
1749219842002,package-0,5.16765,2.155513,62532485668,17727779690
1749219844003,package-0,4.464954,1.550961,62541322010,17730813984
1749219846002,package-0,4.36797,1.486324,62550014798,17733761852
1749219848002,package-0,4.377369,1.49493,62558750920,17736740604
1749219850002,package-0,4.349904,1.479671,62567444197,17739687984
1749219852003,package-0,4.331227,1.466732,62576140830,17742641041
1749219854003,package-0,4.38982,1.500423,62584832885,17745595745
1749219856003,package-0,4.364674,1.491391,62593550087,17748573582
1749219858002,package-0,4.36327,1.485348,62602282669,17751555569
1749219860003,package-0,4.370167,1.49963,62610997247,17754536213
1749219862002,package-0,4.969042,1.474911,62620278595,17757467419
1749219864003,package-0,4.330677,1.460811,62629224983,17760405094
1749219866003,package-0,5.825302,2.728996,62639397076,17764609856
1749219868002,package-0,7.123089,3.836294,62653581793,17772240818
1749219870002,package-0,7.087018,3.802054,62667699250,17779802567
1749219872002,package-0,7.065473,3.778799,62681826106,17787362545
1749219874002,package-0,7.143598,3.841299,62696066060,17795005470
1749219876002,package-0,7.074384,3.797048,62710222518,17802609393
1749219878002,package-0,7.113019,3.805044,62724443673,17810242125
1749219880002,package-0,7.084943,3.796865,62738540377,17817784220
1749219882002,package-0,7.082501,3.796194,62752695492,17825354025
1749219884002,package-0,7.106672,3.809927,62766880393,17832957521
1749219886002,package-0,7.122052,3.82311,62781079575,17840577191
1749219888002,package-0,7.08299,3.792227,62795131419,17848080224
1749219890002,package-0,7.026167,3.746877,62809128820,17855514897
1749219892002,package-0,7.102399,3.810721,62823282714,17863087571
