SourceFile,Timestamp,userTime (Ticks),systemTime (Ticks)
/proc/stat,1749115119072,10346,4106
/proc/stat,1749115120021,10352,4108
/proc/stat,1749115121023,10357,4109
/proc/stat,1749115122022,10359,4110
/proc/stat,1749115123022,10361,4112
/proc/stat,1749115124023,10362,4113
/proc/stat,1749115125023,10364,4115
/proc/stat,1749115126022,10364,4117
/proc/stat,1749115127022,10369,4120
/proc/stat,1749115128022,10371,4122
/proc/stat,1749115129017,10372,4124
/proc/stat,1749115130022,10376,4125
/proc/stat,1749115131020,10378,4126
/proc/stat,1749115132020,10380,4128
/proc/stat,1749115133022,10383,4130
/proc/stat,1749115134020,10384,4131
/proc/stat,1749115135023,10388,4134
/proc/stat,1749115136020,10390,4136
/proc/stat,1749115137023,10395,4137
/proc/stat,1749115138022,10396,4139
/proc/stat,1749115139022,10397,4142
/proc/stat,1749115140023,10401,4144
/proc/stat,1749115141020,10404,4146
/proc/stat,1749115142022,10404,4149
/proc/stat,1749115143021,10405,4152
/proc/stat,1749115144018,10405,4154
/proc/stat,1749115145022,10407,4156
/proc/stat,1749115146020,10408,4156
/proc/stat,1749115147022,10411,4158
/proc/stat,1749115148023,10411,4160
/proc/stat,1749115149022,10412,4162
/proc/stat,1749115150023,10414,4163
/proc/stat,1749115151022,10420,4165
/proc/stat,1749115152020,10420,4166
/proc/stat,1749115153023,10423,4168
/proc/stat,1749115154022,10424,4170
/proc/stat,1749115155023,10424,4173
/proc/stat,1749115156020,10426,4174
/proc/stat,1749115157019,10428,4176
/proc/stat,1749115158022,10430,4177
/proc/stat,1749115159022,10430,4180
/proc/stat,1749115160022,10433,4180
/proc/stat,1749115161019,10434,4182
/proc/stat,1749115162020,10435,4184
/proc/stat,1749115163020,10438,4185
/proc/stat,1749115164022,10439,4186
/proc/stat,1749115165021,10441,4189
/proc/stat,1749115166022,10443,4190
/proc/stat,1749115167023,10445,4192
/proc/stat,1749115168023,10448,4193
/proc/stat,1749115169022,10449,4196
/proc/stat,1749115170023,10450,4198
/proc/stat,1749115171021,10451,4200
/proc/stat,1749115172018,10452,4201
/proc/stat,1749115173023,10455,4202
/proc/stat,1749115174022,10457,4204
/proc/stat,1749115175021,10461,4204
/proc/stat,1749115176023,10461,4206
/proc/stat,1749115177021,10464,4208
/proc/stat,1749115178022,10464,4209
/proc/stat,1749115179019,10466,4211
/proc/stat,1749115180022,10466,4213
/proc/stat,1749115181021,10467,4216
/proc/stat,1749115182022,10468,4218
/proc/stat,1749115183026,10473,4220
/proc/stat,1749115184020,10474,4222
/proc/stat,1749115185019,10475,4223
/proc/stat,1749115186021,10476,4225
/proc/stat,1749115187018,10480,4226
/proc/stat,1749115188019,10481,4226
/proc/stat,1749115189021,10484,4227
/proc/stat,1749115190020,10484,4228
/proc/stat,1749115191023,10485,4231
/proc/stat,1749115192023,10486,4233
/proc/stat,1749115193021,10487,4234
/proc/stat,1749115194021,10488,4237
/proc/stat,1749115195021,10490,4238
/proc/stat,1749115196020,10491,4240
/proc/stat,1749115197020,10492,4241
/proc/stat,1749115198022,10493,4244
/proc/stat,1749115199019,10496,4245
/proc/stat,1749115200016,10497,4246
/proc/stat,1749115201021,10498,4248
/proc/stat,1749115202020,10500,4249
/proc/stat,1749115203020,10503,4251
/proc/stat,1749115204020,10505,4252
/proc/stat,1749115205019,10507,4253
/proc/stat,1749115206020,10509,4254
/proc/stat,1749115207021,10511,4255
/proc/stat,1749115208020,10514,4256
/proc/stat,1749115209020,10515,4258
/proc/stat,1749115210021,10517,4259
/proc/stat,1749115211022,10520,4261
/proc/stat,1749115212020,10522,4262
/proc/stat,1749115213018,10523,4263
/proc/stat,1749115214017,10525,4264
/proc/stat,1749115215019,10526,4267
/proc/stat,1749115216019,10526,4269
/proc/stat,1749115217018,10528,4270
/proc/stat,1749115218020,10529,4270
/proc/stat,1749115219017,10532,4271
/proc/stat,1749115220018,10534,4272
/proc/stat,1749115221020,10535,4274
/proc/stat,1749115222018,10537,4274
/proc/stat,1749115223018,10538,4276
/proc/stat,1749115224018,10539,4278
/proc/stat,1749115225019,10542,4278
/proc/stat,1749115226019,10544,4279
/proc/stat,1749115227019,10544,4282
/proc/stat,1749115228022,10546,4284
/proc/stat,1749115229019,10548,4285
/proc/stat,1749115230019,10550,4286
/proc/stat,1749115231019,10552,4288
/proc/stat,1749115232021,10552,4290
/proc/stat,1749115233022,10554,4292
/proc/stat,1749115234022,10555,4293
/proc/stat,1749115235021,10556,4296
/proc/stat,1749115236018,10558,4296
/proc/stat,1749115237021,10558,4298
/proc/stat,1749115238022,10560,4300
/proc/stat,1749115239019,10561,4302
/proc/stat,1749115240020,10562,4303
/proc/stat,1749115241022,10564,4305
/proc/stat,1749115242022,10566,4306
/proc/stat,1749115243020,10568,4307
/proc/stat,1749115244018,10570,4309
/proc/stat,1749115245022,10572,4310
/proc/stat,1749115246021,10574,4312
/proc/stat,1749115247021,10578,4313
/proc/stat,1749115248019,10580,4314
/proc/stat,1749115249022,10580,4317
/proc/stat,1749115250022,10581,4319
/proc/stat,1749115251022,10582,4321
/proc/stat,1749115252018,10582,4324
/proc/stat,1749115253021,10582,4326
/proc/stat,1749115254022,10583,4328
/proc/stat,1749115255022,10585,4329
/proc/stat,1749115256019,10585,4331
/proc/stat,1749115257021,10586,4333
/proc/stat,1749115258022,10586,4335
/proc/stat,1749115259021,10588,4337
/proc/stat,1749115260018,10588,4341
/proc/stat,1749115261021,10590,4342
/proc/stat,1749115262022,10591,4343
/proc/stat,1749115263021,10594,4344
/proc/stat,1749115264022,10595,4346
/proc/stat,1749115265021,10595,4348
/proc/stat,1749115266020,10596,4350
/proc/stat,1749115267022,10597,4352
/proc/stat,1749115268022,10598,4353
/proc/stat,1749115269022,10600,4354
/proc/stat,1749115270022,10600,4356
/proc/stat,1749115271021,10603,4358
/proc/stat,1749115272019,10604,4360
/proc/stat,1749115273022,10604,4363
/proc/stat,1749115274022,10604,4366
/proc/stat,1749115275021,10606,4368
/proc/stat,1749115276022,10608,4369
/proc/stat,1749115277021,10609,4371
/proc/stat,1749115278022,10609,4373
/proc/stat,1749115279023,10610,4375
/proc/stat,1749115280021,10611,4378
/proc/stat,1749115281022,10611,4380
/proc/stat,1749115282021,10613,4381
/proc/stat,1749115283021,10615,4382
/proc/stat,1749115284018,10615,4384
/proc/stat,1749115285023,10616,4386
/proc/stat,1749115286021,10616,4388
/proc/stat,1749115287022,10619,4389
/proc/stat,1749115288022,10620,4392
/proc/stat,1749115289022,10623,4394
/proc/stat,1749115290021,10623,4397
/proc/stat,1749115291019,10625,4398
/proc/stat,1749115292021,10626,4399
/proc/stat,1749115293022,10629,4400
/proc/stat,1749115294022,10630,4404
/proc/stat,1749115295022,10630,4405
/proc/stat,1749115296018,10630,4408
/proc/stat,1749115297022,10631,4410
/proc/stat,1749115298024,10631,4413
/proc/stat,1749115299019,10633,4414
/proc/stat,1749115300021,10634,4416
/proc/stat,1749115301021,10635,4418
/proc/stat,1749115302021,10636,4419
/proc/stat,1749115303022,10638,4420
/proc/stat,1749115304021,10639,4422
/proc/stat,1749115305020,10640,4423
/proc/stat,1749115306020,10642,4425
/proc/stat,1749115307020,10643,4426
/proc/stat,1749115308020,10644,4428
/proc/stat,1749115309022,10645,4430
/proc/stat,1749115310021,10650,4431
/proc/stat,1749115311023,10652,4432
/proc/stat,1749115312021,10653,4434
/proc/stat,1749115313021,10655,4435
/proc/stat,1749115314022,10656,4437
/proc/stat,1749115315021,10658,4438
/proc/stat,1749115316021,10659,4440
/proc/stat,1749115317020,10660,4441
/proc/stat,1749115318019,10661,4442
/proc/stat,1749115319021,10663,4444
/proc/stat,1749115320019,10664,4447
/proc/stat,1749115321021,10665,4449
/proc/stat,1749115322022,10666,4450
/proc/stat,1749115323021,10667,4453
/proc/stat,1749115324020,10668,4454
/proc/stat,1749115325023,10671,4456
/proc/stat,1749115326022,10671,4458
/proc/stat,1749115327023,10673,4460
/proc/stat,1749115328023,10674,4462
/proc/stat,1749115329023,10675,4464
/proc/stat,1749115330023,10677,4466
/proc/stat,1749115331018,10679,4467
/proc/stat,1749115332023,10681,4469
/proc/stat,1749115333023,10682,4471
/proc/stat,1749115334021,10683,4473
/proc/stat,1749115335021,10684,4474
/proc/stat,1749115336022,10685,4476
/proc/stat,1749115337023,10687,4479
/proc/stat,1749115338021,10689,4482
/proc/stat,1749115339023,10690,4484
/proc/stat,1749115340023,10691,4488
/proc/stat,1749115341022,10694,4488
/proc/stat,1749115342023,10694,4490
/proc/stat,1749115343018,10694,4491
/proc/stat,1749115344022,10696,4492
/proc/stat,1749115345023,10696,4494
/proc/stat,1749115346019,10698,4496
/proc/stat,1749115347021,10699,4498
/proc/stat,1749115348022,10700,4501
/proc/stat,1749115349021,10702,4503
/proc/stat,1749115350021,10704,4504
/proc/stat,1749115351022,10704,4506
/proc/stat,1749115352021,10706,4508
/proc/stat,1749115353022,10707,4510
/proc/stat,1749115354022,10708,4511
/proc/stat,1749115355020,10708,4513
/proc/stat,1749115356019,10711,4514
/proc/stat,1749115357022,10712,4515
/proc/stat,1749115358022,10713,4517
/proc/stat,1749115359020,10713,4518
/proc/stat,1749115360022,10715,4521
/proc/stat,1749115361022,10717,4522
/proc/stat,1749115362023,10717,4524
/proc/stat,1749115363021,10719,4526
/proc/stat,1749115364019,10720,4528
/proc/stat,1749115365021,10721,4530
/proc/stat,1749115366022,10722,4531
/proc/stat,1749115367020,10723,4532
/proc/stat,1749115368018,10725,4534
/proc/stat,1749115369023,10728,4536
/proc/stat,1749115370022,10730,4538
/proc/stat,1749115371018,10731,4540
/proc/stat,1749115372020,10732,4541
/proc/stat,1749115373020,10735,4542
/proc/stat,1749115374019,10737,4544
/proc/stat,1749115375019,10744,4546
/proc/stat,1749115376018,10746,4547
/proc/stat,1749115377018,10746,4550
/proc/stat,1749115378020,10747,4551
/proc/stat,1749115379020,10748,4554
/proc/stat,1749115380016,10750,4555
/proc/stat,1749115381019,10751,4558
/proc/stat,1749115382020,10752,4560
/proc/stat,1749115383021,10752,4562
/proc/stat,1749115384020,10753,4564
/proc/stat,1749115385020,10754,4565
/proc/stat,1749115386020,10755,4568
/proc/stat,1749115387020,10756,4570
/proc/stat,1749115388021,10757,4572
/proc/stat,1749115389018,10758,4572
/proc/stat,1749115390019,10761,4573
/proc/stat,1749115391018,10763,4574
/proc/stat,1749115392020,10764,4576
/proc/stat,1749115393020,10765,4577
/proc/stat,1749115394020,10766,4578
/proc/stat,1749115395018,10768,4580
/proc/stat,1749115396018,10768,4581
/proc/stat,1749115397020,10769,4582
/proc/stat,1749115398021,10770,4584
/proc/stat,1749115399021,10770,4586
/proc/stat,1749115400023,10772,4589
/proc/stat,1749115401022,10773,4591
/proc/stat,1749115402018,10774,4592
/proc/stat,1749115403018,10774,4595
/proc/stat,1749115404021,10775,4596
/proc/stat,1749115405023,10776,4598
/proc/stat,1749115406020,10776,4600
/proc/stat,1749115407021,10778,4602
/proc/stat,1749115408020,10779,4604
/proc/stat,1749115409021,10780,4605
/proc/stat,1749115410021,10780,4607
/proc/stat,1749115411021,10782,4609
/proc/stat,1749115412020,10782,4612
/proc/stat,1749115413022,10783,4614
/proc/stat,1749115414021,10786,4615
/proc/stat,1749115415021,10786,4617
/proc/stat,1749115416021,10787,4618
/proc/stat,1749115417021,10788,4620
/proc/stat,1749115418021,10789,4622
/proc/stat,1749115419018,10790,4623
/proc/stat,1749115420022,10791,4625
/proc/stat,1749115421021,10792,4626
/proc/stat,1749115422021,10793,4628
/proc/stat,1749115423022,10794,4630
/proc/stat,1749115424021,10795,4632
/proc/stat,1749115425021,10796,4634
/proc/stat,1749115426022,10797,4636
/proc/stat,1749115427022,10797,4638
/proc/stat,1749115428023,10799,4639
/proc/stat,1749115429020,10800,4640
/proc/stat,1749115430021,10800,4642
/proc/stat,1749115431021,10801,4644
/proc/stat,1749115432021,10802,4646
/proc/stat,1749115433021,10802,4647
/proc/stat,1749115434021,10803,4649
/proc/stat,1749115435021,10804,4650
/proc/stat,1749115436021,10805,4653
/proc/stat,1749115437021,10807,4655
/proc/stat,1749115438024,10810,4657
/proc/stat,1749115439021,10811,4658
/proc/stat,1749115440018,10812,4660
/proc/stat,1749115441018,10813,4662
/proc/stat,1749115442021,10814,4664
/proc/stat,1749115443021,10815,4665
/proc/stat,1749115444020,10817,4667
/proc/stat,1749115445023,10817,4668
/proc/stat,1749115446021,10818,4670
/proc/stat,1749115447023,10819,4672
/proc/stat,1749115448021,10820,4675
/proc/stat,1749115449021,10821,4677
/proc/stat,1749115450023,10822,4679
/proc/stat,1749115451022,10825,4681
/proc/stat,1749115452022,10826,4683
/proc/stat,1749115453018,10826,4685
/proc/stat,1749115454021,10827,4687
/proc/stat,1749115455021,10828,4689
/proc/stat,1749115456021,10828,4691
/proc/stat,1749115457023,10829,4693
/proc/stat,1749115458021,10832,4694
/proc/stat,1749115459021,10832,4696
/proc/stat,1749115460023,10835,4698
/proc/stat,1749115461018,10837,4699
/proc/stat,1749115462021,10838,4701
/proc/stat,1749115463019,10839,4702
/proc/stat,1749115464021,10840,4703
/proc/stat,1749115465023,10842,4704
/proc/stat,1749115466021,10843,4706
/proc/stat,1749115467022,10844,4707
/proc/stat,1749115468021,10844,4709
/proc/stat,1749115469021,10846,4710
/proc/stat,1749115470026,10850,4712
/proc/stat,1749115471018,10850,4713
/proc/stat,1749115472020,10851,4715
/proc/stat,1749115473021,10852,4716
/proc/stat,1749115474021,10854,4718
/proc/stat,1749115475020,10855,4720
/proc/stat,1749115476021,10856,4721
/proc/stat,1749115477021,10856,4724
/proc/stat,1749115478020,10858,4725
/proc/stat,1749115479018,10858,4726
/proc/stat,1749115480021,10860,4728
/proc/stat,1749115481021,10860,4730
/proc/stat,1749115482021,10861,4732
/proc/stat,1749115483022,10862,4734
/proc/stat,1749115484018,10863,4736
/proc/stat,1749115485020,10864,4736
/proc/stat,1749115486019,10865,4738
/proc/stat,1749115487021,10866,4740
/proc/stat,1749115488021,10867,4743
/proc/stat,1749115489020,10868,4744
/proc/stat,1749115490021,10869,4746
/proc/stat,1749115491020,10870,4747
/proc/stat,1749115492021,10870,4750
/proc/stat,1749115493018,10871,4752
/proc/stat,1749115494021,10872,4753
/proc/stat,1749115495020,10874,4755
/proc/stat,1749115496018,10874,4757
/proc/stat,1749115497021,10875,4758
/proc/stat,1749115498021,10876,4760
/proc/stat,1749115499023,10880,4761
/proc/stat,1749115500020,10883,4763
/proc/stat,1749115501019,10885,4764
/proc/stat,1749115502021,10889,4767
/proc/stat,1749115503018,10892,4769
/proc/stat,1749115504021,10894,4771
/proc/stat,1749115505018,10894,4772
/proc/stat,1749115506018,10895,4776
/proc/stat,1749115507018,10896,4777
/proc/stat,1749115508018,10897,4778
/proc/stat,1749115509021,10898,4780
/proc/stat,1749115510021,10900,4781
/proc/stat,1749115511021,10902,4783
/proc/stat,1749115512021,10903,4786
/proc/stat,1749115513022,10903,4788
/proc/stat,1749115514020,10906,4790
/proc/stat,1749115515018,10906,4792
/proc/stat,1749115516018,10907,4794
/proc/stat,1749115517022,10907,4796
/proc/stat,1749115518022,10910,4797
/proc/stat,1749115519020,10910,4798
/proc/stat,1749115520021,10912,4800
/proc/stat,1749115521021,10914,4801
/proc/stat,1749115522021,10915,4803
/proc/stat,1749115523021,10916,4805
/proc/stat,1749115524021,10917,4807
/proc/stat,1749115525021,10917,4808
/proc/stat,1749115526022,10918,4811
/proc/stat,1749115527021,10918,4814
/proc/stat,1749115528021,10919,4816
/proc/stat,1749115529021,10920,4817
/proc/stat,1749115530021,10922,4818
/proc/stat,1749115531019,10924,4820
/proc/stat,1749115532021,10925,4821
/proc/stat,1749115533021,10926,4822
/proc/stat,1749115534021,10927,4825
/proc/stat,1749115535021,10928,4828
/proc/stat,1749115536021,10928,4830
/proc/stat,1749115537021,10931,4831
/proc/stat,1749115538021,10933,4832
/proc/stat,1749115539020,10933,4834
/proc/stat,1749115540021,10934,4836
/proc/stat,1749115541021,10935,4838
/proc/stat,1749115542021,10936,4840
/proc/stat,1749115543021,10939,4842
/proc/stat,1749115544020,10939,4844
/proc/stat,1749115545022,10942,4846
/proc/stat,1749115546022,10944,4847
/proc/stat,1749115547023,10945,4848
/proc/stat,1749115548022,10946,4850
/proc/stat,1749115549021,10947,4851
/proc/stat,1749115550023,10948,4854
/proc/stat,1749115551021,10949,4856
/proc/stat,1749115552021,10950,4858
/proc/stat,1749115553022,10950,4860
/proc/stat,1749115554022,10952,4861
/proc/stat,1749115555021,10952,4862
/proc/stat,1749115556022,10953,4864
/proc/stat,1749115557021,10954,4866
/proc/stat,1749115558021,10954,4868
/proc/stat,1749115559021,10956,4870
/proc/stat,1749115560019,10958,4870
/proc/stat,1749115561021,10959,4872
/proc/stat,1749115562023,10961,4874
/proc/stat,1749115563023,10961,4876
/proc/stat,1749115564021,10962,4877
/proc/stat,1749115565024,10963,4879
/proc/stat,1749115566021,10964,4881
/proc/stat,1749115567022,10966,4883
/proc/stat,1749115568020,10967,4884
/proc/stat,1749115569023,10968,4886
/proc/stat,1749115570021,10970,4888
/proc/stat,1749115571021,10974,4889
/proc/stat,1749115572020,10974,4891
/proc/stat,1749115573021,10974,4893
/proc/stat,1749115574021,10976,4895
/proc/stat,1749115575021,10978,4897
/proc/stat,1749115576021,10978,4898
/proc/stat,1749115577022,10979,4901
/proc/stat,1749115578021,10980,4902
/proc/stat,1749115579021,10980,4904
/proc/stat,1749115580020,10981,4906
/proc/stat,1749115581023,10982,4909
/proc/stat,1749115582021,10983,4911
/proc/stat,1749115583024,10986,4912
/proc/stat,1749115584021,10988,4914
/proc/stat,1749115585021,10988,4916
/proc/stat,1749115586021,10989,4918
/proc/stat,1749115587021,10990,4920
/proc/stat,1749115588021,10991,4922
/proc/stat,1749115589021,10992,4924
/proc/stat,1749115590021,10993,4926
/proc/stat,1749115591021,10994,4928
/proc/stat,1749115592022,10995,4929
/proc/stat,1749115593020,10995,4931
/proc/stat,1749115594022,10996,4933
/proc/stat,1749115595021,10997,4935
/proc/stat,1749115596021,10998,4937
/proc/stat,1749115597021,10998,4940
/proc/stat,1749115598021,11000,4941
/proc/stat,1749115599019,11001,4942
/proc/stat,1749115600022,11002,4944
/proc/stat,1749115601020,11004,4945
/proc/stat,1749115602020,11006,4946
/proc/stat,1749115603020,11006,4948
/proc/stat,1749115604023,11006,4949
/proc/stat,1749115605021,11008,4950
/proc/stat,1749115606021,11010,4952
/proc/stat,1749115607021,11010,4954
/proc/stat,1749115608021,11011,4956
/proc/stat,1749115609021,11012,4957
/proc/stat,1749115610021,11013,4958
/proc/stat,1749115611021,11015,4962
/proc/stat,1749115612022,11016,4963
/proc/stat,1749115613020,11017,4965
/proc/stat,1749115614020,11021,4966
/proc/stat,1749115615021,11023,4968
/proc/stat,1749115616021,11024,4970
/proc/stat,1749115617021,11024,4972
/proc/stat,1749115618021,11026,4973
/proc/stat,1749115619021,11026,4975
/proc/stat,1749115620018,11028,4977
/proc/stat,1749115621021,11031,4978
/proc/stat,1749115622022,11032,4981
/proc/stat,1749115623021,11033,4983
/proc/stat,1749115624021,11034,4985
/proc/stat,1749115625021,11038,4986
/proc/stat,1749115626018,11039,4988
/proc/stat,1749115627021,11041,4989
/proc/stat,1749115628023,11044,4992
/proc/stat,1749115629020,11046,4994
/proc/stat,1749115630023,11050,4995
/proc/stat,1749115631025,11054,4998
/proc/stat,1749115632021,11055,5000
/proc/stat,1749115633021,11055,5002
/proc/stat,1749115634021,11055,5004
/proc/stat,1749115635022,11056,5005
/proc/stat,1749115636021,11057,5006
/proc/stat,1749115637020,11058,5008
/proc/stat,1749115638022,11059,5010
/proc/stat,1749115639021,11060,5013
/proc/stat,1749115640023,11061,5014
/proc/stat,1749115641024,11061,5016
/proc/stat,1749115642022,11062,5018
/proc/stat,1749115643021,11064,5019
/proc/stat,1749115644021,11066,5021
/proc/stat,1749115645022,11066,5025
/proc/stat,1749115646021,11067,5026
/proc/stat,1749115647021,11068,5028
/proc/stat,1749115648021,11069,5029
/proc/stat,1749115649019,11070,5030
/proc/stat,1749115650018,11071,5032
/proc/stat,1749115651021,11073,5033
/proc/stat,1749115652019,11074,5034
/proc/stat,1749115653021,11074,5037
/proc/stat,1749115654022,11076,5038
/proc/stat,1749115655020,11078,5038
/proc/stat,1749115656019,11079,5040
/proc/stat,1749115657021,11080,5041
/proc/stat,1749115658021,11081,5042
/proc/stat,1749115659020,11082,5044
/proc/stat,1749115660022,11083,5045
/proc/stat,1749115661018,11085,5047
/proc/stat,1749115662021,11087,5050
/proc/stat,1749115663021,11088,5051
/proc/stat,1749115664023,11088,5053
/proc/stat,1749115665021,11090,5054
/proc/stat,1749115666021,11091,5055
/proc/stat,1749115667021,11091,5058
/proc/stat,1749115668021,11092,5059
/proc/stat,1749115669021,11092,5061
/proc/stat,1749115670022,11092,5064
/proc/stat,1749115671021,11094,5065
/proc/stat,1749115672021,11095,5068
/proc/stat,1749115673020,11096,5070
/proc/stat,1749115674021,11097,5074
/proc/stat,1749115675021,11097,5076
/proc/stat,1749115676021,11098,5078
/proc/stat,1749115677022,11099,5079
/proc/stat,1749115678023,11100,5082
/proc/stat,1749115679021,11100,5084
/proc/stat,1749115680018,11101,5086
/proc/stat,1749115681020,11104,5087
/proc/stat,1749115682021,11104,5090
/proc/stat,1749115683021,11105,5093
/proc/stat,1749115684020,11106,5094
/proc/stat,1749115685018,11108,5095
/proc/stat,1749115686021,11109,5096
/proc/stat,1749115687021,11110,5097
/proc/stat,1749115688021,11112,5099
/proc/stat,1749115689018,11113,5100
/proc/stat,1749115690021,11115,5102
/proc/stat,1749115691022,11117,5105
/proc/stat,1749115692021,11118,5107
/proc/stat,1749115693022,11118,5108
/proc/stat,1749115694022,11120,5109
/proc/stat,1749115695022,11121,5112
/proc/stat,1749115696021,11122,5114
/proc/stat,1749115697021,11124,5116
/proc/stat,1749115698021,11124,5118
/proc/stat,1749115699021,11126,5120
/proc/stat,1749115700021,11127,5122
/proc/stat,1749115701021,11128,5123
/proc/stat,1749115702021,11129,5125
/proc/stat,1749115703021,11132,5126
/proc/stat,1749115704019,11133,5127
/proc/stat,1749115705021,11135,5128
/proc/stat,1749115706021,11135,5130
/proc/stat,1749115707021,11136,5131
/proc/stat,1749115708021,11139,5132
/proc/stat,1749115709020,11140,5134
/proc/stat,1749115710020,11142,5135
/proc/stat,1749115711018,11144,5137
/proc/stat,1749115712018,11146,5138
/proc/stat,1749115713023,11147,5140
/proc/stat,1749115714023,11149,5142
/proc/stat,1749115715021,11150,5143
/proc/stat,1749115716022,11152,5145
/proc/stat,1749115717021,11154,5146
/proc/stat,1749115718022,11155,5148
/proc/stat,1749115719021,11156,5150
/proc/stat,1749115720021,11156,5151
/proc/stat,1749115721019,11159,5152
/proc/stat,1749115722019,11160,5154
/proc/stat,1749115723024,11160,5156
/proc/stat,1749115724021,11161,5158
/proc/stat,1749115725021,11161,5160
/proc/stat,1749115726023,11162,5161
/proc/stat,1749115727021,11166,5162
/proc/stat,1749115728021,11166,5165
/proc/stat,1749115729021,11167,5167
/proc/stat,1749115730021,11169,5169
/proc/stat,1749115731021,11170,5170
/proc/stat,1749115732021,11171,5171
/proc/stat,1749115733018,11172,5173
/proc/stat,1749115734021,11174,5174
/proc/stat,1749115735021,11174,5176
/proc/stat,1749115736020,11174,5178
/proc/stat,1749115737021,11176,5181
/proc/stat,1749115738022,11177,5184
/proc/stat,1749115739020,11178,5185
/proc/stat,1749115740017,11180,5186
/proc/stat,1749115741022,11181,5189
/proc/stat,1749115742021,11182,5192
/proc/stat,1749115743021,11182,5194
/proc/stat,1749115744021,11183,5196
/proc/stat,1749115745022,11184,5198
/proc/stat,1749115746018,11184,5200
/proc/stat,1749115747024,11185,5202
/proc/stat,1749115748022,11186,5204
/proc/stat,1749115749021,11186,5205
/proc/stat,1749115750021,11187,5207
/proc/stat,1749115751021,11190,5208
/proc/stat,1749115752021,11191,5210
/proc/stat,1749115753022,11193,5211
/proc/stat,1749115754023,11193,5214
/proc/stat,1749115755022,11194,5216
/proc/stat,1749115756020,11194,5218
/proc/stat,1749115757019,11196,5220
/proc/stat,1749115758024,11200,5222
/proc/stat,1749115759022,11203,5224
/proc/stat,1749115760021,11204,5225
/proc/stat,1749115761021,11205,5226
/proc/stat,1749115762021,11207,5228
/proc/stat,1749115763022,11207,5230
/proc/stat,1749115764021,11209,5232
/proc/stat,1749115765021,11210,5234
/proc/stat,1749115766022,11211,5236
/proc/stat,1749115767018,11212,5237
/proc/stat,1749115768022,11213,5239
/proc/stat,1749115769021,11216,5240
/proc/stat,1749115770023,11217,5242
/proc/stat,1749115771021,11218,5244
/proc/stat,1749115772020,11220,5245
/proc/stat,1749115773021,11222,5246
/proc/stat,1749115774021,11222,5248
/proc/stat,1749115775023,11223,5250
/proc/stat,1749115776021,11224,5251
/proc/stat,1749115777020,11225,5252
/proc/stat,1749115778021,11226,5255
/proc/stat,1749115779018,11227,5256
/proc/stat,1749115780021,11228,5257
/proc/stat,1749115781021,11230,5260
/proc/stat,1749115782021,11230,5262
/proc/stat,1749115783021,11232,5263
/proc/stat,1749115784022,11246,5268
/proc/stat,1749115785023,11247,5270
/proc/stat,1749115786021,11248,5271
/proc/stat,1749115787023,11248,5273
/proc/stat,1749115788021,11250,5275
/proc/stat,1749115789023,11250,5277
/proc/stat,1749115790021,11251,5278
/proc/stat,1749115791021,11252,5280
/proc/stat,1749115792021,11253,5282
/proc/stat,1749115793021,11255,5284
/proc/stat,1749115794021,11256,5286
/proc/stat,1749115795021,11258,5289
/proc/stat,1749115796020,11259,5290
/proc/stat,1749115797018,11260,5292
/proc/stat,1749115798022,11261,5294
/proc/stat,1749115799021,11262,5296
/proc/stat,1749115800019,11263,5298
/proc/stat,1749115801021,11265,5299
/proc/stat,1749115802021,11266,5302
/proc/stat,1749115803021,11266,5304
/proc/stat,1749115804021,11268,5305
/proc/stat,1749115805021,11269,5306
/proc/stat,1749115806021,11270,5308
/proc/stat,1749115807021,11273,5309
/proc/stat,1749115808021,11274,5311
/proc/stat,1749115809021,11274,5314
/proc/stat,1749115810023,11275,5315
/proc/stat,1749115811022,11278,5318
/proc/stat,1749115812021,11278,5320
/proc/stat,1749115813021,11279,5322
/proc/stat,1749115814021,11280,5323
/proc/stat,1749115815021,11283,5325
/proc/stat,1749115816018,11284,5326
/proc/stat,1749115817021,11286,5328
/proc/stat,1749115818022,11286,5330
/proc/stat,1749115819021,11287,5332
/proc/stat,1749115820021,11290,5332
/proc/stat,1749115821020,11290,5334
/proc/stat,1749115822018,11292,5336
/proc/stat,1749115823021,11356,5343
/proc/stat,1749115824014,11452,5356
/proc/stat,1749115825013,11527,5357
/proc/stat,1749115826014,11546,5360
/proc/stat,1749115827014,11628,5367
/proc/stat,1749115828016,11679,5391
/proc/stat,1749115829014,11738,5422
/proc/stat,1749115830014,11738,5424
/proc/stat,1749115831014,11738,5426
/proc/stat,1749115832014,11777,5434
/proc/stat,1749115833014,11876,5435
/proc/stat,1749115834020,11906,5440
/proc/stat,1749115835021,11908,5442
/proc/stat,1749115836022,11909,5443
