Timestamp,Domain,Power (Watts),DRAM Power (Watts), Energy (micro joules),DRAM Energy (micro joules)
1749115119039,package-0,1.102475,0.533996,2485220078,626067672
1749115121003,package-0,0.586668,0.1026,2486219770,626209395
1749115123003,package-0,0.57025,0.084351,2487331462,626374922
1749115125003,package-0,0.533812,0.082947,2488345436,626528547
1749115127003,package-0,0.514831,0.081177,2489565709,626768720
1749115129004,package-0,0.748167,0.26593,2490813081,627108746
1749115131003,package-0,1.969782,0.669737,2493326563,627894937
1749115133003,package-0,0.531981,0.080383,2494382469,628074441
1749115135003,package-0,0.526732,0.086364,2495433736,628248818
1749115137003,package-0,0.513182,0.082153,2496602312,628485817
1749115139003,package-0,1.281857,0.0849,2498483960,628644081
1749115141003,package-0,0.516539,0.07489,2500085579,628928870
1749115143002,package-0,0.501769,0.076843,2501094671,629078650
1749115145003,package-0,0.519042,0.076843,2502106509,629242285
1749115147003,package-0,0.499937,0.088562,2503119934,629409460
1749115149003,package-0,0.525389,0.0896,2504134397,629572546
1749115151003,package-0,0.526793,0.091614,2505290095,629795751
1749115153003,package-0,0.491637,0.05957,2506277946,629924168
1749115155003,package-0,0.560911,0.092773,2507376881,630096104
1749115157003,package-0,0.532835,0.087585,2508422899,630247348
1749115159003,package-0,0.483824,0.070739,2509408675,630389987
1749115161003,package-0,0.591917,0.077942,2510549114,630543124
1749115163003,package-0,0.531187,0.085449,2511563699,630692233
1749115165003,package-0,0.480346,0.075439,2512616187,630848543
1749115167003,package-0,0.658995,0.187804,2513765232,631117463
1749115169003,package-0,0.5119,0.074951,2514772431,631264802
1749115171003,package-0,0.515929,0.073975,2515828459,631423066
1749115173003,package-0,0.513731,0.086731,2516854762,631588471
1749115175003,package-0,0.502196,0.078308,2517991844,631802459
1749115177003,package-0,0.569762,0.080078,2519078695,631948150
1749115179003,package-0,0.509704,0.078796,2520084674,632110198
1749115181003,package-0,0.536864,0.089172,2521122879,632278166
1749115183003,package-0,0.618834,0.169555,2522240491,632525419
1749115185003,package-0,0.491637,0.069641,2523246409,632666227
1749115187002,package-0,0.49945,0.080445,2524360664,632863309
1749115189002,package-0,0.508605,0.073242,2525348088,633010952
1749115191002,package-0,0.541686,0.093323,2526386965,633195156
1749115193002,package-0,0.501341,0.072021,2527359557,633334621
1749115195002,package-0,0.525573,0.076538,2528366696,633479640
1749115197003,package-0,0.515135,0.072998,2529419366,633655787
1749115199003,package-0,0.620971,0.086547,2530521659,633806543
1749115201003,package-0,0.499145,0.06842,2532696275,633964868
1749115203003,package-0,0.572875,0.080566,2533805464,634153222
1749115205003,package-0,0.514098,0.072448,2534822795,634303246
1749115207003,package-0,0.521422,0.084045,2535850624,634456932
1749115209003,package-0,0.459716,0.065856,2536798620,634587852
1749115211003,package-0,0.466613,0.060669,2537891818,634783897
1749115213003,package-0,0.483031,0.080017,2538841950,634929893
1749115215003,package-0,0.495909,0.071777,2539848844,635094138
1749115217003,package-0,0.474181,0.07312,2540800014,635249411
1749115219002,package-0,0.48297,0.082397,2541749962,635399923
1749115221003,package-0,0.543516,0.083496,2542752645,635561239
1749115223002,package-0,1.272457,0.076294,2544590836,635713704
1749115225003,package-0,0.50183,0.08197,2545582289,635874775
1749115227003,package-0,0.504271,0.078064,2546572948,636030171
1749115229003,package-0,0.544005,0.114685,2547586007,636202961
1749115231003,package-0,0.491088,0.081115,2548555609,636366473
1749115233003,package-0,0.493102,0.073609,2549536808,636507892
1749115235003,package-0,0.492248,0.062561,2550509767,636640643
1749115237003,package-0,0.472594,0.065125,2551489989,636785296
1749115239003,package-0,0.500426,0.083007,2552495174,636945024
1749115241003,package-0,0.492003,0.073242,2553463372,637084794
1749115243003,package-0,0.498595,0.082702,2554480765,637269059
1749115245003,package-0,0.510496,0.084656,2555479480,637431290
1749115247003,package-0,0.540709,0.109863,2556549485,637642227
1749115249002,package-0,0.469481,0.069092,2557500471,637778274
1749115251002,package-0,0.477904,0.071289,2558482402,637919021
1749115253003,package-0,0.473448,0.06836,2559448098,638063674
1749115255002,package-0,0.496336,0.0708,2560417639,638204237
1749115257003,package-0,0.468748,0.065734,2561366855,638343641
1749115259002,package-0,0.509032,0.077637,2562350557,638492628
1749115261003,package-0,0.496398,0.069091,2563743803,638642224
1749115263002,package-0,0.501464,0.08966,2564715663,638797375
1749115265003,package-0,0.47589,0.067199,2565683983,638931530
1749115267003,package-0,0.497314,0.076538,2566682272,639082409
1749115269002,package-0,0.508116,0.07312,2567667132,639224132
1749115271002,package-0,0.493224,0.069519,2568753922,639410716
1749115273003,package-0,0.485412,0.071228,2569744764,639562388
1749115275002,package-0,0.491331,0.066101,2570699656,639696055
1749115277002,package-0,0.502989,0.070312,2571717720,639846811
1749115279002,package-0,0.469298,0.065369,2572693731,639985666
1749115281002,package-0,0.512999,0.073486,2573679629,640127328
1749115283002,package-0,0.595091,0.071166,2574791931,640267525
1749115285003,package-0,0.461302,0.061401,2576511958,640407967
1749115287002,package-0,0.47058,0.062744,2577501946,640546272
1749115289003,package-0,0.508971,0.079895,2578511343,640704231
1749115291002,package-0,0.464965,0.0625,2579444019,640833991
1749115293002,package-0,0.508787,0.078186,2580421677,640979743
1749115295002,package-0,0.468871,0.059998,2581351668,641105109
1749115297002,package-0,0.478942,0.068847,2582295330,641248968
1749115299002,package-0,0.469298,0.072998,2583254678,641387762
1749115301002,package-0,0.536253,0.066467,2584300085,641533452
1749115303003,package-0,0.490966,0.071411,2585179844,641673650
1749115305003,package-0,0.517882,0.075745,2586091707,641816716
1749115307002,package-0,1.347714,0.076721,2587882779,641958012
1749115309003,package-0,0.364257,0.071655,2588679652,642112552
1749115311002,package-0,0.376098,0.081909,2589448815,642305545
1749115313002,package-0,0.346618,0.066711,2590191672,642445132
1749115315002,package-0,0.501342,0.071961,2591077290,642594119
1749115317002,package-0,0.353576,0.067688,2591771441,642723147
1749115319002,package-0,0.48828,0.071411,2592736343,642855532
1749115321002,package-0,0.508849,0.067261,2594155102,643002504
1749115323002,package-0,0.566832,0.098815,2595186959,643170655
1749115325002,package-0,0.469238,0.0625,2596125556,643360779
1749115327002,package-0,0.490539,0.058105,2597138798,643490234
1749115329002,package-0,0.472167,0.062134,2598079835,643607910
1749115331002,package-0,0.413818,0.105652,2598821899,643771789
1749115333002,package-0,0.371764,0.061706,2599692685,643917113
1749115335002,package-0,0.492247,0.067749,2600657221,644051146
1749115337002,package-0,0.464049,0.05835,2601696159,644228026
1749115339002,package-0,0.379211,0.06433,2602572927,644367307
1749115341002,package-0,0.458129,0.065063,2603529956,644504087
1749115343002,package-0,0.498107,0.075256,2604436997,644646054
1749115345002,package-0,0.343932,0.059509,2605264326,644774045
1749115347002,package-0,0.365722,0.069396,2605992901,644914669
1749115349002,package-0,0.408752,0.074279,2606988565,645102901
1749115351002,package-0,0.464904,0.064514,2607935889,645243831
1749115353002,package-0,0.472594,0.069946,2608913059,645381221
1749115355002,package-0,0.351928,0.068359,2609758211,645514155
1749115357003,package-0,0.390807,0.076965,2610527557,645670771
1749115359003,package-0,0.496581,0.068847,2611512296,645810968
1749115361002,package-0,0.505491,0.076904,2612400782,645963373
1749115363002,package-0,0.501891,0.068665,2613289452,646092706
1749115365003,package-0,0.494201,0.078186,2614270712,646244683
1749115367003,package-0,0.577452,0.074707,2615206317,646392388
1749115369002,package-0,0.49768,0.091247,2617046889,646562797
1749115371003,package-0,0.350035,0.080261,2617892101,646725639
1749115373003,package-0,0.382079,0.087158,2618680429,646893973
1749115375003,package-0,0.56549,0.123107,2620168036,647452016
1749115377002,package-0,0.463439,0.067932,2621129215,647597463
1749115379002,package-0,0.566527,0.120971,2622155213,647780812
1749115381002,package-0,0.496154,0.065246,2623484861,647944874
1749115383002,package-0,0.372069,0.053589,2624314387,648060047
1749115385002,package-0,0.460082,0.063049,2625250054,648183826
1749115387002,package-0,0.524718,0.067809,2626250967,648315478
1749115389002,package-0,0.477049,0.072449,2627193286,648449878
1749115391002,package-0,0.354735,0.073486,2628143723,648656603
1749115393002,package-0,0.352294,0.063049,2628850753,648783190
1749115395002,package-0,0.459594,0.070068,2629789532,648919237
1749115397002,package-0,0.499084,0.0672,2630768961,649060289
1749115399002,package-0,0.448424,0.052185,2631706641,649178330
1749115401002,package-0,0.458129,0.055908,2632619725,649365830
1749115403002,package-0,0.377257,0.072998,2633382418,649513107
1749115405002,package-0,0.353027,0.059204,2634101472,649636520
1749115407002,package-0,0.350951,0.067993,2634827727,649768844
1749115409002,package-0,0.467345,0.065308,2635660916,649899032
1749115411002,package-0,0.475402,0.067566,2636482020,650030684
1749115413002,package-0,0.38745,0.069702,2637229820,650163496
1749115415002,package-0,0.33966,0.054382,2637953024,650285688
1749115417002,package-0,0.374755,0.066529,2638707722,650420515
1749115419002,package-0,0.374389,0.073181,2639448504,650561689
1749115421002,package-0,0.388976,0.071838,2640176712,650701642
1749115423002,package-0,0.385925,0.068115,2640913405,650833416
1749115425002,package-0,0.376586,0.069396,2641634472,650965862
1749115427002,package-0,0.475951,0.057007,2642587412,651088299
1749115429002,package-0,0.356567,0.063781,2643311531,651217204
1749115431002,package-0,0.382201,0.069335,2644028143,651351481
1749115433002,package-0,0.477721,0.067993,2644937931,651489298
1749115435002,package-0,0.341735,0.065612,2645737977,651617777
1749115437002,package-0,0.389221,0.078125,2646498535,651765299
1749115439003,package-0,0.514647,0.088073,2647406857,651947244
1749115441002,package-0,0.371459,0.085816,2648550287,652112039
1749115443002,package-0,0.371398,0.065307,2649400138,652244057
1749115445002,package-0,0.334288,0.057129,2650069753,652364907
1749115447002,package-0,0.333251,0.056396,2650742054,652481544
1749115449002,package-0,0.391112,0.069519,2651483141,652617714
1749115451002,package-0,0.334716,0.056946,2652256088,652781959
1749115453002,package-0,0.348693,0.071594,2652928450,652904761
1749115455002,package-0,0.407653,0.067322,2653702618,653036841
1749115457002,package-0,0.406432,0.095276,2654501505,653197363
1749115459002,package-0,0.373962,0.074585,2655270729,653345739
1749115461003,package-0,0.390441,0.070678,2656040197,653503392
1749115463002,package-0,0.345031,0.06195,2656818943,653630650
1749115465002,package-0,0.352599,0.056702,2657568086,653757115
1749115467002,package-0,0.336181,0.063659,2658286285,653890598
1749115469002,package-0,0.37921,0.0672,2659043485,654022068
1749115471002,package-0,0.379332,0.071105,2659843471,654209567
1749115473002,package-0,0.38037,0.066956,2660603906,654339084
1749115475002,package-0,0.379821,0.067626,2661340965,654476473
1749115477002,package-0,0.342345,0.062744,2662061422,654605318
1749115479002,package-0,0.38745,0.074951,2662805316,654745516
1749115481002,package-0,0.393187,0.069336,2663584123,654881868
1749115483002,package-0,0.356018,0.055847,2664278946,655000276
1749115485002,package-0,0.383178,0.075134,2665035108,655150849
1749115487002,package-0,0.364867,0.06488,2665739879,655288361
1749115489002,package-0,0.351134,0.063232,2666431955,655412933
1749115491002,package-0,0.351134,0.066284,2667149177,655544830
1749115493002,package-0,0.386962,0.090515,2667990728,655703155
1749115495002,package-0,0.362487,0.07019,2668711796,655835662
1749115497002,package-0,0.376525,0.067199,2669442812,655974455
1749115499002,package-0,0.454405,0.12915,2670313842,656213652
1749115501003,package-0,0.453307,0.120666,2671519650,656412931
1749115503003,package-0,0.39801,0.085205,2672333796,656592618
1749115505002,package-0,0.366454,0.074646,2673077934,656736050
1749115507002,package-0,0.3385,0.070618,2673767752,656876370
1749115509002,package-0,0.379699,0.067871,2674521046,657017361
1749115511002,package-0,0.355651,0.070068,2675354296,657197780
1749115513002,package-0,0.397704,0.09967,2676114914,657365504
1749115515002,package-0,0.355773,0.072021,2676824079,657499293
1749115517002,package-0,0.343993,0.062927,2677545818,657633448
1749115519002,package-0,0.369994,0.062683,2678250101,657751917
1749115521002,package-0,0.34143,0.061889,2678957436,657882226
1749115523002,package-0,0.367004,0.068786,2679698462,658032128
1749115525002,package-0,0.340148,0.06659,2680380772,658161462
1749115527002,package-0,0.39276,0.072509,2681132906,658298546
1749115529002,package-0,0.37506,0.067566,2681875214,658430504
1749115531002,package-0,0.342467,0.064819,2682555937,658562095
1749115533002,package-0,0.343322,0.062195,2683254178,658693504
1749115535002,package-0,0.337707,0.067199,2683929225,658823813
1749115537002,package-0,0.422301,0.114135,2684715050,659008078
1749115539002,package-0,0.351684,0.065734,2685404624,659135641
1749115541002,package-0,0.354308,0.065429,2686120198,659268636
1749115543002,package-0,0.37274,0.059265,2686847857,659395040
1749115545003,package-0,0.386534,0.082153,2687593705,659543416
1749115547002,package-0,0.368041,0.060974,2688318374,659669148
1749115549002,package-0,0.351195,0.063659,2689015332,659796528
1749115551002,package-0,0.335998,0.06549,2689685314,659918842
1749115553002,package-0,0.394286,0.067505,2690448861,660052753
1749115555002,package-0,0.376159,0.069824,2691197395,660186359
1749115557002,package-0,0.356567,0.065307,2691935125,660304278
1749115559002,package-0,0.383483,0.07019,2692655887,660435870
1749115561002,package-0,0.352538,0.065613,2693789551,660580584
1749115563002,package-0,0.357543,0.056763,2694496214,660696062
1749115565002,package-0,0.348022,0.060058,2695199948,660822282
1749115567002,package-0,0.366332,0.072204,2695954707,660962785
1749115569002,package-0,0.37152,0.059693,2696699090,661086137
1749115571002,package-0,0.378234,0.068237,2697563956,661271256
1749115573002,package-0,0.380004,0.065552,2698297352,661399857
1749115575002,package-0,0.338744,0.066284,2699013537,661531692
1749115577002,package-0,0.387633,0.067993,2699759934,661660537
1749115579002,package-0,0.340697,0.064453,2700439497,661787246
1749115581002,package-0,0.364745,0.062561,2701150006,661914321
1749115583002,package-0,0.39038,0.061828,2701917033,662040480
1749115585002,package-0,0.379393,0.0672,2702630837,662169386
1749115587002,package-0,0.391723,0.072815,2703416480,662314222
1749115589002,package-0,0.338439,0.062561,2704097264,662441785
1749115591002,package-0,0.337645,0.067383,2704814547,662577771
1749115593002,package-0,0.335815,0.062989,2705521394,662693738
1749115595002,package-0,0.335571,0.065795,2706194427,662820873
1749115597002,package-0,0.383971,0.067871,2706915738,662949108
1749115599002,package-0,0.342712,0.073425,2707641994,663089672
1749115601002,package-0,0.399902,0.096496,2708447656,663291575
1749115603002,package-0,0.358825,0.059143,2709162742,663413035
1749115605002,package-0,0.345885,0.06427,2709943196,663572031
1749115607002,package-0,0.39923,0.063476,2710681842,663696054
1749115609002,package-0,0.416686,0.077271,2711482743,663841379
1749115611003,package-0,0.347717,0.066589,2712183303,663974618
1749115613002,package-0,0.431456,0.105835,2712949658,664141061
1749115615002,package-0,0.375793,0.068542,2713719554,664279976
1749115617002,package-0,0.344543,0.066955,2714436105,664427803
1749115619002,package-0,0.359191,0.070922,2715140998,664562995
1749115621002,package-0,0.374511,0.069763,2716331547,664719916
1749115623002,package-0,0.368041,0.081604,2717059999,664866767
1749115625002,package-0,0.334045,0.055969,2717861450,665037298
1749115627002,package-0,0.36621,0.069153,2718580198,665177557
1749115629003,package-0,0.418639,0.106689,2719450679,665415471
1749115631005,package-0,0.444213,0.118835,2720366998,665668461
1749115633002,package-0,0.345946,0.065124,2721063651,665798832
1749115635002,package-0,0.345763,0.063476,2721785878,665928287
1749115637002,package-0,0.343322,0.066406,2722491565,666057254
1749115639002,package-0,0.335571,0.060669,2723212694,666187137
1749115641002,package-0,0.358825,0.061401,2723916305,666306826
1749115643002,package-0,0.363829,0.070129,2724642255,666445376
1749115645002,package-0,0.342284,0.066467,2725351787,666577944
1749115647002,package-0,0.373107,0.068298,2726064188,666708864
1749115649002,package-0,0.353271,0.060608,2726774452,666834779
1749115651002,package-0,0.34143,0.068176,2727499792,666981507
1749115653002,package-0,0.372008,0.06958,2728225742,667122193
1749115655002,package-0,0.354797,0.067444,2728946810,667268555
1749115657002,package-0,0.362792,0.064392,2729675262,667397278
1749115659002,package-0,0.35205,0.059509,2730380583,667524902
1749115661002,package-0,0.375732,0.075256,2731226162,667710143
1749115663002,package-0,0.366149,0.070007,2731938623,667845519
1749115665002,package-0,0.379882,0.06958,2732660301,667972289
1749115667002,package-0,0.343505,0.063843,2733339987,668102171
1749115669002,package-0,0.348998,0.06427,2734041035,668235288
1749115671002,package-0,0.353942,0.067138,2734730425,668364011
1749115673002,package-0,0.378417,0.068115,2735476578,668495114
1749115675002,package-0,0.340758,0.063477,2736149916,668619870
1749115677002,package-0,0.341186,0.066467,2736850537,668750912
1749115679002,package-0,0.382201,0.070008,2737575877,668877438
1749115681002,package-0,0.3562,0.0672,2738747932,669027523
1749115683002,package-0,0.360168,0.068848,2739453497,669160579
1749115685002,package-0,0.372558,0.074036,2740191166,669301143
1749115687002,package-0,0.374572,0.067017,2740943483,669434321
1749115689002,package-0,0.361205,0.070557,2741667541,669571650
1749115691002,package-0,0.377379,0.067138,2742538755,669762628
1749115693002,package-0,0.356993,0.064636,2743235347,669889337
1749115695002,package-0,0.374389,0.064209,2743949518,670015069
1749115697002,package-0,0.336791,0.06073,2744665031,670141717
1749115699002,package-0,0.377013,0.067565,2745401968,670277336
1749115701002,package-0,0.385131,0.066895,2746142811,670412224
1749115703002,package-0,0.408568,0.071655,2746941026,670554130
1749115705002,package-0,0.343688,0.064452,2747609726,670675223
1749115707002,package-0,0.340514,0.06604,2748291792,670802665
1749115709002,package-0,0.340392,0.06366,2749003582,670934134
1749115711002,package-0,0.374754,0.073913,2749757486,671073904
1749115713002,package-0,0.359252,0.061218,2750474098,671204702
1749115715002,package-0,0.344299,0.068908,2751208777,671345937
1749115717002,package-0,0.360106,0.067505,2751940708,671488027
1749115719002,package-0,0.337707,0.059692,2752641207,671617909
1749115721002,package-0,0.342406,0.063415,2753361298,671749317
1749115723002,package-0,0.354797,0.057678,2754067290,671871265
1749115725002,package-0,0.337829,0.063293,2754756131,672000354
1749115727002,package-0,0.347472,0.063293,2755553126,672179065
1749115729002,package-0,0.37036,0.065673,2756301232,672314013
1749115731002,package-0,0.38861,0.069825,2757058249,672450549
1749115733002,package-0,0.364379,0.072693,2757768086,672589281
1749115735002,package-0,0.337401,0.063293,2758477801,672720079
1749115737002,package-0,0.384886,0.070678,2759273270,672863084
1749115739002,package-0,0.373656,0.068725,2760018935,672993638
1749115741002,package-0,0.34674,0.065002,2761184337,673147324
1749115743002,package-0,0.361693,0.068115,2761880197,673276962
1749115745002,package-0,0.339293,0.057251,2762600349,673400070
1749115747002,package-0,0.339782,0.0578,2763300421,673531661
1749115749002,package-0,0.351012,0.067383,2763987247,673662643
1749115751002,package-0,0.382201,0.069092,2764839662,673857833
1749115753002,package-0,0.373229,0.076965,2765557983,673999006
1749115755002,package-0,0.34735,0.063843,2766295774,674121260
1749115757002,package-0,0.404662,0.08966,2767033321,674272565
1749115759003,package-0,0.385497,0.074218,2767906610,674476483
1749115761002,package-0,0.373534,0.066162,2768637992,674610089
1749115763002,package-0,0.349487,0.06128,2769388540,674738568
1749115765002,package-0,0.34619,0.066528,2770158740,674880535
1749115767002,package-0,0.381225,0.074341,2770926500,675009258
1749115769002,package-0,0.344421,0.065002,2771737533,675198710
1749115771002,package-0,0.348693,0.066467,2772419538,675321147
1749115773002,package-0,0.341308,0.063659,2773109539,675448099
1749115775002,package-0,0.332458,0.054077,2773807230,675572184
1749115777002,package-0,0.373473,0.075683,2774522987,675713968
1749115779002,package-0,0.330688,0.062438,2775215429,675844033
1749115781002,package-0,0.395018,0.069763,2775946201,675975625
1749115783002,package-0,2.095759,1.233578,2778389249,677274877
1749115785002,package-0,0.483398,0.061279,2779354396,677401280
1749115787002,package-0,0.346679,0.05841,2780170006,677519505
1749115789002,package-0,0.349364,0.057861,2780862204,677639378
1749115791002,package-0,0.350463,0.063476,2781638081,677821323
1749115793002,package-0,0.363707,0.066345,2782360491,677953464
1749115795002,package-0,0.365905,0.070617,2783116959,678089999
1749115797002,package-0,0.341064,0.07196,2783827468,678214816
1749115799002,package-0,0.377623,0.070191,2784538403,678344760
1749115801002,package-0,0.444884,0.087707,2785773019,678513521
1749115803002,package-0,0.332153,0.050293,2786441597,678626070
1749115805002,package-0,0.478698,0.068054,2787258062,678752840
1749115807002,package-0,0.3385,0.062928,2788134524,679009187
1749115809002,package-0,0.336425,0.061035,2788807557,679130402
1749115811002,package-0,0.356628,0.067321,2789610473,679308685
1749115813002,package-0,0.345459,0.063476,2790321409,679438018
1749115815002,package-0,0.385742,0.067627,2791043514,679569061
1749115817002,package-0,0.337767,0.062073,2791726861,679700469
1749115819002,package-0,0.350768,0.052978,2792399467,679805205
1749115821002,package-0,0.332457,0.06073,2793087026,679918913
1749115823002,package-0,9.995946,6.369491,2809222422,690112918
1749115825002,package-0,9.817113,6.202743,2829027974,702659150
1749115827002,package-0,7.776042,4.243458,2845513650,712327949
1749115829002,package-0,9.310828,5.639024,2864432669,724051552
1749115831002,package-0,9.083046,5.678635,2882782598,735328683
1749115833002,package-0,4.13268,2.621453,2896667084,744119982
1749115835002,package-0,0.508666,0.06958,2897663175,744253954
