SourceFile,Timestamp,userTime (Ticks),systemTime (Ticks)
/proc/stat,1749207581436,199996,56932
/proc/5721/stat,1749207581444,1447,117
/proc/stat,1749207582086,200265,56953
/proc/5721/stat,1749207582094,1710,126
/proc/stat,1749207583088,200744,57001
/proc/5721/stat,1749207583094,2189,160
/proc/stat,1749207584113,201240,57048
/proc/5721/stat,1749207584120,2683,191
/proc/stat,1749207585144,201753,57092
/proc/5721/stat,1749207585158,3190,219
/proc/stat,1749207586100,202177,57127
/proc/5721/stat,1749207586107,3619,241
/proc/stat,1749207587093,202657,57170
/proc/5721/stat,1749207587097,4095,269
/proc/stat,1749207588077,203002,57193
/proc/5721/stat,1749207588082,4441,284
/proc/stat,1749207589076,203230,57225
/proc/5721/stat,1749207589082,4661,308
/proc/stat,1749207590072,203477,57254
/proc/5721/stat,1749207590077,4907,330
/proc/stat,1749207591076,203751,57277
/proc/5721/stat,1749207591079,5169,348
/proc/stat,1749207592088,204019,57306
/proc/5721/stat,1749207592092,5431,366
/proc/stat,1749207593068,204249,57334
/proc/5721/stat,1749207593074,5652,385
/proc/stat,1749207594091,204496,57361
/proc/5721/stat,1749207594097,5893,403
/proc/stat,1749207595093,204800,57386
/proc/5721/stat,1749207595098,6192,420
/proc/stat,1749207596081,205081,57409
/proc/5721/stat,1749207596084,6462,437
/proc/stat,1749207597075,205363,57427
/proc/5721/stat,1749207597079,6743,450
/proc/stat,1749207598106,205633,57453
/proc/5721/stat,1749207598111,7006,469
/proc/stat,1749207599069,205900,57477
/proc/5721/stat,1749207599073,7264,486
/proc/stat,1749207600095,206207,57504
/proc/5721/stat,1749207600099,7559,505
/proc/stat,1749207601076,206469,57532
/proc/5721/stat,1749207601079,7812,527
/proc/stat,1749207602066,206682,57555
/proc/5721/stat,1749207602069,8013,540
/proc/stat,1749207603123,206944,57582
/proc/5721/stat,1749207603128,8261,556
/proc/stat,1749207604077,207383,57616
/proc/5721/stat,1749207604080,8693,581
/proc/stat,1749207605072,207742,57660
/proc/5721/stat,1749207605077,9042,617
/proc/stat,1749207606067,207963,57691
/proc/5721/stat,1749207606070,9261,639
/proc/stat,1749207607069,208196,57716
/proc/5721/stat,1749207607073,9474,656
/proc/stat,1749207608075,208404,57737
/proc/5721/stat,1749207608080,9683,669
/proc/stat,1749207609069,208629,57755
/proc/5721/stat,1749207609073,9909,682
/proc/stat,1749207610069,208829,57785
/proc/5721/stat,1749207610073,10107,702
/proc/stat,1749207611076,209039,57812
/proc/5721/stat,1749207611079,10312,720
/proc/stat,1749207612073,209250,57843
/proc/5721/stat,1749207612078,10518,742
/proc/stat,1749207613100,209509,57874
/proc/5721/stat,1749207613105,10749,760
/proc/stat,1749207614069,209761,57911
/proc/5721/stat,1749207614072,10989,784
/proc/stat,1749207615069,209970,57937
/proc/5721/stat,1749207615072,11192,802
/proc/stat,1749207616068,210175,57960
/proc/5721/stat,1749207616071,11397,816
/proc/stat,1749207617068,210383,57987
/proc/5721/stat,1749207617073,11601,832
/proc/stat,1749207618069,210593,58012
/proc/5721/stat,1749207618073,11804,849
/proc/stat,1749207619068,210802,58042
/proc/5721/stat,1749207619071,12002,869
/proc/stat,1749207620067,211005,58077
/proc/5721/stat,1749207620070,12197,894
/proc/stat,1749207621072,211206,58113
/proc/5721/stat,1749207621076,12393,919
/proc/stat,1749207622075,211396,58151
/proc/5721/stat,1749207622079,12585,947
/proc/stat,1749207623070,211603,58178
/proc/5721/stat,1749207623073,12790,963
/proc/stat,1749207624067,211805,58203
/proc/5721/stat,1749207624069,12995,978
/proc/stat,1749207625066,212036,58239
/proc/5721/stat,1749207625070,13222,1000
/proc/stat,1749207626073,212258,58266
/proc/5721/stat,1749207626076,13441,1017
/proc/stat,1749207627067,212479,58293
/proc/5721/stat,1749207627070,13663,1034
/proc/stat,1749207628067,212686,58317
/proc/5721/stat,1749207628070,13868,1047
/proc/stat,1749207629079,212898,58341
/proc/5721/stat,1749207629082,14076,1062
/proc/stat,1749207630068,213101,58364
/proc/5721/stat,1749207630071,14277,1077
/proc/stat,1749207631067,213305,58388
/proc/5721/stat,1749207631070,14481,1092
/proc/stat,1749207632072,213512,58414
/proc/5721/stat,1749207632074,14684,1109
/proc/stat,1749207633069,213711,58443
/proc/5721/stat,1749207633072,14885,1128
/proc/stat,1749207634069,213909,58468
/proc/5721/stat,1749207634072,15089,1143
/proc/stat,1749207635070,214117,58495
/proc/5721/stat,1749207635073,15292,1159
/proc/stat,1749207636067,214322,58527
/proc/5721/stat,1749207636070,15498,1181
/proc/stat,1749207637074,214514,58562
/proc/5721/stat,1749207637077,15689,1208
/proc/stat,1749207638070,214717,58589
/proc/5721/stat,1749207638073,15887,1228
/proc/stat,1749207639067,214950,58617
/proc/5721/stat,1749207639070,16120,1247
/proc/stat,1749207640067,215164,58641
/proc/5721/stat,1749207640070,16330,1264
/proc/stat,1749207641071,215376,58670
/proc/5721/stat,1749207641073,16535,1279
/proc/stat,1749207642069,215576,58696
/proc/5721/stat,1749207642071,16735,1297
/proc/stat,1749207643077,215775,58729
/proc/5721/stat,1749207643080,16933,1321
/proc/stat,1749207644070,215976,58747
/proc/5721/stat,1749207644073,17140,1330
/proc/stat,1749207645066,216180,58773
/proc/5721/stat,1749207645069,17341,1347
/proc/stat,1749207646070,216375,58800
/proc/5721/stat,1749207646073,17542,1365
/proc/stat,1749207647066,216581,58826
/proc/5721/stat,1749207647069,17742,1382
/proc/stat,1749207648067,216781,58848
/proc/5721/stat,1749207648070,17946,1397
/proc/stat,1749207649066,216979,58876
/proc/5721/stat,1749207649069,18143,1418
/proc/stat,1749207650066,217182,58905
/proc/5721/stat,1749207650069,18343,1438
/proc/stat,1749207651069,217385,58929
/proc/5721/stat,1749207651072,18543,1456
/proc/stat,1749207652067,217599,58962
/proc/5721/stat,1749207652070,18756,1480
/proc/stat,1749207653065,217776,59008
/proc/5721/stat,1749207653068,18935,1519
/proc/stat,1749207654068,217991,59035
/proc/5721/stat,1749207654071,19149,1538
/proc/stat,1749207655066,218188,59065
/proc/5721/stat,1749207655069,19350,1561
/proc/stat,1749207656067,218384,59088
/proc/5721/stat,1749207656069,19554,1575
/proc/stat,1749207657066,218590,59120
/proc/5721/stat,1749207657068,19748,1599
/proc/stat,1749207658068,218798,59143
/proc/5721/stat,1749207658071,19951,1616
/proc/stat,1749207659071,219010,59166
/proc/5721/stat,1749207659074,20153,1633
/proc/stat,1749207660068,219211,59193
/proc/5721/stat,1749207660071,20351,1652
/proc/stat,1749207661073,219414,59216
/proc/5721/stat,1749207661077,20552,1670
/proc/stat,1749207662066,219608,59240
/proc/5721/stat,1749207662069,20748,1689
/proc/stat,1749207663072,219808,59267
/proc/5721/stat,1749207663075,20948,1711
/proc/stat,1749207664067,220003,59294
/proc/5721/stat,1749207664069,21144,1733
/proc/stat,1749207665070,220202,59320
/proc/5721/stat,1749207665074,21343,1753
/proc/stat,1749207666071,220406,59346
/proc/5721/stat,1749207666074,21542,1772
/proc/stat,1749207667067,220606,59366
/proc/5721/stat,1749207667070,21745,1787
/proc/stat,1749207668074,220804,59394
/proc/5721/stat,1749207668077,21948,1810
/proc/stat,1749207669066,220992,59436
/proc/5721/stat,1749207669068,22127,1847
/proc/stat,1749207670065,221193,59459
/proc/5721/stat,1749207670067,22328,1864
/proc/stat,1749207671065,221391,59480
/proc/5721/stat,1749207671068,22527,1881
/proc/stat,1749207672075,221592,59504
/proc/5721/stat,1749207672078,22727,1902
/proc/stat,1749207673076,221793,59528
/proc/5721/stat,1749207673080,22927,1922
/proc/stat,1749207674067,221994,59550
/proc/5721/stat,1749207674070,23127,1938
/proc/stat,1749207675067,222190,59573
/proc/5721/stat,1749207675071,23330,1954
/proc/stat,1749207676069,222396,59592
/proc/5721/stat,1749207676073,23534,1970
/proc/stat,1749207677068,222604,59617
/proc/5721/stat,1749207677071,23734,1988
/proc/stat,1749207678068,222809,59634
/proc/5721/stat,1749207678070,23941,2002
/proc/stat,1749207679068,223010,59654
/proc/5721/stat,1749207679070,24145,2017
/proc/stat,1749207680068,223211,59672
/proc/5721/stat,1749207680071,24350,2031
/proc/stat,1749207681072,223413,59690
/proc/5721/stat,1749207681075,24557,2044
/proc/stat,1749207682068,223610,59710
/proc/5721/stat,1749207682070,24760,2060
/proc/stat,1749207683066,223797,59735
/proc/5721/stat,1749207683069,24947,2082
/proc/stat,1749207684067,223985,59766
/proc/5721/stat,1749207684070,25136,2108
/proc/stat,1749207685065,224173,59797
/proc/5721/stat,1749207685068,25327,2134
/proc/stat,1749207686067,224372,59816
/proc/5721/stat,1749207686070,25531,2149
/proc/stat,1749207687067,224572,59839
/proc/5721/stat,1749207687070,25732,2167
/proc/stat,1749207688066,224774,59861
/proc/5721/stat,1749207688068,25934,2184
/proc/stat,1749207689070,224974,59883
/proc/5721/stat,1749207689073,26136,2200
/proc/stat,1749207690065,225178,59901
/proc/5721/stat,1749207690069,26340,2213
/proc/stat,1749207691067,225378,59926
/proc/5721/stat,1749207691070,26535,2237
/proc/stat,1749207692071,225580,59945
/proc/5721/stat,1749207692075,26737,2253
/proc/stat,1749207693066,225782,59967
/proc/5721/stat,1749207693069,26936,2271
/proc/stat,1749207694068,225987,59997
/proc/5721/stat,1749207694071,27131,2295
/proc/stat,1749207695069,226187,60025
/proc/5721/stat,1749207695073,27327,2318
/proc/stat,1749207696065,226392,60043
/proc/5721/stat,1749207696067,27528,2334
/proc/stat,1749207697065,226590,60066
/proc/5721/stat,1749207697068,27727,2354
/proc/stat,1749207698072,226793,60088
/proc/5721/stat,1749207698075,27930,2370
/proc/stat,1749207699068,226990,60110
/proc/5721/stat,1749207699071,28130,2388
/proc/stat,1749207700067,227178,60140
/proc/5721/stat,1749207700070,28318,2417
/proc/stat,1749207701066,227376,60164
/proc/5721/stat,1749207701069,28516,2437
/proc/stat,1749207702066,227579,60184
/proc/5721/stat,1749207702069,28720,2451
/proc/stat,1749207703067,227783,60202
/proc/5721/stat,1749207703070,28923,2466
/proc/stat,1749207704068,227986,60222
/proc/5721/stat,1749207704071,29125,2484
/proc/stat,1749207705069,228190,60246
/proc/5721/stat,1749207705073,29323,2503
/proc/stat,1749207706070,228389,60264
/proc/5721/stat,1749207706073,29527,2517
/proc/stat,1749207707070,228593,60287
/proc/5721/stat,1749207707072,29725,2536
/proc/stat,1749207708072,228795,60304
/proc/5721/stat,1749207708075,29929,2550
/proc/stat,1749207709073,229001,60324
/proc/5721/stat,1749207709075,30134,2565
/proc/stat,1749207710071,229200,60346
/proc/5721/stat,1749207710073,30337,2580
/proc/stat,1749207711068,229402,60363
/proc/5721/stat,1749207711071,30541,2594
/proc/stat,1749207712066,229602,60388
/proc/5721/stat,1749207712068,30738,2614
/proc/stat,1749207713065,229810,60410
/proc/5721/stat,1749207713068,30940,2631
/proc/stat,1749207714071,230012,60431
/proc/5721/stat,1749207714073,31142,2648
/proc/stat,1749207715067,230199,60465
/proc/5721/stat,1749207715069,31323,2679
/proc/stat,1749207716073,230391,60496
/proc/5721/stat,1749207716075,31513,2709
/proc/stat,1749207717066,230590,60514
/proc/5721/stat,1749207717069,31718,2722
/proc/stat,1749207718067,230794,60534
/proc/5721/stat,1749207718069,31922,2736
/proc/stat,1749207719070,230991,60557
/proc/5721/stat,1749207719072,32121,2756
/proc/stat,1749207720068,231190,60578
/proc/5721/stat,1749207720071,32322,2773
/proc/stat,1749207721065,231390,60595
/proc/5721/stat,1749207721067,32525,2787
/proc/stat,1749207722068,231590,60610
/proc/5721/stat,1749207722071,32732,2799
/proc/stat,1749207723065,231787,60635
/proc/5721/stat,1749207723068,32928,2821
/proc/stat,1749207724065,231986,60653
/proc/5721/stat,1749207724068,33131,2836
/proc/stat,1749207725074,232182,60678
/proc/5721/stat,1749207725076,33333,2854
/proc/stat,1749207726087,232394,60699
/proc/5721/stat,1749207726089,33536,2868
/proc/stat,1749207727064,232587,60720
/proc/5721/stat,1749207727067,33730,2886
/proc/stat,1749207728072,232790,60744
/proc/5721/stat,1749207728075,33931,2904
/proc/stat,1749207729067,232988,60762
/proc/5721/stat,1749207729070,34133,2919
/proc/stat,1749207730064,233178,60781
/proc/5721/stat,1749207730066,34324,2934
/proc/stat,1749207731073,233372,60808
/proc/5721/stat,1749207731075,34518,2958
/proc/stat,1749207732073,233562,60837
/proc/5721/stat,1749207732076,34713,2981
/proc/stat,1749207733071,233761,60853
/proc/5721/stat,1749207733073,34919,2993
/proc/stat,1749207734073,233960,60875
/proc/5721/stat,1749207734075,35120,3010
/proc/stat,1749207735066,234159,60897
/proc/5721/stat,1749207735068,35321,3028
/proc/stat,1749207736065,234356,60922
/proc/5721/stat,1749207736067,35520,3048
/proc/stat,1749207737064,234560,60947
/proc/5721/stat,1749207737067,35720,3068
/proc/stat,1749207738064,234758,60968
/proc/5721/stat,1749207738066,35920,3086
/proc/stat,1749207739067,234956,60986
/proc/5721/stat,1749207739069,36123,3102
/proc/stat,1749207740075,235158,61007
/proc/5721/stat,1749207740077,36328,3116
/proc/stat,1749207741067,235354,61027
/proc/5721/stat,1749207741069,36529,3132
/proc/stat,1749207742065,235558,61046
/proc/5721/stat,1749207742067,36733,3146
/proc/stat,1749207743072,235754,61068
/proc/5721/stat,1749207743074,36934,3164
/proc/stat,1749207744066,235949,61083
/proc/5721/stat,1749207744069,37138,3177
/proc/stat,1749207745064,236152,61102
/proc/5721/stat,1749207745066,37341,3193
/proc/stat,1749207746066,236340,61126
/proc/5721/stat,1749207746072,37531,3213
/proc/stat,1749207747067,236531,61165
/proc/5721/stat,1749207747069,37721,3249
/proc/stat,1749207748063,236729,61191
/proc/5721/stat,1749207748066,37917,3271
/proc/stat,1749207749071,236927,61215
/proc/5721/stat,1749207749073,38118,3290
/proc/stat,1749207750067,237124,61239
/proc/5721/stat,1749207750069,38316,3311
/proc/stat,1749207751067,237322,61260
/proc/5721/stat,1749207751070,38520,3327
/proc/stat,1749207752065,237518,61291
/proc/5721/stat,1749207752067,38712,3353
/proc/stat,1749207753065,237716,61314
/proc/5721/stat,1749207753068,38911,3373
/proc/stat,1749207754068,237916,61334
/proc/5721/stat,1749207754071,39111,3390
/proc/stat,1749207755065,238116,61354
/proc/5721/stat,1749207755068,39315,3405
/proc/stat,1749207756066,238311,61374
/proc/5721/stat,1749207756068,39518,3419
/proc/stat,1749207757069,238515,61397
/proc/5721/stat,1749207757071,39720,3438
/proc/stat,1749207758069,238719,61417
/proc/5721/stat,1749207758071,39922,3454
/proc/stat,1749207759066,238922,61445
/proc/5721/stat,1749207759068,40117,3478
/proc/stat,1749207760071,239131,61463
/proc/5721/stat,1749207760073,40330,3492
/proc/stat,1749207761066,239328,61484
/proc/5721/stat,1749207761068,40530,3509
/proc/stat,1749207762068,239530,61509
/proc/5721/stat,1749207762071,40740,3529
/proc/stat,1749207763067,239710,61554
/proc/5721/stat,1749207763070,40915,3571
/proc/stat,1749207764066,239903,61577
/proc/5721/stat,1749207764069,41114,3591
/proc/stat,1749207765064,240108,61599
/proc/5721/stat,1749207765067,41319,3611
/proc/stat,1749207766066,240306,61617
/proc/5721/stat,1749207766069,41524,3624
/proc/stat,1749207767070,240504,61637
/proc/5721/stat,1749207767072,41727,3641
/proc/stat,1749207768068,240702,61661
/proc/5721/stat,1749207768070,41923,3661
/proc/stat,1749207769065,240906,61680
/proc/5721/stat,1749207769067,42126,3677
/proc/stat,1749207770065,241102,61699
/proc/5721/stat,1749207770067,42330,3693
/proc/stat,1749207771069,241300,61720
/proc/5721/stat,1749207771071,42530,3710
/proc/stat,1749207772071,241504,61743
/proc/5721/stat,1749207772073,42731,3728
/proc/stat,1749207773070,241716,61766
/proc/5721/stat,1749207773073,42931,3747
/proc/stat,1749207774065,241910,61787
/proc/5721/stat,1749207774067,43131,3765
/proc/stat,1749207775064,242111,61805
/proc/5721/stat,1749207775065,43333,3780
/proc/stat,1749207776068,242312,61831
/proc/5721/stat,1749207776070,43531,3802
/proc/stat,1749207777062,242502,61852
/proc/5721/stat,1749207777064,43720,3819
/proc/stat,1749207778065,242701,61886
/proc/5721/stat,1749207778068,43918,3850
/proc/stat,1749207779065,242894,61922
/proc/5721/stat,1749207779067,44112,3882
/proc/stat,1749207780069,243096,61943
/proc/5721/stat,1749207780072,44314,3898
/proc/stat,1749207781065,243300,61962
/proc/5721/stat,1749207781067,44516,3915
/proc/stat,1749207782072,243501,61978
/proc/5721/stat,1749207782074,44722,3928
/proc/stat,1749207783066,243704,61997
/proc/5721/stat,1749207783068,44923,3943
/proc/stat,1749207784066,243898,62015
/proc/5721/stat,1749207784068,45126,3958
/proc/stat,1749207785074,244104,62035
/proc/5721/stat,1749207785076,45330,3974
/proc/stat,1749207786064,244302,62051
/proc/5721/stat,1749207786066,45532,3988
/proc/stat,1749207787066,244495,62078
/proc/5721/stat,1749207787069,45727,4011
/proc/stat,1749207788067,244698,62095
/proc/5721/stat,1749207788069,45932,4024
/proc/stat,1749207789065,244899,62115
/proc/5721/stat,1749207789066,46134,4040
/proc/stat,1749207790066,245098,62133
/proc/5721/stat,1749207790068,46337,4055
/proc/stat,1749207791065,245296,62154
/proc/5721/stat,1749207791067,46537,4072
/proc/stat,1749207792065,245495,62175
/proc/5721/stat,1749207792068,46739,4089
/proc/stat,1749207793065,245694,62196
/proc/5721/stat,1749207793067,46941,4107
/proc/stat,1749207794072,245885,62228
/proc/5721/stat,1749207794074,47128,4136
/proc/stat,1749207795064,246082,62252
/proc/5721/stat,1749207795066,47324,4157
/proc/stat,1749207796070,246286,62268
/proc/5721/stat,1749207796072,47531,4170
/proc/stat,1749207797067,246480,62288
/proc/5721/stat,1749207797069,47732,4186
/proc/stat,1749207798063,246679,62305
/proc/5721/stat,1749207798065,47936,4199
/proc/stat,1749207799067,246875,62324
/proc/5721/stat,1749207799068,48138,4216
/proc/stat,1749207800064,247075,62344
/proc/5721/stat,1749207800066,48339,4233
/proc/stat,1749207801066,247273,62368
/proc/5721/stat,1749207801068,48539,4252
/proc/stat,1749207802064,247472,62384
/proc/5721/stat,1749207802067,48744,4266
/proc/stat,1749207803065,247674,62400
/proc/5721/stat,1749207803067,48948,4279
/proc/stat,1749207804067,247874,62420
/proc/5721/stat,1749207804069,49149,4297
/proc/stat,1749207805073,248076,62444
/proc/5721/stat,1749207805075,49351,4316
/proc/stat,1749207806065,248275,62468
/proc/5721/stat,1749207806067,49546,4336
/proc/stat,1749207807069,248473,62488
/proc/5721/stat,1749207807071,49749,4353
/proc/stat,1749207808064,248673,62507
/proc/5721/stat,1749207808067,49951,4370
/proc/stat,1749207809064,248862,62530
/proc/5721/stat,1749207809066,50140,4390
/proc/stat,1749207810071,249045,62571
/proc/5721/stat,1749207810073,50322,4427
/proc/stat,1749207811065,249241,62591
/proc/5721/stat,1749207811067,50525,4442
/proc/stat,1749207812064,249440,62608
/proc/5721/stat,1749207812067,50728,4456
/proc/stat,1749207813064,249647,62626
/proc/5721/stat,1749207813066,50940,4471
/proc/stat,1749207814066,249847,62647
/proc/5721/stat,1749207814068,51142,4490
/proc/stat,1749207815073,250054,62663
/proc/5721/stat,1749207815074,51349,4504
/proc/stat,1749207816064,250255,62682
/proc/5721/stat,1749207816066,51549,4520
/proc/stat,1749207817065,250452,62708
/proc/5721/stat,1749207817067,51746,4541
/proc/stat,1749207818066,250652,62728
/proc/5721/stat,1749207818068,51947,4558
/proc/stat,1749207819070,250853,62754
/proc/5721/stat,1749207819072,52148,4578
/proc/stat,1749207820067,251046,62777
/proc/5721/stat,1749207820069,52347,4595
/proc/stat,1749207821066,251251,62798
/proc/5721/stat,1749207821068,52549,4612
/proc/stat,1749207822064,251456,62823
/proc/5721/stat,1749207822066,52751,4627
/proc/stat,1749207823064,251654,62852
/proc/5721/stat,1749207823066,52952,4644
/proc/stat,1749207824079,251843,62873
/proc/5721/stat,1749207824082,53148,4663
/proc/stat,1749207825069,252030,62906
/proc/5721/stat,1749207825071,53335,4693
/proc/stat,1749207826064,252214,62936
/proc/5721/stat,1749207826066,53526,4720
/proc/stat,1749207827069,252414,62955
/proc/5721/stat,1749207827071,53727,4738
/proc/stat,1749207828065,252611,62974
/proc/5721/stat,1749207828068,53928,4754
/proc/stat,1749207829065,252806,63000
/proc/5721/stat,1749207829067,54125,4776
/proc/stat,1749207830067,253009,63016
/proc/5721/stat,1749207830069,54331,4789
/proc/stat,1749207831065,253215,63033
/proc/5721/stat,1749207831067,54536,4802
/proc/stat,1749207832078,253421,63052
/proc/5721/stat,1749207832081,54743,4817
/proc/stat,1749207833067,253616,63073
/proc/5721/stat,1749207833069,54943,4835
/proc/stat,1749207834067,253819,63092
/proc/5721/stat,1749207834070,55147,4850
/proc/stat,1749207835067,254019,63117
/proc/5721/stat,1749207835069,55345,4871
/proc/stat,1749207836069,254225,63142
/proc/5721/stat,1749207836073,55544,4891
/proc/stat,1749207837071,254430,63163
/proc/5721/stat,1749207837074,55746,4909
/proc/stat,1749207838066,254624,63190
/proc/5721/stat,1749207838067,55940,4931
/proc/stat,1749207839066,254827,63211
/proc/5721/stat,1749207839068,56140,4949
/proc/stat,1749207840065,255019,63235
/proc/5721/stat,1749207840067,56333,4972
/proc/stat,1749207841068,255201,63268
/proc/5721/stat,1749207841070,56518,5003
/proc/stat,1749207842065,255400,63298
/proc/5721/stat,1749207842067,56711,5028
/proc/stat,1749207843071,255602,63316
/proc/5721/stat,1749207843073,56916,5044
/proc/stat,1749207844067,255796,63336
/proc/5721/stat,1749207844069,57116,5060
/proc/stat,1749207845065,255995,63360
/proc/5721/stat,1749207845067,57312,5080
/proc/stat,1749207846065,256190,63384
/proc/5721/stat,1749207846067,57510,5101
/proc/stat,1749207847064,256393,63407
/proc/5721/stat,1749207847066,57708,5121
/proc/stat,1749207848065,256592,63430
/proc/5721/stat,1749207848068,57908,5141
/proc/stat,1749207849067,256792,63451
/proc/5721/stat,1749207849069,58109,5158
/proc/stat,1749207850067,256993,63475
/proc/5721/stat,1749207850069,58308,5177
/proc/stat,1749207851071,257190,63498
/proc/5721/stat,1749207851073,58507,5198
/proc/stat,1749207852072,257394,63519
/proc/5721/stat,1749207852073,58709,5214
/proc/stat,1749207853071,257589,63546
/proc/5721/stat,1749207853073,58905,5237
/proc/stat,1749207854067,257789,63564
/proc/5721/stat,1749207854070,59109,5251
/proc/stat,1749207855071,257987,63586
/proc/5721/stat,1749207855074,59311,5270
/proc/stat,1749207856066,258192,63616
/proc/5721/stat,1749207856068,59513,5296
/proc/stat,1749207857064,258378,63648
/proc/5721/stat,1749207857067,59703,5323
/proc/stat,1749207858064,258571,63672
/proc/5721/stat,1749207858066,59903,5342
/proc/stat,1749207859068,258770,63693
/proc/5721/stat,1749207859070,60103,5360
/proc/stat,1749207860065,258971,63706
/proc/5721/stat,1749207860067,60312,5370
/proc/stat,1749207861065,259169,63730
/proc/5721/stat,1749207861067,60506,5392
/proc/stat,1749207862067,259363,63759
/proc/5721/stat,1749207862069,60701,5416
/proc/stat,1749207863070,259562,63776
/proc/5721/stat,1749207863072,60908,5427
/proc/stat,1749207864071,259760,63798
/proc/5721/stat,1749207864073,61108,5446
/proc/stat,1749207865069,259959,63818
/proc/5721/stat,1749207865071,61309,5465
/proc/stat,1749207866068,260164,63845
/proc/5721/stat,1749207866070,61509,5484
/proc/stat,1749207867064,260366,63869
/proc/5721/stat,1749207867067,61709,5501
/proc/stat,1749207868066,260569,63896
/proc/5721/stat,1749207868068,61911,5520
/proc/stat,1749207869065,260767,63916
/proc/5721/stat,1749207869067,62116,5534
/proc/stat,1749207870067,260963,63938
/proc/5721/stat,1749207870069,62313,5554
/proc/stat,1749207871065,261157,63968
/proc/5721/stat,1749207871067,62509,5579
/proc/stat,1749207872066,261345,64008
/proc/5721/stat,1749207872068,62687,5616
/proc/stat,1749207873065,261536,64032
/proc/5721/stat,1749207873067,62883,5638
/proc/stat,1749207874064,261734,64054
/proc/5721/stat,1749207874066,63085,5654
/proc/stat,1749207875074,261929,64086
/proc/5721/stat,1749207875077,63278,5681
/proc/stat,1749207876065,262128,64100
/proc/5721/stat,1749207876067,63484,5693
/proc/stat,1749207877064,262331,64122
/proc/5721/stat,1749207877066,63688,5710
/proc/stat,1749207878065,262538,64141
/proc/5721/stat,1749207878068,63892,5726
/proc/stat,1749207879065,262737,64161
/proc/5721/stat,1749207879067,64093,5743
/proc/stat,1749207880065,262937,64179
/proc/5721/stat,1749207880067,64298,5757
/proc/stat,1749207881070,263137,64203
/proc/5721/stat,1749207881072,64498,5777
/proc/stat,1749207882064,263336,64226
/proc/5721/stat,1749207882067,64698,5795
/proc/stat,1749207883064,263540,64243
/proc/5721/stat,1749207883066,64903,5809
/proc/stat,1749207884067,263741,64264
/proc/5721/stat,1749207884069,65107,5826
/proc/stat,1749207885068,263940,64288
/proc/5721/stat,1749207885069,65307,5846
/proc/stat,1749207886063,264140,64314
/proc/5721/stat,1749207886065,65503,5868
/proc/stat,1749207887064,264324,64338
/proc/5721/stat,1749207887066,65694,5889
/proc/stat,1749207888064,264501,64381
/proc/5721/stat,1749207888066,65871,5928
/proc/stat,1749207889064,264708,64395
/proc/5721/stat,1749207889066,66078,5941
/proc/stat,1749207890065,264902,64420
/proc/5721/stat,1749207890067,66276,5962
/proc/stat,1749207891067,265103,64440
/proc/5721/stat,1749207891069,66480,5978
/proc/stat,1749207892070,265299,64464
/proc/5721/stat,1749207892072,66679,5999
/proc/stat,1749207893069,265500,64487
/proc/5721/stat,1749207893071,66879,6018
/proc/stat,1749207894069,265699,64507
/proc/5721/stat,1749207894071,67081,6036
/proc/stat,1749207895064,265901,64529
/proc/5721/stat,1749207895066,67280,6054
/proc/stat,1749207896067,266098,64549
/proc/5721/stat,1749207896069,67482,6072
/proc/stat,1749207897064,266300,64566
/proc/5721/stat,1749207897067,67687,6085
/proc/stat,1749207898069,266502,64586
/proc/5721/stat,1749207898071,67891,6099
/proc/stat,1749207899065,266698,64608
/proc/5721/stat,1749207899067,68091,6116
/proc/stat,1749207900070,266899,64634
/proc/5721/stat,1749207900073,68287,6138
/proc/stat,1749207901066,267098,64658
/proc/5721/stat,1749207901068,68486,6157
/proc/stat,1749207902076,267295,64680
/proc/5721/stat,1749207902078,68685,6174
/proc/stat,1749207903064,267475,64723
/proc/5721/stat,1749207903066,68865,6212
/proc/stat,1749207904066,267678,64740
/proc/5721/stat,1749207904068,69070,6227
/proc/stat,1749207905063,267883,64760
/proc/5721/stat,1749207905064,69273,6243
/proc/stat,1749207906065,268081,64781
/proc/5721/stat,1749207906067,69475,6258
/proc/stat,1749207907073,268285,64799
/proc/5721/stat,1749207907075,69683,6272
/proc/stat,1749207908066,268476,64822
/proc/5721/stat,1749207908068,69880,6291
/proc/stat,1749207909065,268673,64848
/proc/5721/stat,1749207909067,70075,6314
/proc/stat,1749207910065,268924,64873
/proc/5721/stat,1749207910067,70274,6334
/proc/stat,1749207911064,269124,64893
/proc/5721/stat,1749207911065,70475,6352
/proc/stat,1749207912066,269327,64911
/proc/5721/stat,1749207912068,70679,6367
/proc/stat,1749207913066,269525,64932
/proc/5721/stat,1749207913068,70877,6387
/proc/stat,1749207914064,269722,64954
/proc/5721/stat,1749207914066,71081,6402
/proc/stat,1749207915065,269924,64976
/proc/5721/stat,1749207915067,71280,6419
/proc/stat,1749207916065,270130,65012
/proc/5721/stat,1749207916067,71473,6444
/proc/stat,1749207917071,270337,65037
/proc/5721/stat,1749207917073,71677,6460
/proc/stat,1749207918063,270528,65072
/proc/5721/stat,1749207918065,71870,6485
/proc/stat,1749207919065,270705,65112
/proc/5721/stat,1749207919067,72050,6521
/proc/stat,1749207920064,270898,65135
/proc/5721/stat,1749207920066,72248,6541
/proc/stat,1749207921071,271099,65155
/proc/5721/stat,1749207921073,72453,6557
/proc/stat,1749207922064,271301,65175
/proc/5721/stat,1749207922066,72652,6573
/proc/stat,1749207923065,271511,65196
/proc/5721/stat,1749207923067,72853,6591
/proc/stat,1749207924069,271710,65222
/proc/5721/stat,1749207924071,73050,6613
/proc/stat,1749207925066,271926,65244
/proc/5721/stat,1749207925068,73251,6630
/proc/stat,1749207926064,272128,65264
/proc/5721/stat,1749207926065,73454,6646
/proc/stat,1749207927063,272324,65283
/proc/5721/stat,1749207927065,73658,6661
/proc/stat,1749207928065,272525,65307
/proc/5721/stat,1749207928067,73857,6680
/proc/stat,1749207929063,272721,65331
/proc/5721/stat,1749207929065,74053,6699
/proc/stat,1749207930065,272924,65350
/proc/5721/stat,1749207930067,74259,6715
/proc/stat,1749207931064,273117,65375
/proc/5721/stat,1749207931066,74455,6736
/proc/stat,1749207932075,273314,65401
/proc/5721/stat,1749207932077,74654,6758
/proc/stat,1749207933071,273518,65421
/proc/5721/stat,1749207933073,74858,6772
/proc/stat,1749207934068,273714,65452
/proc/5721/stat,1749207934070,75058,6798
/proc/stat,1749207935064,273909,65481
/proc/5721/stat,1749207935066,75248,6823
/proc/stat,1749207936067,274109,65498
/proc/5721/stat,1749207936068,75454,6836
/proc/stat,1749207937063,274310,65517
/proc/5721/stat,1749207937065,75654,6852
/proc/stat,1749207938065,274507,65542
/proc/5721/stat,1749207938066,75852,6874
/proc/stat,1749207939064,274712,65561
/proc/5721/stat,1749207939066,76053,6891
/proc/stat,1749207940063,274915,65583
/proc/5721/stat,1749207940065,76254,6908
/proc/stat,1749207941069,275115,65602
/proc/5721/stat,1749207941071,76459,6923
/proc/stat,1749207942066,275305,65630
/proc/5721/stat,1749207942068,76652,6948
/proc/stat,1749207943063,275504,65649
/proc/5721/stat,1749207943065,76857,6961
/proc/stat,1749207944064,275701,65671
/proc/5721/stat,1749207944066,77057,6980
/proc/stat,1749207945065,275907,65688
/proc/5721/stat,1749207945067,77264,6993
/proc/stat,1749207946066,276108,65713
/proc/5721/stat,1749207946068,77465,7011
/proc/stat,1749207947073,276314,65731
/proc/5721/stat,1749207947075,77671,7027
/proc/stat,1749207948066,276512,65754
/proc/5721/stat,1749207948068,77869,7046
/proc/stat,1749207949086,276713,65783
/proc/5721/stat,1749207949088,78071,7071
/proc/stat,1749207950064,276902,65812
/proc/5721/stat,1749207950066,78257,7098
/proc/stat,1749207951066,277092,65838
/proc/5721/stat,1749207951068,78452,7120
/proc/stat,1749207952067,277295,65858
/proc/5721/stat,1749207952069,78655,7137
/proc/stat,1749207953069,277496,65880
/proc/5721/stat,1749207953071,78855,7155
/proc/stat,1749207954072,277697,65904
/proc/5721/stat,1749207954074,79056,7176
/proc/stat,1749207955064,277898,65924
/proc/5721/stat,1749207955066,79257,7192
/proc/stat,1749207956067,278100,65946
/proc/5721/stat,1749207956069,79459,7210
/proc/stat,1749207957064,278296,65968
/proc/5721/stat,1749207957066,79658,7229
/proc/stat,1749207958069,278500,65990
/proc/5721/stat,1749207958071,79861,7246
/proc/stat,1749207959066,278696,66017
/proc/5721/stat,1749207959068,80054,7270
/proc/stat,1749207960070,278897,66035
/proc/5721/stat,1749207960072,80260,7285
/proc/stat,1749207961065,279099,66059
/proc/5721/stat,1749207961067,80458,7303
/proc/stat,1749207962065,279298,66078
/proc/5721/stat,1749207962067,80660,7319
/proc/stat,1749207963072,279503,66098
/proc/5721/stat,1749207963074,80863,7336
/proc/stat,1749207964068,279706,66118
/proc/5721/stat,1749207964070,81064,7352
/proc/stat,1749207965070,279915,66148
/proc/5721/stat,1749207965072,81254,7379
/proc/stat,1749207966067,280103,66180
/proc/5721/stat,1749207966069,81442,7405
/proc/stat,1749207967066,280298,66202
/proc/5721/stat,1749207967068,81641,7423
/proc/stat,1749207968066,280499,66222
/proc/5721/stat,1749207968067,81845,7437
/proc/stat,1749207969065,280718,66253
/proc/5721/stat,1749207969067,82040,7458
/proc/stat,1749207970068,280923,66275
/proc/5721/stat,1749207970070,82245,7473
/proc/stat,1749207971065,281126,66298
/proc/5721/stat,1749207971066,82449,7485
/proc/stat,1749207972064,281324,66320
/proc/5721/stat,1749207972067,82650,7503
/proc/stat,1749207973066,281521,66340
/proc/5721/stat,1749207973068,82853,7520
/proc/stat,1749207974063,281724,66358
/proc/5721/stat,1749207974065,83055,7536
/proc/stat,1749207975062,281923,66380
/proc/5721/stat,1749207975064,83254,7554
/proc/stat,1749207976066,282118,66404
/proc/5721/stat,1749207976068,83454,7573
/proc/stat,1749207977063,282309,66431
/proc/5721/stat,1749207977065,83650,7595
/proc/stat,1749207978072,282518,66447
/proc/5721/stat,1749207978073,83858,7608
/proc/stat,1749207979070,282712,66464
/proc/5721/stat,1749207979072,84062,7623
/proc/stat,1749207980065,282910,66486
/proc/5721/stat,1749207980067,84262,7640
/proc/stat,1749207981071,283102,66510
/proc/5721/stat,1749207981073,84458,7661
/proc/stat,1749207982062,283287,66540
/proc/5721/stat,1749207982064,84644,7689
/proc/stat,1749207983063,283485,66560
/proc/5721/stat,1749207983065,84845,7706
/proc/stat,1749207984064,283696,66577
/proc/5721/stat,1749207984066,85047,7720
/proc/stat,1749207985067,283887,66608
/proc/5721/stat,1749207985069,85237,7749
/proc/stat,1749207986065,284095,66630
/proc/5721/stat,1749207986067,85440,7765
/proc/stat,1749207987064,284292,66646
/proc/5721/stat,1749207987066,85645,7779
/proc/stat,1749207988065,284491,66669
/proc/5721/stat,1749207988066,85845,7799
/proc/stat,1749207989065,284691,66692
/proc/5721/stat,1749207989067,86045,7818
/proc/stat,1749207990064,284895,66708
/proc/5721/stat,1749207990066,86251,7830
/proc/stat,1749207991064,285094,66730
/proc/5721/stat,1749207991065,86450,7849
/proc/stat,1749207992065,285294,66749
/proc/5721/stat,1749207992067,86653,7865
/proc/stat,1749207993064,285491,66774
/proc/5721/stat,1749207993065,86851,7886
/proc/stat,1749207994066,285690,66801
/proc/5721/stat,1749207994068,87048,7908
/proc/stat,1749207995063,285891,66817
/proc/5721/stat,1749207995065,87254,7921
/proc/stat,1749207996069,286096,66844
/proc/5721/stat,1749207996071,87458,7943
/proc/stat,1749207997076,286284,66875
/proc/5721/stat,1749207997078,87648,7971
/proc/stat,1749207998067,286474,66906
/proc/5721/stat,1749207998069,87837,7999
/proc/stat,1749207999064,286671,66928
/proc/5721/stat,1749207999065,88036,8019
/proc/stat,1749208000063,286874,66954
/proc/5721/stat,1749208000065,88232,8041
/proc/stat,1749208001064,287072,66974
/proc/5721/stat,1749208001066,88434,8058
/proc/stat,1749208002066,287269,67000
/proc/5721/stat,1749208002068,88629,8082
/proc/stat,1749208003068,287472,67023
/proc/5721/stat,1749208003070,88828,8100
/proc/stat,1749208004074,287675,67045
/proc/5721/stat,1749208004076,89031,8118
/proc/stat,1749208005070,287867,67068
/proc/5721/stat,1749208005072,89228,8139
/proc/stat,1749208006063,288070,67086
/proc/5721/stat,1749208006065,89429,8154
/proc/stat,1749208007065,288269,67110
/proc/5721/stat,1749208007066,89628,8173
/proc/stat,1749208008062,288465,67130
/proc/5721/stat,1749208008064,89829,8190
/proc/stat,1749208009071,288668,67149
/proc/5721/stat,1749208009072,90032,8206
/proc/stat,1749208010064,288868,67171
/proc/5721/stat,1749208010065,90231,8225
/proc/stat,1749208011063,289067,67191
/proc/5721/stat,1749208011065,90430,8244
/proc/stat,1749208012065,289263,67218
/proc/5721/stat,1749208012067,90628,8267
/proc/stat,1749208013070,289446,67253
/proc/5721/stat,1749208013072,90813,8298
/proc/stat,1749208014070,289638,67288
/proc/5721/stat,1749208014071,91001,8329
/proc/stat,1749208015064,289834,67306
/proc/5721/stat,1749208015066,91201,8345
/proc/stat,1749208016064,290025,67331
/proc/5721/stat,1749208016066,91397,8367
/proc/stat,1749208017063,290230,67355
/proc/5721/stat,1749208017064,91595,8387
/proc/stat,1749208018063,290430,67384
/proc/5721/stat,1749208018065,91792,8410
/proc/stat,1749208019063,290627,67408
/proc/5721/stat,1749208019064,91989,8432
/proc/stat,1749208020066,290826,67432
/proc/5721/stat,1749208020067,92188,8452
/proc/stat,1749208021064,291024,67453
/proc/5721/stat,1749208021066,92390,8469
/proc/stat,1749208022064,291228,67473
/proc/5721/stat,1749208022065,92591,8485
/proc/stat,1749208023073,291428,67496
/proc/5721/stat,1749208023075,92792,8504
/proc/stat,1749208024062,291626,67515
/proc/5721/stat,1749208024064,92991,8521
/proc/stat,1749208025064,291826,67534
/proc/5721/stat,1749208025065,93194,8537
/proc/stat,1749208026064,292028,67557
/proc/5721/stat,1749208026066,93395,8555
/proc/stat,1749208027063,292225,67579
/proc/5721/stat,1749208027064,93594,8572
/proc/stat,1749208028069,292418,67615
/proc/5721/stat,1749208028071,93795,8597
/proc/stat,1749208029062,292605,67646
/proc/5721/stat,1749208029064,93985,8622
/proc/stat,1749208030063,292843,67670
/proc/5721/stat,1749208030066,94181,8639
/proc/stat,1749208031064,293045,67698
/proc/5721/stat,1749208031065,94381,8656
/proc/stat,1749208032064,293236,67727
/proc/5721/stat,1749208032066,94570,8684
/proc/stat,1749208033064,293431,67748
/proc/5721/stat,1749208033066,94769,8704
/proc/stat,1749208034068,293636,67771
/proc/5721/stat,1749208034070,94968,8724
/proc/stat,1749208035087,293928,67795
/proc/5721/stat,1749208035089,95170,8742
/proc/stat,1749208036067,294122,67812
/proc/5721/stat,1749208036069,95369,8757
/proc/stat,1749208037064,294322,67833
/proc/5721/stat,1749208037066,95569,8774
/proc/stat,1749208038065,294527,67851
/proc/5721/stat,1749208038067,95777,8787
/proc/stat,1749208039068,294730,67870
/proc/5721/stat,1749208039070,95982,8802
/proc/stat,1749208040067,294924,67890
/proc/5721/stat,1749208040070,96184,8819
/proc/stat,1749208041065,295124,67911
/proc/5721/stat,1749208041068,96387,8836
/proc/stat,1749208042068,295330,67928
/proc/5721/stat,1749208042070,96595,8848
/proc/stat,1749208043067,295528,67956
/proc/5721/stat,1749208043069,96793,8872
/proc/stat,1749208044063,295713,67987
/proc/5721/stat,1749208044067,96979,8901
/proc/stat,1749208045065,295899,68021
/proc/5721/stat,1749208045066,97168,8931
/proc/stat,1749208046063,296101,68034
/proc/5721/stat,1749208046065,97377,8941
/proc/stat,1749208047066,296300,68054
/proc/5721/stat,1749208047068,97579,8957
/proc/stat,1749208048065,296494,68077
/proc/5721/stat,1749208048067,97776,8978
/proc/stat,1749208049071,296700,68096
/proc/5721/stat,1749208049073,97981,8993
/proc/stat,1749208050067,296898,68118
/proc/5721/stat,1749208050069,98182,9012
/proc/stat,1749208051067,297102,68138
/proc/5721/stat,1749208051069,98382,9028
/proc/stat,1749208052065,297391,68161
/proc/5721/stat,1749208052068,98582,9045
/proc/stat,1749208053063,297595,68181
/proc/5721/stat,1749208053065,98782,9063
/proc/stat,1749208054071,297794,68205
/proc/5721/stat,1749208054072,98981,9084
/proc/stat,1749208055064,297991,68229
/proc/5721/stat,1749208055066,99180,9102
/proc/stat,1749208056065,298195,68247
/proc/5721/stat,1749208056067,99386,9115
/proc/stat,1749208057063,298393,68269
/proc/5721/stat,1749208057064,99585,9134
/proc/stat,1749208058069,298598,68289
/proc/5721/stat,1749208058071,99789,9151
/proc/stat,1749208059063,298792,68312
/proc/5721/stat,1749208059064,99984,9171
/proc/stat,1749208060063,298979,68346
/proc/5721/stat,1749208060065,100172,9200
/proc/stat,1749208061072,299178,68362
/proc/5721/stat,1749208061073,100377,9216
/proc/stat,1749208062065,299376,68388
/proc/5721/stat,1749208062066,100572,9236
/proc/stat,1749208063064,299576,68417
/proc/5721/stat,1749208063066,100763,9262
/proc/stat,1749208064064,299776,68436
/proc/5721/stat,1749208064066,100966,9278
/proc/stat,1749208065064,299976,68459
/proc/5721/stat,1749208065065,101166,9297
/proc/stat,1749208066064,300174,68483
/proc/5721/stat,1749208066065,101363,9318
/proc/stat,1749208067065,300369,68504
/proc/5721/stat,1749208067066,101564,9336
/proc/stat,1749208068064,300573,68522
/proc/5721/stat,1749208068066,101769,9351
/proc/stat,1749208069064,300771,68548
/proc/5721/stat,1749208069066,101965,9374
/proc/stat,1749208070067,300975,68566
/proc/5721/stat,1749208070068,102170,9389
/proc/stat,1749208071064,301179,68579
/proc/5721/stat,1749208071066,102377,9400
/proc/stat,1749208072068,301377,68599
/proc/5721/stat,1749208072070,102579,9417
/proc/stat,1749208073063,301577,68627
/proc/5721/stat,1749208073065,102772,9441
/proc/stat,1749208074063,301776,68645
/proc/5721/stat,1749208074065,102975,9458
/proc/stat,1749208075065,301971,68677
/proc/5721/stat,1749208075066,103172,9484
/proc/stat,1749208076064,302150,68714
/proc/5721/stat,1749208076066,103354,9519
/proc/stat,1749208077073,302349,68734
/proc/5721/stat,1749208077074,103558,9534
/proc/stat,1749208078064,302545,68757
/proc/5721/stat,1749208078066,103756,9552
/proc/stat,1749208079065,302739,68778
/proc/5721/stat,1749208079066,103955,9571
/proc/stat,1749208080064,302943,68794
/proc/5721/stat,1749208080066,104161,9582
/proc/stat,1749208081064,303147,68815
/proc/5721/stat,1749208081065,104361,9600
/proc/stat,1749208082072,303351,68833
/proc/5721/stat,1749208082074,104567,9614
/proc/stat,1749208083064,303552,68854
/proc/5721/stat,1749208083065,104767,9630
/proc/stat,1749208084064,303754,68877
/proc/5721/stat,1749208084065,104968,9649
/proc/stat,1749208085064,303951,68898
/proc/5721/stat,1749208085066,105169,9667
/proc/stat,1749208086073,304155,68916
/proc/5721/stat,1749208086075,105373,9683
/proc/stat,1749208087064,304357,68932
/proc/5721/stat,1749208087066,105576,9697
/proc/stat,1749208088065,304556,68950
/proc/5721/stat,1749208088067,105781,9711
/proc/stat,1749208089063,304758,68970
/proc/5721/stat,1749208089064,105982,9728
/proc/stat,1749208090072,304968,68996
/proc/5721/stat,1749208090074,106183,9750
/proc/stat,1749208091076,305154,69034
/proc/5721/stat,1749208091078,106367,9783
/proc/stat,1749208092071,305356,69055
/proc/5721/stat,1749208092073,106566,9801
/proc/stat,1749208093070,305561,69078
/proc/5721/stat,1749208093072,106767,9819
/proc/stat,1749208094067,305759,69103
/proc/5721/stat,1749208094068,106968,9836
/proc/stat,1749208095064,305965,69123
/proc/5721/stat,1749208095065,107174,9849
/proc/stat,1749208096063,306164,69157
/proc/5721/stat,1749208096065,107366,9875
/proc/stat,1749208097065,306366,69192
/proc/5721/stat,1749208097066,107562,9899
/proc/stat,1749208098064,306567,69216
/proc/5721/stat,1749208098066,107763,9916
/proc/stat,1749208099064,306764,69238
/proc/5721/stat,1749208099066,107960,9937
/proc/stat,1749208100069,306960,69255
/proc/5721/stat,1749208100071,108167,9950
/proc/stat,1749208101064,307158,69275
/proc/5721/stat,1749208101066,108368,9967
/proc/stat,1749208102066,307357,69297
/proc/5721/stat,1749208102068,108570,9985
/proc/stat,1749208103066,307558,69317
/proc/5721/stat,1749208103067,108774,10000
/proc/stat,1749208104065,307762,69337
/proc/5721/stat,1749208104067,108975,10017
/proc/stat,1749208105066,307964,69356
/proc/5721/stat,1749208105068,109181,10032
/proc/stat,1749208106064,308154,69384
/proc/5721/stat,1749208106065,109376,10058
/proc/stat,1749208107070,308347,69406
/proc/5721/stat,1749208107072,109576,10078
/proc/stat,1749208108063,308545,69427
/proc/5721/stat,1749208108065,109777,10094
/proc/stat,1749208109065,308738,69451
/proc/5721/stat,1749208109066,109974,10115
/proc/stat,1749208110065,308931,69477
/proc/5721/stat,1749208110066,110171,10135
/proc/stat,1749208111064,309129,69502
/proc/5721/stat,1749208111066,110369,10157
/proc/stat,1749208112068,309327,69526
/proc/5721/stat,1749208112069,110568,10177
/proc/stat,1749208113066,309520,69548
/proc/5721/stat,1749208113068,110768,10196
/proc/stat,1749208114074,309731,69568
/proc/5721/stat,1749208114075,110973,10213
/proc/stat,1749208115066,309925,69594
/proc/5721/stat,1749208115067,111169,10232
/proc/stat,1749208116063,310126,69614
/proc/5721/stat,1749208116064,111370,10249
/proc/stat,1749208117070,310326,69637
/proc/5721/stat,1749208117072,111572,10267
/proc/stat,1749208118069,310528,69659
/proc/5721/stat,1749208118071,111773,10284
/proc/stat,1749208119067,310723,69681
/proc/5721/stat,1749208119068,111975,10301
/proc/stat,1749208120063,310926,69700
/proc/5721/stat,1749208120065,112179,10315
/proc/stat,1749208121067,311127,69724
/proc/5721/stat,1749208121069,112382,10334
/proc/stat,1749208122065,311311,69756
/proc/5721/stat,1749208122066,112569,10362
/proc/stat,1749208123064,311502,69788
/proc/5721/stat,1749208123066,112758,10391
/proc/stat,1749208124070,311701,69806
/proc/5721/stat,1749208124072,112963,10406
/proc/stat,1749208125063,311901,69825
/proc/5721/stat,1749208125065,113163,10422
/proc/stat,1749208126062,312096,69844
/proc/5721/stat,1749208126064,113365,10439
/proc/stat,1749208127067,312289,69870
/proc/5721/stat,1749208127068,113560,10462
/proc/stat,1749208128062,312490,69890
/proc/5721/stat,1749208128063,113761,10478
/proc/stat,1749208129067,312689,69913
/proc/5721/stat,1749208129068,113963,10497
/proc/stat,1749208130063,312888,69931
/proc/5721/stat,1749208130064,114167,10511
/proc/stat,1749208131063,313090,69954
/proc/5721/stat,1749208131064,114367,10529
/proc/stat,1749208132065,313288,69976
/proc/5721/stat,1749208132066,114566,10549
/proc/stat,1749208133069,313490,69992
/proc/5721/stat,1749208133071,114775,10560
/proc/stat,1749208134064,313692,70018
/proc/5721/stat,1749208134066,114971,10583
/proc/stat,1749208135063,313891,70037
/proc/5721/stat,1749208135065,115172,10600
/proc/stat,1749208136071,314095,70052
/proc/5721/stat,1749208136073,115381,10611
/proc/stat,1749208137066,314287,70084
/proc/5721/stat,1749208137068,115572,10637
/proc/stat,1749208138066,314472,70116
/proc/5721/stat,1749208138068,115757,10668
/proc/stat,1749208139069,314672,70135
/proc/5721/stat,1749208139071,115961,10683
/proc/stat,1749208140074,314874,70151
/proc/5721/stat,1749208140076,116167,10697
/proc/stat,1749208141065,315073,70172
/proc/5721/stat,1749208141067,116368,10713
/proc/stat,1749208142069,315277,70190
/proc/5721/stat,1749208142071,116572,10729
/proc/stat,1749208143068,315475,70213
/proc/5721/stat,1749208143069,116770,10750
/proc/stat,1749208144064,315670,70232
/proc/5721/stat,1749208144066,116971,10766
/proc/stat,1749208145064,315874,70254
/proc/5721/stat,1749208145066,117172,10784
/proc/stat,1749208146069,316072,70280
/proc/5721/stat,1749208146070,117370,10805
/proc/stat,1749208147064,316268,70302
/proc/5721/stat,1749208147065,117570,10822
/proc/stat,1749208148064,316470,70320
/proc/5721/stat,1749208148066,117774,10838
/proc/stat,1749208149063,316676,70334
/proc/5721/stat,1749208149065,117982,10849
/proc/stat,1749208150066,316872,70352
/proc/5721/stat,1749208150067,118183,10865
/proc/stat,1749208151065,317073,70369
/proc/5721/stat,1749208151066,118390,10877
/proc/stat,1749208152062,317263,70390
/proc/5721/stat,1749208152063,118584,10894
/proc/stat,1749208153066,317450,70423
/proc/5721/stat,1749208153068,118770,10924
/proc/stat,1749208154072,317642,70453
/proc/5721/stat,1749208154073,118961,10952
/proc/stat,1749208155064,317840,70473
/proc/5721/stat,1749208155065,119163,10967
/proc/stat,1749208156066,318036,70494
/proc/5721/stat,1749208156067,119363,10986
/proc/stat,1749208157071,318230,70520
/proc/5721/stat,1749208157072,119559,11008
/proc/stat,1749208158070,318435,70544
/proc/5721/stat,1749208158071,119758,11029
/proc/stat,1749208159065,318632,70561
/proc/5721/stat,1749208159067,119961,11042
/proc/stat,1749208160062,318830,70575
/proc/5721/stat,1749208160064,120167,11053
/proc/stat,1749208161064,319028,70596
/proc/5721/stat,1749208161066,120370,11070
/proc/stat,1749208162067,319225,70620
/proc/5721/stat,1749208162068,120566,11092
/proc/stat,1749208163064,319427,70637
/proc/5721/stat,1749208163065,120769,11106
/proc/stat,1749208164063,319625,70660
/proc/5721/stat,1749208164065,120969,11124
/proc/stat,1749208165062,319819,70677
/proc/5721/stat,1749208165064,121173,11138
/proc/stat,1749208166067,320016,70697
/proc/5721/stat,1749208166069,121376,11155
/proc/stat,1749208167064,320215,70720
/proc/5721/stat,1749208167066,121578,11170
/proc/stat,1749208168065,320416,70749
/proc/5721/stat,1749208168067,121777,11190
/proc/stat,1749208169066,320606,70785
/proc/5721/stat,1749208169068,121964,11218
/proc/stat,1749208170063,320806,70819
/proc/5721/stat,1749208170065,122157,11242
/proc/stat,1749208171065,321009,70846
/proc/5721/stat,1749208171066,122360,11260
/proc/stat,1749208172069,321205,70872
/proc/5721/stat,1749208172071,122563,11276
/proc/stat,1749208173063,321400,70896
/proc/5721/stat,1749208173065,122759,11298
/proc/stat,1749208174068,321600,70915
/proc/5721/stat,1749208174070,122960,11317
/proc/stat,1749208175063,321802,70927
/proc/5721/stat,1749208175065,123166,11328
/proc/stat,1749208176065,322012,70938
/proc/5721/stat,1749208176066,123377,11336
/proc/stat,1749208177064,322209,70955
/proc/5721/stat,1749208177066,123581,11350
/proc/stat,1749208178068,322416,70977
/proc/5721/stat,1749208178070,123784,11368
/proc/stat,1749208179067,322614,70997
/proc/5721/stat,1749208179069,123985,11384
/proc/stat,1749208180065,322814,71014
/proc/5721/stat,1749208180067,124190,11397
/proc/stat,1749208181070,323018,71038
/proc/5721/stat,1749208181071,124392,11416
/proc/stat,1749208182070,323214,71061
/proc/5721/stat,1749208182072,124592,11436
/proc/stat,1749208183064,323413,71089
/proc/5721/stat,1749208183066,124785,11460
/proc/stat,1749208184063,323603,71114
/proc/5721/stat,1749208184065,124983,11483
/proc/stat,1749208185065,323789,71153
/proc/5721/stat,1749208185067,125167,11517
/proc/stat,1749208186063,323986,71172
/proc/5721/stat,1749208186065,125370,11533
/proc/stat,1749208187070,324186,71196
/proc/5721/stat,1749208187072,125570,11553
/proc/stat,1749208188065,324386,71218
/proc/5721/stat,1749208188067,125770,11571
/proc/stat,1749208189070,324582,71236
/proc/5721/stat,1749208189071,125976,11585
/proc/stat,1749208190064,324781,71253
/proc/5721/stat,1749208190065,126180,11598
/proc/stat,1749208191064,324981,71268
/proc/5721/stat,1749208191066,126386,11610
/proc/stat,1749208192064,325180,71282
/proc/5721/stat,1749208192065,126592,11622
/proc/stat,1749208193070,325381,71299
/proc/5721/stat,1749208193072,126798,11636
/proc/stat,1749208194066,325581,71320
/proc/5721/stat,1749208194068,127001,11652
/proc/stat,1749208195063,325780,71341
/proc/5721/stat,1749208195065,127199,11670
/proc/stat,1749208196065,325979,71363
/proc/5721/stat,1749208196067,127397,11690
/proc/stat,1749208197064,326181,71385
/proc/5721/stat,1749208197065,127597,11709
/proc/stat,1749208198063,326382,71404
/proc/5721/stat,1749208198065,127799,11726
/proc/stat,1749208199075,326582,71425
/proc/5721/stat,1749208199077,127999,11744
/proc/stat,1749208200065,326762,71464
/proc/5721/stat,1749208200066,128180,11779
/proc/stat,1749208201068,326957,71489
/proc/5721/stat,1749208201070,128377,11800
/proc/stat,1749208202064,327158,71507
/proc/5721/stat,1749208202065,128581,11814
/proc/stat,1749208203066,327357,71528
/proc/5721/stat,1749208203068,128782,11831
/proc/stat,1749208204065,327554,71552
/proc/5721/stat,1749208204067,128978,11852
/proc/stat,1749208205062,327764,71568
/proc/5721/stat,1749208205064,129185,11864
/proc/stat,1749208206064,327968,71591
/proc/5721/stat,1749208206066,129387,11883
/proc/stat,1749208207063,328170,71608
/proc/5721/stat,1749208207065,129589,11899
/proc/stat,1749208208071,328382,71630
/proc/5721/stat,1749208208073,129806,11914
/proc/stat,1749208209067,328670,71654
/proc/5721/stat,1749208209069,130091,11935
/proc/stat,1749208210065,328866,71672
/proc/5721/stat,1749208210066,130294,11950
/proc/stat,1749208211066,329067,71693
/proc/5721/stat,1749208211067,130495,11967
/proc/stat,1749208212069,329270,71715
/proc/5721/stat,1749208212071,130698,11984
/proc/stat,1749208213074,329469,71738
/proc/5721/stat,1749208213075,130897,12004
/proc/stat,1749208214067,329659,71761
/proc/5721/stat,1749208214069,131093,12024
/proc/stat,1749208215067,329842,71788
/proc/5721/stat,1749208215069,131280,12048
/proc/stat,1749208216070,330035,71814
/proc/5721/stat,1749208216072,131476,12070
/proc/stat,1749208217066,330229,71840
/proc/5721/stat,1749208217068,131670,12094
/proc/stat,1749208218072,330433,71863
/proc/5721/stat,1749208218073,131871,12113
/proc/stat,1749208219068,330635,71886
/proc/5721/stat,1749208219070,132073,12130
/proc/stat,1749208220072,330831,71916
/proc/5721/stat,1749208220074,132264,12158
/proc/stat,1749208221070,331037,71937
/proc/5721/stat,1749208221074,132469,12174
/proc/stat,1749208222067,331240,71958
/proc/5721/stat,1749208222069,132670,12192
/proc/stat,1749208223075,331447,71975
/proc/5721/stat,1749208223076,132879,12204
/proc/stat,1749208224065,331647,71999
/proc/5721/stat,1749208224067,133077,12223
/proc/stat,1749208225062,331846,72019
/proc/5721/stat,1749208225064,133279,12241
/proc/stat,1749208226064,332050,72039
/proc/5721/stat,1749208226065,133482,12258
/proc/stat,1749208227064,332252,72058
/proc/5721/stat,1749208227065,133686,12272
/proc/stat,1749208228063,332450,72080
/proc/5721/stat,1749208228065,133886,12292
/proc/stat,1749208229067,332650,72100
/proc/5721/stat,1749208229068,134089,12309
/proc/stat,1749208230064,332853,72119
/proc/5721/stat,1749208230066,134294,12324
/proc/stat,1749208231065,333052,72147
/proc/5721/stat,1749208231067,134493,12348
/proc/stat,1749208232065,333239,72173
/proc/5721/stat,1749208232067,134685,12372
/proc/stat,1749208233063,333437,72194
/proc/5721/stat,1749208233064,134886,12389
/proc/stat,1749208234063,333637,72215
/proc/5721/stat,1749208234065,135088,12406
/proc/stat,1749208235069,333840,72237
/proc/5721/stat,1749208235071,135292,12423
/proc/stat,1749208236071,334046,72258
/proc/5721/stat,1749208236073,135496,12440
/proc/stat,1749208237063,334241,72281
/proc/5721/stat,1749208237065,135695,12459
/proc/stat,1749208238061,334441,72299
/proc/5721/stat,1749208238063,135898,12474
/proc/stat,1749208239063,334638,72323
/proc/5721/stat,1749208239065,136096,12494
/proc/stat,1749208240065,334840,72344
/proc/5721/stat,1749208240067,136301,12509
/proc/stat,1749208241072,335043,72368
/proc/5721/stat,1749208241074,136503,12527
/proc/stat,1749208242063,335236,72392
/proc/5721/stat,1749208242065,136701,12547
/proc/stat,1749208243074,335440,72410
/proc/5721/stat,1749208243075,136909,12560
/proc/stat,1749208244063,335639,72428
/proc/5721/stat,1749208244064,137113,12574
/proc/stat,1749208245063,335836,72449
/proc/5721/stat,1749208245065,137313,12591
/proc/stat,1749208246069,336037,72468
/proc/5721/stat,1749208246071,137516,12606
/proc/stat,1749208247065,336224,72500
/proc/5721/stat,1749208247067,137705,12635
/proc/stat,1749208248066,336412,72532
/proc/5721/stat,1749208248068,137896,12663
/proc/stat,1749208249062,336605,72558
/proc/5721/stat,1749208249064,138090,12685
/proc/stat,1749208250068,336808,72578
/proc/5721/stat,1749208250069,138294,12701
/proc/stat,1749208251062,337004,72598
/proc/5721/stat,1749208251064,138496,12716
/proc/stat,1749208252063,337203,72630
/proc/5721/stat,1749208252065,138689,12741
/proc/stat,1749208253063,337403,72654
/proc/5721/stat,1749208253064,138894,12755
/proc/stat,1749208254065,337606,72674
/proc/5721/stat,1749208254067,139102,12765
/proc/stat,1749208255064,337811,72700
/proc/5721/stat,1749208255065,139302,12786
/proc/stat,1749208256064,338021,72725
/proc/5721/stat,1749208256065,139504,12803
/proc/stat,1749208257063,338220,72757
/proc/5721/stat,1749208257065,139705,12822
/proc/stat,1749208258068,338419,72783
/proc/5721/stat,1749208258070,139901,12845
/proc/stat,1749208259064,338618,72795
/proc/5721/stat,1749208259066,140106,12858
/proc/stat,1749208260065,338812,72819
/proc/5721/stat,1749208260066,140303,12881
/proc/stat,1749208261067,339012,72840
/proc/5721/stat,1749208261068,140506,12898
/proc/stat,1749208262063,339197,72862
/proc/5721/stat,1749208262065,140693,12917
/proc/stat,1749208263065,339378,72896
/proc/5721/stat,1749208263067,140877,12950
/proc/stat,1749208264063,339573,72916
/proc/5721/stat,1749208264064,141077,12968
/proc/stat,1749208265062,339771,72939
/proc/5721/stat,1749208265064,141275,12987
/proc/stat,1749208266062,339960,72972
/proc/5721/stat,1749208266064,141464,13015
/proc/stat,1749208267064,340160,72988
/proc/5721/stat,1749208267065,141670,13028
/proc/stat,1749208268063,340359,73009
/proc/5721/stat,1749208268064,141873,13046
/proc/stat,1749208269064,340556,73026
/proc/5721/stat,1749208269065,142076,13061
/proc/stat,1749208270063,340756,73055
/proc/5721/stat,1749208270065,142269,13086
/proc/stat,1749208271068,340952,73076
/proc/5721/stat,1749208271069,142470,13105
/proc/stat,1749208272063,341148,73098
/proc/5721/stat,1749208272065,142669,13124
/proc/stat,1749208273071,341354,73120
/proc/5721/stat,1749208273072,142871,13144
/proc/stat,1749208274062,341555,73139
/proc/5721/stat,1749208274064,143071,13161
/proc/stat,1749208275064,341751,73158
/proc/5721/stat,1749208275066,143276,13175
/proc/stat,1749208276063,341958,73180
/proc/5721/stat,1749208276065,143477,13193
/proc/stat,1749208277063,342160,73206
/proc/5721/stat,1749208277065,143674,13215
/proc/stat,1749208278065,342347,73230
/proc/5721/stat,1749208278067,143865,13236
/proc/stat,1749208279068,342528,73262
/proc/5721/stat,1749208279069,144054,13264
/proc/stat,1749208280063,342726,73281
/proc/5721/stat,1749208280065,144255,13281
/proc/stat,1749208281069,342925,73301
/proc/5721/stat,1749208281070,144458,13297
/proc/stat,1749208282064,343122,73326
/proc/5721/stat,1749208282066,144654,13319
/proc/stat,1749208283063,343313,73353
/proc/5721/stat,1749208283065,144848,13343
/proc/stat,1749208284063,343511,73372
/proc/5721/stat,1749208284065,145049,13361
/proc/stat,1749208285063,343712,73390
/proc/5721/stat,1749208285065,145253,13376
/proc/stat,1749208286063,343904,73415
/proc/5721/stat,1749208286064,145449,13397
/proc/stat,1749208287065,344112,73437
/proc/5721/stat,1749208287067,145652,13414
/proc/stat,1749208288062,344304,73455
/proc/5721/stat,1749208288064,145856,13428
/proc/stat,1749208289063,344500,73479
/proc/5721/stat,1749208289065,146055,13448
/proc/stat,1749208290063,344691,73501
/proc/5721/stat,1749208290065,146255,13466
/proc/stat,1749208291064,344888,73520
/proc/5721/stat,1749208291065,146461,13481
/proc/stat,1749208292070,345092,73544
/proc/5721/stat,1749208292072,146663,13499
/proc/stat,1749208293070,345300,73569
/proc/5721/stat,1749208293072,146871,13520
/proc/stat,1749208294070,345493,73600
/proc/5721/stat,1749208294071,147060,13547
/proc/stat,1749208295065,345681,73626
/proc/5721/stat,1749208295067,147256,13569
/proc/stat,1749208296063,345880,73649
/proc/5721/stat,1749208296065,147456,13587
/proc/stat,1749208297064,346076,73673
/proc/5721/stat,1749208297066,147654,13608
/proc/stat,1749208298065,346269,73700
/proc/5721/stat,1749208298066,147850,13630
/proc/stat,1749208299065,346470,73719
/proc/5721/stat,1749208299066,148055,13645
/proc/stat,1749208300064,346671,73741
/proc/5721/stat,1749208300066,148258,13662
/proc/stat,1749208301064,346874,73765
/proc/5721/stat,1749208301066,148459,13681
/proc/stat,1749208302064,347074,73789
/proc/5721/stat,1749208302066,148657,13702
/proc/stat,1749208303068,347277,73812
/proc/5721/stat,1749208303070,148859,13721
/proc/stat,1749208304064,347477,73830
/proc/5721/stat,1749208304065,149062,13737
/proc/stat,1749208305071,347676,73850
/proc/5721/stat,1749208305073,149266,13753
/proc/stat,1749208306068,347878,73868
/proc/5721/stat,1749208306070,149470,13768
/proc/stat,1749208307062,348076,73887
/proc/5721/stat,1749208307064,149673,13783
/proc/stat,1749208308065,348273,73904
/proc/5721/stat,1749208308067,149876,13797
/proc/stat,1749208309064,348468,73933
/proc/5721/stat,1749208309065,150071,13824
/proc/stat,1749208310062,348647,73974
/proc/5721/stat,1749208310064,150247,13863
/proc/stat,1749208311068,348843,73999
/proc/5721/stat,1749208311069,150446,13885
/proc/stat,1749208312072,349042,74020
/proc/5721/stat,1749208312073,150647,13904
/proc/stat,1749208313069,349231,74050
/proc/5721/stat,1749208313071,150840,13929
/proc/stat,1749208314071,349433,74070
/proc/5721/stat,1749208314073,151044,13945
/proc/stat,1749208315065,349628,74091
/proc/5721/stat,1749208315067,151245,13963
/proc/stat,1749208316064,349849,74106
/proc/5721/stat,1749208316065,151451,13976
/proc/stat,1749208317063,350046,74126
/proc/5721/stat,1749208317065,151654,13990
/proc/stat,1749208318064,350250,74141
/proc/5721/stat,1749208318065,151862,14001
/proc/stat,1749208319064,350447,74159
/proc/5721/stat,1749208319066,152066,14016
/proc/stat,1749208320066,350648,74182
/proc/5721/stat,1749208320068,152268,14034
/proc/stat,1749208321069,350850,74200
/proc/5721/stat,1749208321071,152472,14048
/proc/stat,1749208322065,351053,74220
/proc/5721/stat,1749208322067,152674,14066
/proc/stat,1749208323067,351255,74238
/proc/5721/stat,1749208323069,152879,14080
/proc/stat,1749208324068,351451,74264
/proc/5721/stat,1749208324070,153080,14103
/proc/stat,1749208325067,351642,74287
/proc/5721/stat,1749208325069,153275,14122
/proc/stat,1749208326066,351834,74320
/proc/5721/stat,1749208326067,153464,14151
/proc/stat,1749208327065,352032,74344
/proc/5721/stat,1749208327067,153661,14171
/proc/stat,1749208328064,352226,74369
/proc/5721/stat,1749208328065,153859,14192
/proc/stat,1749208329062,352422,74389
/proc/5721/stat,1749208329064,154061,14209
/proc/stat,1749208330066,352620,74411
/proc/5721/stat,1749208330067,154262,14228
/proc/stat,1749208331064,352823,74435
/proc/5721/stat,1749208331066,154461,14247
/proc/stat,1749208332066,353024,74458
/proc/5721/stat,1749208332067,154660,14268
/proc/stat,1749208333069,353225,74478
/proc/5721/stat,1749208333071,154862,14285
/proc/stat,1749208334065,353423,74505
/proc/5721/stat,1749208334067,155056,14308
/proc/stat,1749208335064,353622,74523
/proc/5721/stat,1749208335066,155260,14322
/proc/stat,1749208336070,353829,74542
/proc/5721/stat,1749208336072,155465,14338
/proc/stat,1749208337065,354031,74562
/proc/5721/stat,1749208337067,155669,14353
/proc/stat,1749208338063,354230,74577
/proc/5721/stat,1749208338065,155876,14365
/proc/stat,1749208339073,354435,74598
/proc/5721/stat,1749208339074,156082,14381
/proc/stat,1749208340064,354627,74628
/proc/5721/stat,1749208340066,156277,14406
/proc/stat,1749208341065,354808,74666
/proc/5721/stat,1749208341067,156459,14441
/proc/stat,1749208342066,355009,74683
/proc/5721/stat,1749208342068,156664,14454
/proc/stat,1749208343064,355214,74696
/proc/5721/stat,1749208343066,156870,14464
/proc/stat,1749208344071,355414,74717
/proc/5721/stat,1749208344073,157073,14480
/proc/stat,1749208345065,355605,74740
/proc/5721/stat,1749208345066,157272,14500
/proc/stat,1749208346066,355804,74764
/proc/5721/stat,1749208346067,157471,14520
/proc/stat,1749208347071,356008,74780
/proc/5721/stat,1749208347073,157680,14532
/proc/stat,1749208348069,356207,74805
/proc/5721/stat,1749208348071,157880,14553
/proc/stat,1749208349071,356411,74826
/proc/5721/stat,1749208349072,158083,14569
/proc/stat,1749208350069,356609,74850
/proc/5721/stat,1749208350071,158286,14585
/proc/stat,1749208351063,356814,74872
/proc/5721/stat,1749208351064,158491,14598
/proc/stat,1749208352063,357012,74898
/proc/5721/stat,1749208352064,158695,14613
/proc/stat,1749208353069,357217,74926
/proc/5721/stat,1749208353070,158900,14629
/proc/stat,1749208354064,357423,74949
/proc/5721/stat,1749208354065,159101,14646
/proc/stat,1749208355065,357619,74977
/proc/5721/stat,1749208355066,159301,14665
/proc/stat,1749208356063,357798,75029
/proc/5721/stat,1749208356065,159482,14704
/proc/stat,1749208357063,357990,75058
/proc/5721/stat,1749208357065,159678,14727
/proc/stat,1749208358062,358187,75083
/proc/5721/stat,1749208358064,159874,14749
/proc/stat,1749208359069,358390,75100
/proc/5721/stat,1749208359070,160078,14766
/proc/stat,1749208360069,358590,75118
/proc/5721/stat,1749208360071,160283,14780
/proc/stat,1749208361070,358796,75138
/proc/5721/stat,1749208361071,160484,14797
/proc/stat,1749208362065,358995,75158
/proc/5721/stat,1749208362066,160687,14813
/proc/stat,1749208363063,359203,75176
/proc/5721/stat,1749208363064,160892,14825
/proc/stat,1749208364065,359403,75194
/proc/5721/stat,1749208364066,161097,14839
/proc/stat,1749208365067,359600,75215
/proc/5721/stat,1749208365068,161296,14859
/proc/stat,1749208366067,359800,75235
/proc/5721/stat,1749208366069,161500,14874
/proc/stat,1749208367064,360002,75252
/proc/5721/stat,1749208367065,161704,14889
/proc/stat,1749208368067,360204,75270
/proc/5721/stat,1749208368068,161911,14902
/proc/stat,1749208369064,360406,75292
/proc/5721/stat,1749208369066,162112,14920
/proc/stat,1749208370064,360604,75313
/proc/5721/stat,1749208370065,162311,14938
/proc/stat,1749208371063,360791,75340
/proc/5721/stat,1749208371064,162506,14962
/proc/stat,1749208372072,360980,75374
/proc/5721/stat,1749208372074,162696,14992
/proc/stat,1749208373064,361170,75395
/proc/5721/stat,1749208373065,162894,15011
/proc/stat,1749208374062,361360,75420
/proc/5721/stat,1749208374063,163091,15032
/proc/stat,1749208375063,361560,75440
/proc/5721/stat,1749208375064,163292,15049
/proc/stat,1749208376064,361756,75463
/proc/5721/stat,1749208376066,163491,15069
/proc/stat,1749208377065,361959,75481
/proc/5721/stat,1749208377067,163696,15083
/proc/stat,1749208378064,362158,75504
/proc/5721/stat,1749208378065,163894,15104
/proc/stat,1749208379070,362356,75522
/proc/5721/stat,1749208379071,164098,15120
/proc/stat,1749208380068,362559,75542
/proc/5721/stat,1749208380069,164301,15136
/proc/stat,1749208381063,362760,75561
/proc/5721/stat,1749208381064,164502,15152
/proc/stat,1749208382064,362958,75585
/proc/5721/stat,1749208382066,164700,15173
/proc/stat,1749208383064,363156,75604
/proc/5721/stat,1749208383065,164903,15189
/proc/stat,1749208384065,363351,75622
/proc/5721/stat,1749208384067,165108,15204
/proc/stat,1749208385062,363549,75641
/proc/5721/stat,1749208385064,165311,15219
/proc/stat,1749208386065,363756,75660
/proc/5721/stat,1749208386066,165514,15234
/proc/stat,1749208387063,363950,75687
/proc/5721/stat,1749208387064,165709,15258
/proc/stat,1749208388062,364132,75724
/proc/5721/stat,1749208388063,165892,15292
/proc/stat,1749208389063,364327,75744
/proc/5721/stat,1749208389064,166093,15308
/proc/stat,1749208390063,364529,75760
/proc/5721/stat,1749208390064,166298,15321
/proc/stat,1749208391064,364730,75784
/proc/5721/stat,1749208391065,166496,15340
/proc/stat,1749208392063,364932,75803
/proc/5721/stat,1749208392065,166699,15356
/proc/stat,1749208393070,365139,75821
/proc/5721/stat,1749208393071,166905,15371
/proc/stat,1749208394066,365338,75843
/proc/5721/stat,1749208394068,167105,15389
/proc/stat,1749208395063,365539,75867
/proc/5721/stat,1749208395065,167303,15409
/proc/stat,1749208396065,365740,75886
/proc/5721/stat,1749208396066,167506,15424
/proc/stat,1749208397063,365941,75905
/proc/5721/stat,1749208397064,167709,15439
/proc/stat,1749208398063,366137,75926
/proc/5721/stat,1749208398065,167910,15456
/proc/stat,1749208399064,366340,75952
/proc/5721/stat,1749208399066,168109,15476
/proc/stat,1749208400063,366545,75970
/proc/5721/stat,1749208400065,168314,15489
/proc/stat,1749208401062,366741,75994
/proc/5721/stat,1749208401064,168512,15510
/proc/stat,1749208402064,366939,76023
/proc/5721/stat,1749208402065,168707,15535
/proc/stat,1749208403068,367132,76051
/proc/5721/stat,1749208403070,168899,15561
/proc/stat,1749208404063,367324,76076
/proc/5721/stat,1749208404065,169095,15583
/proc/stat,1749208405064,367520,76104
/proc/5721/stat,1749208405065,169289,15608
/proc/stat,1749208406064,367718,76131
/proc/5721/stat,1749208406065,169485,15629
/proc/stat,1749208407070,367915,76156
/proc/5721/stat,1749208407071,169683,15652
/proc/stat,1749208408063,368110,76177
/proc/5721/stat,1749208408064,169880,15671
/proc/stat,1749208409062,368306,76197
/proc/5721/stat,1749208409064,170082,15687
/proc/stat,1749208410064,368503,76217
/proc/5721/stat,1749208410066,170283,15705
/proc/stat,1749208411065,368702,76240
/proc/5721/stat,1749208411066,170485,15723
/proc/stat,1749208412072,368900,76265
/proc/5721/stat,1749208412074,170685,15744
/proc/stat,1749208413063,369098,76283
/proc/5721/stat,1749208413065,170886,15761
/proc/stat,1749208414062,369295,76298
/proc/5721/stat,1749208414064,171094,15773
/proc/stat,1749208415065,369492,76316
/proc/5721/stat,1749208415066,171300,15786
/proc/stat,1749208416063,369688,76339
/proc/5721/stat,1749208416065,171501,15804
/proc/stat,1749208417070,369888,76362
/proc/5721/stat,1749208417071,171702,15823
/proc/stat,1749208418083,370155,76386
/proc/5721/stat,1749208418085,171973,15842
/proc/stat,1749208419066,370333,76426
/proc/5721/stat,1749208419067,172150,15880
/proc/stat,1749208420064,370535,76447
/proc/5721/stat,1749208420065,172353,15896
/proc/stat,1749208421068,370735,76475
/proc/5721/stat,1749208421070,172550,15919
/proc/stat,1749208422069,370933,76500
/proc/5721/stat,1749208422071,172748,15940
/proc/stat,1749208423063,371133,76519
/proc/5721/stat,1749208423065,172950,15957
/proc/stat,1749208424064,371331,76543
/proc/5721/stat,1749208424066,173147,15977
/proc/stat,1749208425067,371527,76566
/proc/5721/stat,1749208425068,173348,15995
/proc/stat,1749208426067,371723,76589
/proc/5721/stat,1749208426068,173550,16013
/proc/stat,1749208427064,371925,76608
/proc/5721/stat,1749208427065,173755,16029
/proc/stat,1749208428065,372121,76629
/proc/5721/stat,1749208428066,173956,16048
/proc/stat,1749208429072,372322,76652
/proc/5721/stat,1749208429073,174160,16065
/proc/stat,1749208430062,372523,76669
/proc/5721/stat,1749208430064,174364,16079
/proc/stat,1749208431065,372719,76690
/proc/5721/stat,1749208431066,174562,16097
/proc/stat,1749208432069,372920,76712
/proc/5721/stat,1749208432071,174766,16114
/proc/stat,1749208433078,373132,76736
/proc/5721/stat,1749208433079,174985,16136
/proc/stat,1749208434061,373318,76766
/proc/5721/stat,1749208434063,175175,16163
/proc/stat,1749208435064,373509,76796
/proc/5721/stat,1749208435065,175366,16190
/proc/stat,1749208436064,373706,76820
/proc/5721/stat,1749208436065,175565,16210
/proc/stat,1749208437062,373909,76839
/proc/5721/stat,1749208437064,175766,16226
/proc/stat,1749208438063,374114,76858
/proc/5721/stat,1749208438065,175969,16242
/proc/stat,1749208439064,374315,76878
/proc/5721/stat,1749208439065,176173,16258
/proc/stat,1749208440064,374514,76903
/proc/5721/stat,1749208440066,176371,16278
/proc/stat,1749208441066,374715,76925
/proc/5721/stat,1749208441068,176569,16297
/proc/stat,1749208442065,374916,76950
/proc/5721/stat,1749208442066,176766,16319
/proc/stat,1749208443065,375116,76970
/proc/5721/stat,1749208443067,176968,16336
/proc/stat,1749208444064,375318,76989
/proc/5721/stat,1749208444066,177171,16352
/proc/stat,1749208445066,375516,77010
/proc/5721/stat,1749208445068,177372,16369
/proc/stat,1749208446064,375712,77032
/proc/5721/stat,1749208446066,177574,16385
/proc/stat,1749208447065,375907,77053
/proc/5721/stat,1749208447066,177775,16403
/proc/stat,1749208448062,376105,77076
/proc/5721/stat,1749208448064,177974,16422
/proc/stat,1749208449064,376302,77099
/proc/5721/stat,1749208449065,178173,16442
/proc/stat,1749208450069,376486,77137
/proc/5721/stat,1749208450071,178356,16477
/proc/stat,1749208451062,376686,77154
/proc/5721/stat,1749208451064,178558,16492
/proc/stat,1749208452064,376886,77176
/proc/5721/stat,1749208452065,178758,16511
/proc/stat,1749208453064,377080,77200
/proc/5721/stat,1749208453065,178955,16532
/proc/stat,1749208454067,377281,77218
/proc/5721/stat,1749208454068,179158,16550
/proc/stat,1749208455065,377480,77246
/proc/5721/stat,1749208455067,179354,16573
/proc/stat,1749208456063,377678,77267
/proc/5721/stat,1749208456064,179555,16590
/proc/stat,1749208457062,377884,77286
/proc/5721/stat,1749208457064,179759,16604
/proc/stat,1749208458064,378087,77308
/proc/5721/stat,1749208458066,179961,16621
/proc/stat,1749208459062,378294,77326
/proc/5721/stat,1749208459063,180167,16635
/proc/stat,1749208460064,378492,77350
/proc/5721/stat,1749208460066,180368,16654
/proc/stat,1749208461064,378690,77372
/proc/5721/stat,1749208461065,180569,16671
/proc/stat,1749208462062,378888,77395
/proc/5721/stat,1749208462064,180768,16691
/proc/stat,1749208463062,379083,77419
/proc/5721/stat,1749208463064,180968,16709
/proc/stat,1749208464061,379281,77439
/proc/5721/stat,1749208464063,181167,16725
/proc/stat,1749208465066,379472,77468
/proc/5721/stat,1749208465068,181359,16750
/proc/stat,1749208466068,379660,77508
/proc/5721/stat,1749208466070,181543,16784
/proc/stat,1749208467063,379872,77534
/proc/5721/stat,1749208467065,181741,16804
/proc/stat,1749208468068,380080,77561
/proc/5721/stat,1749208468069,181945,16820
/proc/stat,1749208469065,380271,77594
/proc/5721/stat,1749208469067,182135,16846
/proc/stat,1749208470065,380481,77617
/proc/5721/stat,1749208470066,182337,16863
/proc/stat,1749208471063,380694,77638
/proc/5721/stat,1749208471064,182541,16877
/proc/stat,1749208472063,380905,77658
/proc/5721/stat,1749208472064,182751,16886
/proc/stat,1749208473063,381106,77682
/proc/5721/stat,1749208473064,182955,16901
/proc/stat,1749208474071,381306,77700
/proc/5721/stat,1749208474073,183160,16917
/proc/stat,1749208475063,381496,77720
/proc/5721/stat,1749208475064,183356,16939
/proc/stat,1749208476074,381710,77743
/proc/5721/stat,1749208476076,183556,16961
/proc/stat,1749208477069,381903,77764
/proc/5721/stat,1749208477071,183753,16982
/proc/stat,1749208478064,382104,77782
/proc/5721/stat,1749208478065,183956,16997
/proc/stat,1749208479065,382306,77802
/proc/5721/stat,1749208479067,184160,17013
/proc/stat,1749208480063,382503,77830
/proc/5721/stat,1749208480065,184360,17037
/proc/stat,1749208481065,382688,77857
/proc/5721/stat,1749208481067,184553,17060
/proc/stat,1749208482071,382874,77891
/proc/5721/stat,1749208482073,184742,17091
/proc/stat,1749208483062,383074,77914
/proc/5721/stat,1749208483064,184939,17111
/proc/stat,1749208484069,383268,77940
/proc/5721/stat,1749208484070,185137,17132
/proc/stat,1749208485068,383463,77974
/proc/5721/stat,1749208485070,185329,17159
/proc/stat,1749208486065,383664,77996
/proc/5721/stat,1749208486067,185530,17175
/proc/stat,1749208487062,383862,78014
/proc/5721/stat,1749208487063,185732,17190
/proc/stat,1749208488064,384058,78040
/proc/5721/stat,1749208488066,185931,17211
/proc/stat,1749208489063,384256,78060
/proc/5721/stat,1749208489065,186134,17227
/proc/stat,1749208490063,384457,78080
/proc/5721/stat,1749208490064,186335,17245
/proc/stat,1749208491064,384665,78098
/proc/5721/stat,1749208491065,186541,17259
/proc/stat,1749208492062,384862,78120
/proc/5721/stat,1749208492064,186742,17277
/proc/stat,1749208493067,385062,78146
/proc/5721/stat,1749208493069,186945,17295
/proc/stat,1749208494067,385261,78170
/proc/5721/stat,1749208494068,187143,17317
/proc/stat,1749208495064,385462,78191
/proc/5721/stat,1749208495065,187345,17333
/proc/stat,1749208496064,385656,78219
/proc/5721/stat,1749208496065,187539,17358
/proc/stat,1749208497063,385832,78266
/proc/5721/stat,1749208497065,187713,17400
/proc/stat,1749208498062,386037,78282
/proc/5721/stat,1749208498064,187919,17414
/proc/stat,1749208499063,386232,78305
/proc/5721/stat,1749208499064,188119,17431
/proc/stat,1749208500063,386435,78325
/proc/5721/stat,1749208500064,188320,17447
/proc/stat,1749208501064,386637,78341
/proc/5721/stat,1749208501065,188527,17459
/proc/stat,1749208502062,386828,78368
/proc/5721/stat,1749208502064,188721,17483
/proc/stat,1749208503064,387030,78387
/proc/5721/stat,1749208503066,188922,17500
/proc/stat,1749208504063,387227,78407
/proc/5721/stat,1749208504065,189121,17517
/proc/stat,1749208505063,387429,78426
/proc/5721/stat,1749208505064,189327,17531
/proc/stat,1749208506062,387625,78449
/proc/5721/stat,1749208506063,189527,17551
/proc/stat,1749208507069,387834,78465
/proc/5721/stat,1749208507071,189735,17563
/proc/stat,1749208508065,388034,78486
/proc/5721/stat,1749208508067,189935,17580
/proc/stat,1749208509070,388239,78504
/proc/5721/stat,1749208509072,190143,17594
/proc/stat,1749208510067,388436,78528
/proc/5721/stat,1749208510068,190341,17612
/proc/stat,1749208511065,388634,78545
/proc/5721/stat,1749208511066,190546,17625
/proc/stat,1749208512066,388824,78581
/proc/5721/stat,1749208512067,190735,17657
/proc/stat,1749208513065,389022,78604
/proc/5721/stat,1749208513066,190934,17676
/proc/stat,1749208514064,389225,78628
/proc/5721/stat,1749208514065,191133,17695
/proc/stat,1749208515062,389419,78654
/proc/5721/stat,1749208515063,191328,17718
/proc/stat,1749208516063,389616,78678
/proc/5721/stat,1749208516065,191527,17738
/proc/stat,1749208517071,389823,78701
/proc/5721/stat,1749208517073,191730,17757
/proc/stat,1749208518062,390025,78720
/proc/5721/stat,1749208518063,191934,17771
/proc/stat,1749208519068,390227,78744
/proc/5721/stat,1749208519069,192134,17790
/proc/stat,1749208520063,390427,78764
/proc/5721/stat,1749208520064,192334,17807
/proc/stat,1749208521065,390628,78785
/proc/5721/stat,1749208521067,192536,17825
/proc/stat,1749208522064,390828,78799
/proc/5721/stat,1749208522065,192743,17835
/proc/stat,1749208523064,391032,78819
/proc/5721/stat,1749208523065,192945,17852
/proc/stat,1749208524063,391234,78835
/proc/5721/stat,1749208524064,193149,17866
/proc/stat,1749208525064,391435,78854
/proc/5721/stat,1749208525066,193353,17881
/proc/stat,1749208526064,391635,78877
/proc/5721/stat,1749208526066,193552,17901
/proc/stat,1749208527062,391827,78901
/proc/5721/stat,1749208527064,193747,17921
/proc/stat,1749208528072,392008,78937
/proc/5721/stat,1749208528073,193934,17953
/proc/stat,1749208529062,392189,78966
/proc/5721/stat,1749208529064,194122,17979
/proc/stat,1749208530062,392393,78984
/proc/5721/stat,1749208530065,194325,17994
/proc/stat,1749208531067,392593,79007
/proc/5721/stat,1749208531069,194525,18012
/proc/stat,1749208532064,392791,79026
/proc/5721/stat,1749208532066,194730,18026
/proc/stat,1749208533070,392978,79056
/proc/5721/stat,1749208533071,194921,18053
/proc/stat,1749208534064,393176,79079
/proc/5721/stat,1749208534065,195120,18072
/proc/stat,1749208535065,393378,79102
/proc/5721/stat,1749208535066,195321,18091
/proc/stat,1749208536067,393584,79123
/proc/5721/stat,1749208536068,195524,18108
/proc/stat,1749208537070,393781,79147
/proc/5721/stat,1749208537072,195723,18128
/proc/stat,1749208538062,393980,79166
/proc/5721/stat,1749208538063,195924,18143
/proc/stat,1749208539062,394182,79184
/proc/5721/stat,1749208539063,196129,18157
/proc/stat,1749208540064,394381,79204
/proc/5721/stat,1749208540065,196332,18174
/proc/stat,1749208541062,394582,79221
/proc/5721/stat,1749208541064,196537,18187
/proc/stat,1749208542064,394783,79242
/proc/5721/stat,1749208542066,196738,18204
/proc/stat,1749208543064,394969,79271
/proc/5721/stat,1749208543065,196926,18229
/proc/stat,1749208544062,395150,79308
/proc/5721/stat,1749208544064,197107,18264
/proc/stat,1749208545063,395344,79325
/proc/5721/stat,1749208545065,197310,18277
/proc/stat,1749208546063,395539,79348
/proc/5721/stat,1749208546064,197509,18296
/proc/stat,1749208547063,395738,79370
/proc/5721/stat,1749208547064,197711,18313
/proc/stat,1749208548064,395935,79392
/proc/5721/stat,1749208548065,197910,18332
/proc/stat,1749208549066,396129,79420
/proc/5721/stat,1749208549068,198104,18356
/proc/stat,1749208550068,396330,79445
/proc/5721/stat,1749208550070,198302,18377
/proc/stat,1749208551063,396528,79468
/proc/5721/stat,1749208551064,198501,18396
/proc/stat,1749208552066,396730,79494
/proc/5721/stat,1749208552068,198699,18418
/proc/stat,1749208553064,396934,79516
/proc/5721/stat,1749208553066,198901,18436
/proc/stat,1749208554073,397136,79539
/proc/5721/stat,1749208554075,199102,18457
/proc/stat,1749208555067,397328,79566
/proc/5721/stat,1749208555068,199296,18480
/proc/stat,1749208556064,397530,79586
/proc/5721/stat,1749208556065,199498,18496
/proc/stat,1749208557063,397730,79607
/proc/5721/stat,1749208557064,199700,18512
/proc/stat,1749208558071,397929,79639
/proc/5721/stat,1749208558073,199896,18540
/proc/stat,1749208559068,398117,79676
/proc/5721/stat,1749208559069,200081,18573
/proc/stat,1749208560068,398314,79704
/proc/5721/stat,1749208560070,200276,18596
/proc/stat,1749208561068,398514,79725
/proc/5721/stat,1749208561069,200477,18614
/proc/stat,1749208562068,398721,79741
/proc/5721/stat,1749208562070,200683,18627
/proc/stat,1749208563069,398924,79762
/proc/5721/stat,1749208563071,200887,18643
/proc/stat,1749208564066,399120,79780
/proc/5721/stat,1749208564068,201091,18659
/proc/stat,1749208565068,399314,79807
/proc/5721/stat,1749208565069,201287,18682
/proc/stat,1749208566064,399511,79828
/proc/5721/stat,1749208566065,201488,18700
/proc/stat,1749208567063,399715,79846
/proc/5721/stat,1749208567064,201692,18716
/proc/stat,1749208568069,399910,79871
/proc/5721/stat,1749208568070,201892,18737
/proc/stat,1749208569069,400113,79894
/proc/5721/stat,1749208569071,202094,18755
/proc/stat,1749208570063,400310,79911
/proc/5721/stat,1749208570064,202299,18769
/proc/stat,1749208571069,400514,79928
/proc/5721/stat,1749208571070,202506,18784
/proc/stat,1749208572063,400714,79948
/proc/5721/stat,1749208572064,202709,18799
/proc/stat,1749208573065,400919,79969
/proc/5721/stat,1749208573066,202912,18816
/proc/stat,1749208574058,401013,79994
