SourceFile,Timestamp,userTime (Ticks),systemTime (Ticks)
/proc/stat,1749223555104,1794204,182349
/proc/30405/stat,1749223555106,582,27
/proc/stat,1749223556085,1794511,182355
/proc/30405/stat,1749223556086,886,32
/proc/stat,1749223557058,1794898,182359
/proc/30405/stat,1749223557059,1265,32
/proc/stat,1749223558060,1795294,182360
/proc/30405/stat,1749223558061,1657,32
/proc/stat,1749223559076,1795694,182363
/proc/30405/stat,1749223559077,2056,33
/proc/stat,1749223560028,1795994,182365
/proc/30405/stat,1749223560029,2354,33
/proc/stat,1749223561030,1796185,182380
/proc/30405/stat,1749223561031,2543,47
/proc/stat,1749223562098,1796422,182392
/proc/30405/stat,1749223562099,2775,55
/proc/stat,1749223563080,1796804,182402
/proc/30405/stat,1749223563081,3150,60
/proc/stat,1749223564087,1797196,182410
/proc/30405/stat,1749223564088,3534,67
/proc/stat,1749223565060,1797569,182419
/proc/30405/stat,1749223565060,3901,73
/proc/stat,1749223566051,1797898,182439
/proc/30405/stat,1749223566052,4235,92
/proc/stat,1749223567044,1798167,182492
/proc/30405/stat,1749223567045,4508,143
/proc/stat,1749223568078,1798522,182537
/proc/30405/stat,1749223568079,4862,185
/proc/stat,1749223569112,1798787,182582
/proc/30405/stat,1749223569115,5132,228
/proc/stat,1749223570040,1799137,182599
/proc/30405/stat,1749223570041,5477,242
/proc/stat,1749223571032,1799468,182602
/proc/30405/stat,1749223571033,5808,244
/proc/stat,1749223572033,1799676,182613
/proc/30405/stat,1749223572033,6012,252
/proc/stat,1749223573028,1799844,182619
/proc/30405/stat,1749223573029,6180,256
/proc/stat,1749223574026,1800044,182623
/proc/30405/stat,1749223574026,6379,258
/proc/stat,1749223575136,1800336,182644
/proc/30405/stat,1749223575138,6667,275
/proc/stat,1749223576049,1800506,182668
/proc/30405/stat,1749223576051,6831,296
/proc/stat,1749223577142,1800780,182686
/proc/30405/stat,1749223577143,7087,310
/proc/stat,1749223578071,1801003,182714
/proc/30405/stat,1749223578073,7304,332
/proc/stat,1749223579048,1801284,182747
/proc/30405/stat,1749223579049,7579,362
/proc/stat,1749223580076,1801680,182752
/proc/30405/stat,1749223580078,7972,362
/proc/stat,1749223581063,1801944,182756
/proc/30405/stat,1749223581065,8229,363
/proc/stat,1749223582154,1802302,182759
/proc/30405/stat,1749223582155,8579,364
/proc/stat,1749223583075,1802559,182766
/proc/30405/stat,1749223583077,8830,365
/proc/stat,1749223584046,1802808,182771
/proc/30405/stat,1749223584048,9075,366
/proc/stat,1749223585046,1802925,182776
/proc/30405/stat,1749223585048,9188,369
/proc/stat,1749223586047,1803082,182782
/proc/30405/stat,1749223586048,9338,372
/proc/stat,1749223587049,1803186,182790
/proc/30405/stat,1749223587050,9443,375
/proc/stat,1749223588049,1803297,182799
/proc/30405/stat,1749223588050,9556,379
/proc/stat,1749223589050,1803406,182807
/proc/30405/stat,1749223589051,9663,384
/proc/stat,1749223590047,1803512,182814
/proc/30405/stat,1749223590049,9772,387
/proc/stat,1749223591049,1803636,182844
/proc/30405/stat,1749223591051,9895,414
/proc/stat,1749223592079,1803772,182852
/proc/30405/stat,1749223592080,10026,418
/proc/stat,1749223593092,1804171,182858
/proc/30405/stat,1749223593093,10421,418
/proc/stat,1749223594099,1804568,182864
/proc/30405/stat,1749223594100,10813,418
/proc/stat,1749223595147,1804984,182868
/proc/30405/stat,1749223595148,11224,418
/proc/stat,1749223596082,1805352,182872
/proc/30405/stat,1749223596084,11587,418
/proc/stat,1749223597102,1805757,182877
/proc/30405/stat,1749223597103,11985,418
/proc/stat,1749223598134,1806160,182882
/proc/30405/stat,1749223598135,12384,419
/proc/stat,1749223599066,1806355,182902
/proc/30405/stat,1749223599067,12566,436
/proc/stat,1749223600074,1806563,182923
/proc/30405/stat,1749223600076,12769,452
/proc/stat,1749223601048,1806760,182948
/proc/30405/stat,1749223601050,12958,474
/proc/stat,1749223602045,1806877,182952
/proc/30405/stat,1749223602046,13070,476
/proc/stat,1749223603122,1807184,182993
/proc/30405/stat,1749223603123,13373,510
/proc/stat,1749223604104,1807538,183006
/proc/30405/stat,1749223604105,13724,520
/proc/stat,1749223605077,1807895,183020
/proc/30405/stat,1749223605078,14077,529
/proc/stat,1749223606092,1808271,183032
/proc/30405/stat,1749223606094,14442,539
/proc/stat,1749223607083,1808620,183059
/proc/30405/stat,1749223607084,14785,561
/proc/stat,1749223608065,1808949,183083
/proc/30405/stat,1749223608066,15114,582
/proc/stat,1749223609077,1809159,183128
/proc/30405/stat,1749223609078,15324,623
/proc/stat,1749223610081,1809448,183190
/proc/30405/stat,1749223610082,15618,680
/proc/stat,1749223611093,1809718,183239
/proc/30405/stat,1749223611094,15893,725
/proc/stat,1749223612075,1809974,183312
/proc/30405/stat,1749223612077,16152,791
/proc/stat,1749223613070,1810265,183371
/proc/30405/stat,1749223613071,16437,846
/proc/stat,1749223614087,1810543,183444
/proc/30405/stat,1749223614089,16715,915
/proc/stat,1749223615190,1810945,183483
/proc/30405/stat,1749223615191,17109,949
/proc/stat,1749223616202,1811336,183494
/proc/30405/stat,1749223616203,17497,957
/proc/stat,1749223617107,1811679,183514
/proc/30405/stat,1749223617108,17834,972
/proc/stat,1749223618106,1812070,183520
/proc/30405/stat,1749223618108,18218,976
/proc/stat,1749223619046,1812306,183525
/proc/30405/stat,1749223619047,18450,980
/proc/stat,1749223620063,1812416,183534
/proc/30405/stat,1749223620064,18558,985
/proc/stat,1749223621045,1812525,183540
/proc/30405/stat,1749223621047,18665,988
/proc/stat,1749223622048,1812634,183549
/proc/30405/stat,1749223622049,18772,994
/proc/stat,1749223623053,1812814,183554
/proc/30405/stat,1749223623055,18942,998
/proc/stat,1749223624055,1813018,183557
/proc/30405/stat,1749223624056,19142,998
/proc/stat,1749223625060,1813225,183562
/proc/30405/stat,1749223625061,19341,999
/proc/stat,1749223626051,1813413,183567
/proc/30405/stat,1749223626053,19526,1002
/proc/stat,1749223627150,1813693,183596
/proc/30405/stat,1749223627151,19799,1027
/proc/stat,1749223628135,1813910,183625
/proc/30405/stat,1749223628136,20015,1050
/proc/stat,1749223629046,1814083,183642
/proc/30405/stat,1749223629047,20184,1064
/proc/stat,1749223630117,1814302,183675
/proc/30405/stat,1749223630118,20401,1093
/proc/stat,1749223631145,1814515,183684
/proc/30405/stat,1749223631146,20610,1098
/proc/stat,1749223632048,1814854,183692
/proc/30405/stat,1749223632049,20946,1103
/proc/stat,1749223633133,1815139,183699
/proc/30405/stat,1749223633134,21225,1108
/proc/stat,1749223634047,1815370,183712
/proc/30405/stat,1749223634048,21452,1117
/proc/stat,1749223635046,1815498,183716
/proc/30405/stat,1749223635047,21575,1118
/proc/stat,1749223636046,1815621,183720
/proc/30405/stat,1749223636047,21696,1119
/proc/stat,1749223637049,1815730,183724
/proc/30405/stat,1749223637050,21800,1121
/proc/stat,1749223638049,1815837,183733
/proc/30405/stat,1749223638050,21905,1127
/proc/stat,1749223639051,1815948,183742
/proc/30405/stat,1749223639052,22012,1133
/proc/stat,1749223640049,1816055,183754
/proc/30405/stat,1749223640050,22116,1141
/proc/stat,1749223641047,1816175,183794
/proc/30405/stat,1749223641048,22234,1176
/proc/stat,1749223642117,1816363,183799
/proc/30405/stat,1749223642119,22421,1177
/proc/stat,1749223643087,1816747,183803
/proc/30405/stat,1749223643087,22799,1177
/proc/stat,1749223644096,1817146,183808
/proc/30405/stat,1749223644097,23194,1177
/proc/stat,1749223645090,1817540,183812
/proc/30405/stat,1749223645090,23582,1177
/proc/stat,1749223646116,1817945,183816
/proc/30405/stat,1749223646117,23980,1177
/proc/stat,1749223647126,1818343,183821
/proc/30405/stat,1749223647129,24368,1178
/proc/stat,1749223648047,1818637,183828
/proc/30405/stat,1749223648048,24661,1180
/proc/stat,1749223649064,1818840,183841
/proc/30405/stat,1749223649065,24857,1189
/proc/stat,1749223650071,1819034,183858
/proc/30405/stat,1749223650072,25042,1202
/proc/stat,1749223651047,1819191,183868
/proc/30405/stat,1749223651048,25195,1209
/proc/stat,1749223652091,1819393,183890
/proc/30405/stat,1749223652092,25390,1228
/proc/stat,1749223653116,1819762,183913
/proc/30405/stat,1749223653117,25760,1246
/proc/stat,1749223654081,1820115,183930
/proc/30405/stat,1749223654082,26105,1259
/proc/stat,1749223655088,1820481,183944
/proc/30405/stat,1749223655089,26467,1269
/proc/stat,1749223656091,1820851,183958
/proc/30405/stat,1749223656092,26830,1279
/proc/stat,1749223657139,1821239,183974
/proc/30405/stat,1749223657140,27212,1289
/proc/stat,1749223658071,1821449,184017
/proc/30405/stat,1749223658073,27416,1327
/proc/stat,1749223659148,1821719,184088
/proc/30405/stat,1749223659149,27687,1393
/proc/stat,1749223660074,1821960,184140
/proc/30405/stat,1749223660075,27933,1441
/proc/stat,1749223661139,1822246,184205
/proc/30405/stat,1749223661140,28223,1503
/proc/stat,1749223662083,1822505,184259
/proc/30405/stat,1749223662084,28490,1552
/proc/stat,1749223663144,1822820,184334
/proc/30405/stat,1749223663146,28806,1622
/proc/stat,1749223664088,1823114,184387
/proc/30405/stat,1749223664090,29101,1671
/proc/stat,1749223665197,1823543,184401
/proc/30405/stat,1749223665198,29527,1679
/proc/stat,1749223666070,1823868,184422
/proc/30405/stat,1749223666071,29845,1696
/proc/stat,1749223667108,1824278,184426
/proc/30405/stat,1749223667109,30247,1696
/proc/stat,1749223668050,1824413,184435
/proc/30405/stat,1749223668051,30380,1701
/proc/stat,1749223669063,1824525,184444
/proc/30405/stat,1749223669064,30488,1706
/proc/stat,1749223670045,1824630,184449
/proc/30405/stat,1749223670046,30594,1711
/proc/stat,1749223671050,1824736,184457
/proc/30405/stat,1749223671051,30703,1715
/proc/stat,1749223672060,1824938,184463
/proc/30405/stat,1749223672061,30903,1716
/proc/stat,1749223673050,1825138,184468
/proc/30405/stat,1749223673050,31099,1718
/proc/stat,1749223674050,1825336,184473
/proc/30405/stat,1749223674051,31298,1719
/proc/stat,1749223675047,1825566,184486
/proc/30405/stat,1749223675048,31524,1728
/proc/stat,1749223676046,1825772,184510
/proc/30405/stat,1749223676047,31725,1750
/proc/stat,1749223677045,1825996,184536
/proc/30405/stat,1749223677046,31945,1772
/proc/stat,1749223678063,1826192,184560
/proc/30405/stat,1749223678064,32136,1792
/proc/stat,1749223679046,1826370,184588
/proc/30405/stat,1749223679047,32307,1817
/proc/stat,1749223680048,1826735,184600
/proc/30405/stat,1749223680049,32666,1826
/proc/stat,1749223681123,1827007,184610
/proc/30405/stat,1749223681124,32932,1831
/proc/stat,1749223682048,1827260,184619
/proc/30405/stat,1749223682049,33181,1835
/proc/stat,1749223683046,1827377,184629
/proc/30405/stat,1749223683047,33292,1841
/proc/stat,1749223684050,1827492,184632
/proc/30405/stat,1749223684050,33403,1842
/proc/stat,1749223685045,1827599,184637
/proc/30405/stat,1749223685046,33507,1844
/proc/stat,1749223686046,1827705,184646
/proc/30405/stat,1749223686046,33613,1849
/proc/stat,1749223687053,1827813,184654
/proc/30405/stat,1749223687054,33722,1853
/proc/stat,1749223688045,1827918,184664
/proc/30405/stat,1749223688046,33827,1861
/proc/stat,1749223689068,1828037,184707
/proc/30405/stat,1749223689069,33943,1900
/proc/stat,1749223690077,1828176,184718
/proc/30405/stat,1749223690078,34080,1906
/proc/stat,1749223691086,1828575,184723
/proc/30405/stat,1749223691087,34469,1906
/proc/stat,1749223692113,1828983,184726
/proc/30405/stat,1749223692114,34871,1907
/proc/stat,1749223693109,1829377,184729
/proc/30405/stat,1749223693109,35259,1907
/proc/stat,1749223694119,1829778,184733
/proc/30405/stat,1749223694120,35653,1907
/proc/stat,1749223695079,1830158,184737
/proc/30405/stat,1749223695079,36028,1908
/proc/stat,1749223696069,1830498,184748
/proc/30405/stat,1749223696070,36366,1914
/proc/stat,1749223697066,1830680,184772
/proc/30405/stat,1749223697067,36544,1934
/proc/stat,1749223698071,1830890,184806
/proc/30405/stat,1749223698072,36755,1964
/proc/stat,1749223699044,1831052,184834
/proc/30405/stat,1749223699045,36916,1988
/proc/stat,1749223700045,1831156,184840
/proc/30405/stat,1749223700045,37017,1990
/proc/stat,1749223701076,1831494,184854
/proc/30405/stat,1749223701077,37350,2001
/proc/stat,1749223702096,1831876,184865
/proc/30405/stat,1749223702097,37724,2007
/proc/stat,1749223703071,1832228,184882
/proc/30405/stat,1749223703072,38065,2018
/proc/stat,1749223704112,1832600,184911
/proc/30405/stat,1749223704113,38435,2041
/proc/stat,1749223705102,1832975,184918
/proc/30405/stat,1749223705102,38801,2045
/proc/stat,1749223706077,1833263,184945
/proc/30405/stat,1749223706078,39088,2067
/proc/stat,1749223707071,1833488,185002
/proc/30405/stat,1749223707071,39315,2121
/proc/stat,1749223708077,1833752,185074
/proc/30405/stat,1749223708078,39579,2188
/proc/stat,1749223709084,1834056,185135
/proc/30405/stat,1749223709091,39884,2246
/proc/stat,1749223710068,1834340,185206
/proc/30405/stat,1749223710069,40172,2312
/proc/stat,1749223711068,1834568,185261
/proc/30405/stat,1749223711071,40407,2364
/proc/stat,1749223712145,1834840,185314
/proc/30405/stat,1749223712146,40683,2412
/proc/stat,1749223713153,1835225,185332
/proc/30405/stat,1749223713154,41063,2426
/proc/stat,1749223714072,1835586,185338
/proc/30405/stat,1749223714072,41418,2429
/proc/stat,1749223715045,1835862,185343
/proc/30405/stat,1749223715046,41688,2432
/proc/stat,1749223716045,1835967,185349
/proc/30405/stat,1749223716045,41797,2435
/proc/stat,1749223717044,1836074,185355
/proc/30405/stat,1749223717045,41904,2439
/proc/stat,1749223718044,1836181,185361
/proc/30405/stat,1749223718045,42012,2443
/proc/stat,1749223719058,1836341,185369
/proc/30405/stat,1749223719059,42173,2445
/proc/stat,1749223720057,1836543,185374
/proc/30405/stat,1749223720058,42371,2446
/proc/stat,1749223721057,1836744,185378
/proc/30405/stat,1749223721058,42570,2447
/proc/stat,1749223722048,1836934,185382
/proc/30405/stat,1749223722049,42757,2447
/proc/stat,1749223723045,1837143,185413
/proc/30405/stat,1749223723045,42963,2475
/proc/stat,1749223724045,1837370,185439
/proc/30405/stat,1749223724045,43186,2499
/proc/stat,1749223725140,1837603,185473
/proc/30405/stat,1749223725141,43416,2528
/proc/stat,1749223726046,1837789,185497
/proc/30405/stat,1749223726047,43598,2548
/proc/stat,1749223727122,1838126,185510
/proc/30405/stat,1749223727123,43929,2558
/proc/stat,1749223728121,1838364,185515
/proc/30405/stat,1749223728122,44161,2559
/proc/stat,1749223729045,1838658,185519
/proc/30405/stat,1749223729045,44451,2559
/proc/stat,1749223730045,1838858,185532
/proc/30405/stat,1749223730046,44649,2569
/proc/stat,1749223731044,1838980,185535
/proc/30405/stat,1749223731045,44767,2570
/proc/stat,1749223732045,1839090,185537
/proc/30405/stat,1749223732046,44872,2570
/proc/stat,1749223733046,1839196,185546
/proc/30405/stat,1749223733046,44977,2573
/proc/stat,1749223734046,1839301,185552
/proc/30405/stat,1749223734047,45084,2578
/proc/stat,1749223735048,1839407,185559
/proc/30405/stat,1749223735049,45193,2581
/proc/stat,1749223736045,1839513,185568
/proc/30405/stat,1749223736046,45298,2587
/proc/stat,1749223737023,1839630,185613
/proc/30405/stat,1749223737023,45413,2629
/proc/stat,1749223738051,1840008,185616
/proc/30405/stat,1749223738051,45789,2629
/proc/stat,1749223739043,1840402,185618
/proc/30405/stat,1749223739043,46182,2629
/proc/stat,1749223740031,1840758,185622
/proc/30405/stat,1749223740031,46537,2630
/proc/stat,1749223741031,1840950,185638
/proc/30405/stat,1749223741031,46732,2644
/proc/stat,1749223742054,1841144,185649
/proc/30405/stat,1749223742054,46924,2652
/proc/stat,1749223743041,1841502,185662
/proc/30405/stat,1749223743041,47281,2664
/proc/stat,1749223744049,1841868,185680
/proc/30405/stat,1749223744050,47647,2680
/proc/stat,1749223745071,1842141,185722
/proc/30405/stat,1749223745071,47922,2719
/proc/stat,1749223746050,1842397,185789
/proc/30405/stat,1749223746051,48182,2784
/proc/stat,1749223747069,1842663,185840
/proc/30405/stat,1749223747069,48454,2834
/proc/stat,1749223748058,1843006,185867
/proc/30405/stat,1749223748058,48798,2859
/proc/stat,1749223749049,1843386,185879
/proc/30405/stat,1749223749049,49176,2869
/proc/stat,1749223750032,1843596,185887
/proc/30405/stat,1749223750033,49387,2874
/proc/stat,1749223751025,1843754,185894
/proc/30405/stat,1749223751026,49545,2879
/proc/stat,1749223752026,1843954,185896
/proc/30405/stat,1749223752026,49744,2880
/proc/stat,1749223753053,1844160,185902
/proc/30405/stat,1749223753054,49946,2883
/proc/stat,1749223754044,1844383,185920
/proc/30405/stat,1749223754045,50165,2898
/proc/stat,1749223755074,1844600,185944
/proc/30405/stat,1749223755075,50371,2919
/proc/stat,1749223756044,1844788,185963
/proc/30405/stat,1749223756044,50557,2935
/proc/stat,1749223757083,1845050,185984
/proc/30405/stat,1749223757083,50813,2950
/proc/stat,1749223758063,1845273,186001
/proc/30405/stat,1749223758064,51030,2963
/proc/stat,1749223759136,1845581,186013
/proc/30405/stat,1749223759139,51334,2972
/proc/stat,1749223760045,1845777,186016
/proc/30405/stat,1749223760045,51525,2972
/proc/stat,1749223761092,1846123,186028
/proc/30405/stat,1749223761093,51868,2981
/proc/stat,1749223762045,1846221,186042
/proc/30405/stat,1749223762045,51962,2992
/proc/stat,1749223763044,1846344,186044
/proc/30405/stat,1749223763045,52082,2993
/proc/stat,1749223764048,1846448,186050
/proc/30405/stat,1749223764048,52184,2996
/proc/stat,1749223765047,1846555,186057
/proc/30405/stat,1749223765048,52289,3000
/proc/stat,1749223766048,1846661,186063
/proc/30405/stat,1749223766049,52399,3003
/proc/stat,1749223767047,1846766,186072
/proc/30405/stat,1749223767048,52505,3008
/proc/stat,1749223768052,1846878,186100
/proc/30405/stat,1749223768053,52619,3033
/proc/stat,1749223769049,1846989,186125
/proc/30405/stat,1749223769050,52727,3053
/proc/stat,1749223770080,1847349,186131
/proc/30405/stat,1749223770081,53085,3055
/proc/stat,1749223771112,1847758,186134
/proc/30405/stat,1749223771113,53489,3055
/proc/stat,1749223772104,1848151,186139
/proc/30405/stat,1749223772104,53876,3055
/proc/stat,1749223773067,1848532,186144
/proc/30405/stat,1749223773067,54253,3056
/proc/stat,1749223774098,1848940,186148
/proc/30405/stat,1749223774099,54657,3056
/proc/stat,1749223775068,1849318,186154
/proc/30405/stat,1749223775069,55034,3056
/proc/stat,1749223776064,1849524,186170
/proc/30405/stat,1749223776065,55239,3066
/proc/stat,1749223777045,1849713,186186
/proc/30405/stat,1749223777046,55424,3078
/proc/stat,1749223778063,1849924,186204
/proc/30405/stat,1749223778063,55633,3092
/proc/stat,1749223779043,1850068,186214
/proc/30405/stat,1749223779044,55777,3099
/proc/stat,1749223780123,1850297,186237
/proc/30405/stat,1749223780123,56002,3117
/proc/stat,1749223781083,1850640,186259
/proc/30405/stat,1749223781083,56340,3133
/proc/stat,1749223782071,1850982,186293
/proc/30405/stat,1749223782072,56675,3162
/proc/stat,1749223783079,1851339,186320
/proc/30405/stat,1749223783081,57025,3186
/proc/stat,1749223784147,1851744,186337
/proc/30405/stat,1749223784148,57425,3198
/proc/stat,1749223785073,1852078,186354
/proc/30405/stat,1749223785074,57757,3211
/proc/stat,1749223786067,1852322,186406
/proc/30405/stat,1749223786067,58010,3259
/proc/stat,1749223787085,1852626,186456
/proc/30405/stat,1749223787086,58309,3307
/proc/stat,1749223788071,1852903,186521
/proc/30405/stat,1749223788071,58591,3367
/proc/stat,1749223789175,1853263,186580
/proc/30405/stat,1749223789176,58950,3422
/proc/stat,1749223790075,1853519,186633
/proc/30405/stat,1749223790075,59207,3473
/proc/stat,1749223791068,1853749,186692
/proc/30405/stat,1749223791069,59441,3530
/proc/stat,1749223792177,1854164,186706
/proc/30405/stat,1749223792177,59852,3540
/proc/stat,1749223793136,1854536,186715
/proc/30405/stat,1749223793137,60217,3546
/proc/stat,1749223794086,1854912,186720
/proc/30405/stat,1749223794087,60586,3547
/proc/stat,1749223795046,1855025,186730
/proc/30405/stat,1749223795046,60700,3553
/proc/stat,1749223796046,1855132,186738
/proc/30405/stat,1749223796047,60807,3558
/proc/stat,1749223797030,1855242,186742
/proc/30405/stat,1749223797030,60919,3560
/proc/stat,1749223798025,1855443,186744
/proc/30405/stat,1749223798025,61119,3561
/proc/stat,1749223799053,1855662,186754
/proc/30405/stat,1749223799053,61336,3569
/proc/stat,1749223800069,1855869,186776
/proc/30405/stat,1749223800070,61539,3589
/proc/stat,1749223801059,1856105,186794
/proc/30405/stat,1749223801059,61773,3605
/proc/stat,1749223802055,1856395,186804
/proc/30405/stat,1749223802055,62059,3613
/proc/stat,1749223803023,1856532,186810
/proc/30405/stat,1749223803023,62195,3616
/proc/stat,1749223804024,1856636,186814
/proc/30405/stat,1749223804025,62301,3619
/proc/stat,1749223805029,1856749,186822
/proc/30405/stat,1749223805029,62411,3625
/proc/stat,1749223806032,1856862,186843
/proc/30405/stat,1749223806032,62522,3644
/proc/stat,1749223807051,1857210,186848
/proc/30405/stat,1749223807052,62867,3646
/proc/stat,1749223808076,1857618,186849
/proc/30405/stat,1749223808076,63272,3646
/proc/stat,1749223809038,1857997,186851
/proc/30405/stat,1749223809038,63647,3647
/proc/stat,1749223810033,1858172,186869
/proc/30405/stat,1749223810034,63818,3662
/proc/stat,1749223811067,1858316,186880
/proc/30405/stat,1749223811068,63957,3669
/proc/stat,1749223812110,1858482,186896
/proc/30405/stat,1749223812110,64116,3681
/proc/stat,1749223813091,1858839,186918
/proc/30405/stat,1749223813092,64467,3698
/proc/stat,1749223814080,1859202,186932
/proc/30405/stat,1749223814081,64826,3708
/proc/stat,1749223815075,1859559,186950
/proc/30405/stat,1749223815076,65178,3722
/proc/stat,1749223816078,1859916,186972
/proc/30405/stat,1749223816078,65532,3740
/proc/stat,1749223817094,1860294,186988
/proc/30405/stat,1749223817095,65906,3752
/proc/stat,1749223818072,1860542,187033
/proc/30405/stat,1749223818073,66159,3793
/proc/stat,1749223819073,1860796,187103
/proc/30405/stat,1749223819074,66410,3858
/proc/stat,1749223820143,1861120,187171
/proc/30405/stat,1749223820144,66734,3921
/proc/stat,1749223821071,1861344,187228
/proc/30405/stat,1749223821071,66969,3973
/proc/stat,1749223822142,1861627,187282
/proc/30405/stat,1749223822142,67257,4024
/proc/stat,1749223823071,1861897,187330
/proc/30405/stat,1749223823072,67527,4069
/proc/stat,1749223824255,1862282,187380
/proc/30405/stat,1749223824255,67912,4113
/proc/stat,1749223825080,1862583,187408
/proc/30405/stat,1749223825080,68207,4138
/proc/stat,1749223826103,1862966,187433
/proc/30405/stat,1749223826104,68587,4157
/proc/stat,1749223827131,1863368,187438
/proc/30405/stat,1749223827131,68986,4158
/proc/stat,1749223828049,1863552,187445
/proc/30405/stat,1749223828050,69172,4163
/proc/stat,1749223829044,1863658,187451
/proc/30405/stat,1749223829044,69281,4166
/proc/stat,1749223830046,1863763,187459
/proc/30405/stat,1749223830046,69387,4172
/proc/stat,1749223831056,1863878,187467
/proc/30405/stat,1749223831057,69502,4178
/proc/stat,1749223832056,1864079,187471
/proc/30405/stat,1749223832057,69698,4180
/proc/stat,1749223833050,1864279,187477
/proc/30405/stat,1749223833050,69894,4183
/proc/stat,1749223834058,1864482,187483
/proc/30405/stat,1749223834059,70092,4185
/proc/stat,1749223835023,1864693,187494
/proc/30405/stat,1749223835023,70301,4193
/proc/stat,1749223836046,1864918,187519
/proc/30405/stat,1749223836046,70524,4216
/proc/stat,1749223837139,1865124,187542
/proc/30405/stat,1749223837140,70724,4235
/proc/stat,1749223838046,1865398,187548
/proc/30405/stat,1749223838047,70994,4239
/proc/stat,1749223839144,1865630,187558
/proc/30405/stat,1749223839145,71224,4243
/proc/stat,1749223840044,1865907,187566
/proc/30405/stat,1749223840045,71499,4248
/proc/stat,1749223841023,1866008,187575
/proc/30405/stat,1749223841023,71599,4255
/proc/stat,1749223842022,1866117,187578
/proc/30405/stat,1749223842023,71709,4256
/proc/stat,1749223843023,1866222,187585
/proc/30405/stat,1749223843023,71813,4261
/proc/stat,1749223844047,1866332,187627
/proc/30405/stat,1749223844048,71925,4299
/proc/stat,1749223845088,1866512,187636
/proc/30405/stat,1749223845088,72103,4306
/proc/stat,1749223846039,1866889,187639
/proc/30405/stat,1749223846040,72479,4306
/proc/stat,1749223847042,1867288,187641
/proc/30405/stat,1749223847042,72873,4306
/proc/stat,1749223848031,1867643,187644
/proc/30405/stat,1749223848031,73227,4306
/proc/stat,1749223849047,1867866,187662
/proc/30405/stat,1749223849047,73448,4318
/proc/stat,1749223850045,1868038,187668
/proc/30405/stat,1749223850045,73617,4324
/proc/stat,1749223851071,1868172,187676
/proc/30405/stat,1749223851071,73748,4326
/proc/stat,1749223852096,1868534,187708
/proc/30405/stat,1749223852097,74107,4354
/proc/stat,1749223853100,1868892,187727
/proc/30405/stat,1749223853101,74462,4369
/proc/stat,1749223854084,1869250,187750
/proc/30405/stat,1749223854085,74814,4386
/proc/stat,1749223855087,1869618,187761
/proc/30405/stat,1749223855088,75181,4392
/proc/stat,1749223856074,1869984,187773
/proc/30405/stat,1749223856075,75543,4400
/proc/stat,1749223857069,1870241,187810
/proc/30405/stat,1749223857070,75801,4431
/proc/stat,1749223858073,1870467,187870
/proc/30405/stat,1749223858073,76030,4486
/proc/stat,1749223859142,1870806,187928
/proc/30405/stat,1749223859143,76366,4538
/proc/stat,1749223860069,1871021,187993
/proc/30405/stat,1749223860070,76583,4599
/proc/stat,1749223861088,1871264,188039
/proc/30405/stat,1749223861088,76836,4640
/proc/stat,1749223862064,1871459,188109
/proc/30405/stat,1749223862064,77045,4708
/proc/stat,1749223863132,1871776,188151
/proc/30405/stat,1749223863133,77365,4746
/proc/stat,1749223864105,1872154,188164
/proc/30405/stat,1749223864106,77739,4753
/proc/stat,1749223865128,1872556,188169
/proc/30405/stat,1749223865129,78138,4754
/proc/stat,1749223866064,1872744,188177
/proc/30405/stat,1749223866065,78326,4758
/proc/stat,1749223867062,1872850,188188
/proc/30405/stat,1749223867062,78432,4765
/proc/stat,1749223868044,1872954,188196
/proc/30405/stat,1749223868045,78536,4772
/proc/stat,1749223869044,1873059,188205
/proc/30405/stat,1749223869045,78644,4777
/proc/stat,1749223870056,1873237,188210
/proc/30405/stat,1749223870058,78820,4779
/proc/stat,1749223871024,1873434,188213
/proc/30405/stat,1749223871024,79013,4779
/proc/stat,1749223872022,1873638,188222
/proc/30405/stat,1749223872022,79217,4786
/proc/stat,1749223873022,1873836,188251
/proc/30405/stat,1749223873022,79416,4814
/proc/stat,1749223874032,1874014,188266
/proc/30405/stat,1749223874033,79593,4825
/proc/stat,1749223875079,1874300,188272
/proc/30405/stat,1749223875079,79875,4829
/proc/stat,1749223876023,1874485,188283
/proc/30405/stat,1749223876023,80058,4839
/proc/stat,1749223877023,1874594,188285
/proc/30405/stat,1749223877024,80166,4840
/proc/stat,1749223878031,1874698,188294
/proc/30405/stat,1749223878031,80271,4846
/proc/stat,1749223879037,1874811,188311
/proc/30405/stat,1749223879037,80386,4862
/proc/stat,1749223880102,1875082,188333
/proc/30405/stat,1749223880102,80652,4880
/proc/stat,1749223881078,1875468,188338
/proc/30405/stat,1749223881079,81034,4881
/proc/stat,1749223882085,1875868,188342
/proc/30405/stat,1749223882085,81428,4881
/proc/stat,1749223883123,1876278,188346
/proc/30405/stat,1749223883124,81828,4881
/proc/stat,1749223884095,1876661,188351
/proc/30405/stat,1749223884096,82206,4881
/proc/stat,1749223885105,1877060,188354
/proc/30405/stat,1749223885106,82600,4881
/proc/stat,1749223886044,1877279,188362
/proc/30405/stat,1749223886045,82815,4886
/proc/stat,1749223887067,1877473,188381
/proc/30405/stat,1749223887068,83007,4898
/proc/stat,1749223888067,1877658,188402
/proc/30405/stat,1749223888068,83188,4915
/proc/stat,1749223889046,1877770,188412
/proc/30405/stat,1749223889047,83298,4920
/proc/stat,1749223890082,1878057,188434
/proc/30405/stat,1749223890082,83582,4939
/proc/stat,1749223891091,1878420,188454
/proc/30405/stat,1749223891091,83933,4955
/proc/stat,1749223892091,1878788,188468
/proc/30405/stat,1749223892091,84295,4965
/proc/stat,1749223893091,1879160,188479
/proc/30405/stat,1749223893092,84658,4972
/proc/stat,1749223894085,1879528,188494
/proc/30405/stat,1749223894085,85018,4982
/proc/stat,1749223895063,1879884,188512
/proc/30405/stat,1749223895064,85358,4997
/proc/stat,1749223896074,1880094,188566
/proc/30405/stat,1749223896074,85568,5047
/proc/stat,1749223897104,1880401,188640
/proc/30405/stat,1749223897105,85873,5116
/proc/stat,1749223898035,1880641,188685
/proc/30405/stat,1749223898036,86123,5159
/proc/stat,1749223899034,1880926,188744
/proc/30405/stat,1749223899034,86414,5216
/proc/stat,1749223900098,1881290,188776
/proc/30405/stat,1749223900099,86780,5247
/proc/stat,1749223901067,1881664,188789
/proc/30405/stat,1749223901067,87150,5255
/proc/stat,1749223902045,1881884,188794
/proc/30405/stat,1749223902045,87371,5258
/proc/stat,1749223903044,1881988,188803
/proc/30405/stat,1749223903045,87477,5264
/proc/stat,1749223904044,1882092,188809
/proc/30405/stat,1749223904044,87585,5267
/proc/stat,1749223905024,1882196,188820
/proc/30405/stat,1749223905024,87688,5276
/proc/stat,1749223906026,1882392,188823
/proc/30405/stat,1749223906026,87883,5277
/proc/stat,1749223907023,1882626,188834
/proc/30405/stat,1749223907023,88111,5286
/proc/stat,1749223908045,1882808,188852
/proc/30405/stat,1749223908045,88289,5302
/proc/stat,1749223909044,1883046,188882
/proc/30405/stat,1749223909045,88523,5331
/proc/stat,1749223910139,1883326,188909
/proc/30405/stat,1749223910140,88799,5353
/proc/stat,1749223911044,1883470,188915
/proc/30405/stat,1749223911045,88941,5357
/proc/stat,1749223912105,1883807,188928
/proc/30405/stat,1749223912106,89273,5365
/proc/stat,1749223913049,1884064,188936
/proc/30405/stat,1749223913049,89529,5370
/proc/stat,1749223914045,1884191,188943
/proc/30405/stat,1749223914045,89652,5375
/proc/stat,1749223915044,1884297,188950
/proc/30405/stat,1749223915045,89757,5379
/proc/stat,1749223916046,1884405,188954
/proc/30405/stat,1749223916046,89862,5380
/proc/stat,1749223917046,1884509,188962
/proc/30405/stat,1749223917047,89969,5384
/proc/stat,1749223918051,1884616,188971
/proc/30405/stat,1749223918052,90076,5390
/proc/stat,1749223919047,1884722,188978
/proc/30405/stat,1749223919048,90182,5395
/proc/stat,1749223920069,1884846,188994
/proc/30405/stat,1749223920070,90305,5405
/proc/stat,1749223921050,1884950,189038
/proc/30405/stat,1749223921050,90409,5447
/proc/stat,1749223922100,1885232,189046
/proc/30405/stat,1749223922101,90686,5451
/proc/stat,1749223923095,1885626,189051
/proc/30405/stat,1749223923096,91075,5451
/proc/stat,1749223924071,1886015,189053
/proc/30405/stat,1749223924071,91460,5451
/proc/stat,1749223925042,1886400,189054
/proc/30405/stat,1749223925042,91841,5451
/proc/stat,1749223926031,1886693,189063
/proc/30405/stat,1749223926031,92131,5457
/proc/stat,1749223927033,1886882,189086
/proc/30405/stat,1749223927033,92319,5477
/proc/stat,1749223928041,1887090,189098
/proc/30405/stat,1749223928042,92525,5486
/proc/stat,1749223929037,1887452,189113
/proc/30405/stat,1749223929037,92883,5499
/proc/stat,1749223930039,1887823,189124
/proc/30405/stat,1749223930040,93251,5507
/proc/stat,1749223931081,1888051,189176
/proc/30405/stat,1749223931082,93480,5556
/proc/stat,1749223932068,1888338,189224
/proc/30405/stat,1749223932069,93771,5602
/proc/stat,1749223933070,1888619,189289
/proc/30405/stat,1749223933071,94046,5661
/proc/stat,1749223934142,1888943,189342
/proc/30405/stat,1749223934142,94373,5712
/proc/stat,1749223935084,1889243,189398
/proc/30405/stat,1749223935084,94668,5766
/proc/stat,1749223936147,1889594,189444
/proc/30405/stat,1749223936148,95018,5808
/proc/stat,1749223937182,1889987,189464
/proc/30405/stat,1749223937183,95396,5823
/proc/stat,1749223938133,1890346,189484
/proc/30405/stat,1749223938134,95744,5841
/proc/stat,1749223939123,1890730,189492
/proc/30405/stat,1749223939123,96107,5846
/proc/stat,1749223940059,1890971,189499
/proc/30405/stat,1749223940060,96331,5848
/proc/stat,1749223941045,1891078,189509
/proc/30405/stat,1749223941046,96434,5855
/proc/stat,1749223942044,1891182,189517
/proc/30405/stat,1749223942045,96542,5860
/proc/stat,1749223943062,1891291,189529
/proc/30405/stat,1749223943063,96649,5866
/proc/stat,1749223944058,1891452,189538
/proc/30405/stat,1749223944059,96805,5872
/proc/stat,1749223945059,1891651,189543
/proc/30405/stat,1749223945060,97004,5874
/proc/stat,1749223946046,1891849,189548
/proc/30405/stat,1749223946047,97200,5875
/proc/stat,1749223947054,1892053,189553
/proc/30405/stat,1749223947055,97401,5876
/proc/stat,1749223948088,1892315,189575
/proc/30405/stat,1749223948089,97657,5893
/proc/stat,1749223949044,1892536,189597
/proc/30405/stat,1749223949044,97873,5911
/proc/stat,1749223950043,1892760,189625
/proc/30405/stat,1749223950044,98094,5937
/proc/stat,1749223951063,1892952,189648
/proc/30405/stat,1749223951063,98281,5958
/proc/stat,1749223952044,1893205,189663
/proc/30405/stat,1749223952044,98532,5969
/proc/stat,1749223953077,1893470,189678
/proc/30405/stat,1749223953077,98794,5979
/proc/stat,1749223954044,1893703,189685
/proc/30405/stat,1749223954045,99026,5984
/proc/stat,1749223955045,1894000,189698
/proc/30405/stat,1749223955045,99319,5993
/proc/stat,1749223956044,1894170,189703
/proc/30405/stat,1749223956044,99487,5996
/proc/stat,1749223957044,1894288,189710
/proc/30405/stat,1749223957044,99601,6002
/proc/stat,1749223958045,1894393,189715
/proc/30405/stat,1749223958045,99705,6004
/proc/stat,1749223959048,1894497,189724
/proc/30405/stat,1749223959048,99811,6009
/proc/stat,1749223960048,1894604,189734
/proc/30405/stat,1749223960049,99915,6018
/proc/stat,1749223961031,1894713,189744
/proc/30405/stat,1749223961031,100020,6024
/proc/stat,1749223962066,1894918,189761
/proc/30405/stat,1749223962066,100228,6041
/proc/stat,1749223963068,1895317,189762
/proc/30405/stat,1749223963069,100625,6041
/proc/stat,1749223964066,1895714,189765
/proc/30405/stat,1749223964066,101018,6041
/proc/stat,1749223965031,1895971,189773
/proc/30405/stat,1749223965031,101276,6046
/proc/stat,1749223966021,1896149,189792
/proc/30405/stat,1749223966022,101453,6064
/proc/stat,1749223967053,1896400,189817
/proc/30405/stat,1749223967053,101702,6087
/proc/stat,1749223968035,1896766,189823
/proc/30405/stat,1749223968035,102072,6091
/proc/stat,1749223969033,1897126,189843
/proc/30405/stat,1749223969034,102429,6110
/proc/stat,1749223970035,1897356,189896
/proc/30405/stat,1749223970035,102668,6159
/proc/stat,1749223971073,1897601,189982
/proc/30405/stat,1749223971074,102915,6243
/proc/stat,1749223972106,1897919,190048
/proc/30405/stat,1749223972107,103230,6304
/proc/stat,1749223973071,1898205,190108
/proc/30405/stat,1749223973071,103510,6360
/proc/stat,1749223974066,1898464,190158
/proc/30405/stat,1749223974066,103774,6406
/proc/stat,1749223975200,1898897,190168
/proc/30405/stat,1749223975200,104175,6412
/proc/stat,1749223976080,1899218,190194
/proc/30405/stat,1749223976081,104491,6431
/proc/stat,1749223977068,1899599,190208
/proc/30405/stat,1749223977069,104864,6433
/proc/stat,1749223978066,1899879,190217
/proc/30405/stat,1749223978067,105145,6437
/proc/stat,1749223979065,1900084,190230
/proc/30405/stat,1749223979066,105351,6444
/proc/stat,1749223980049,1900284,190242
/proc/30405/stat,1749223980050,105551,6453
/proc/stat,1749223981062,1900463,190252
/proc/30405/stat,1749223981062,105728,6461
/proc/stat,1749223982047,1900603,190259
/proc/30405/stat,1749223982047,105868,6464
/proc/stat,1749223983050,1900803,190266
/proc/30405/stat,1749223983051,106066,6467
/proc/stat,1749223984047,1901005,190269
/proc/30405/stat,1749223984048,106264,6468
/proc/stat,1749223985053,1901213,190272
/proc/30405/stat,1749223985054,106464,6469
/proc/stat,1749223986132,1901467,190285
/proc/30405/stat,1749223986132,106717,6477
/proc/stat,1749223987044,1901693,190292
/proc/30405/stat,1749223987045,106939,6481
/proc/stat,1749223988129,1901928,190324
/proc/30405/stat,1749223988130,107170,6507
/proc/stat,1749223989044,1902102,190348
/proc/30405/stat,1749223989044,107342,6529
/proc/stat,1749223990062,1902320,190362
/proc/30405/stat,1749223990063,107557,6538
/proc/stat,1749223991066,1902694,190377
/proc/30405/stat,1749223991066,107929,6549
/proc/stat,1749223992122,1902937,190392
/proc/30405/stat,1749223992122,108168,6560
/proc/stat,1749223993043,1903232,190401
/proc/30405/stat,1749223993044,108462,6566
/proc/stat,1749223994043,1903352,190408
/proc/30405/stat,1749223994044,108580,6570
/proc/stat,1749223995044,1903464,190413
/proc/30405/stat,1749223995044,108690,6573
/proc/stat,1749223996054,1903573,190418
/proc/30405/stat,1749223996055,108794,6575
/proc/stat,1749223997049,1903680,190425
/proc/30405/stat,1749223997049,108900,6580
/proc/stat,1749223998051,1903786,190436
/proc/30405/stat,1749223998051,109005,6587
/proc/stat,1749223999048,1903889,190446
/proc/30405/stat,1749223999049,109111,6594
/proc/stat,1749224000077,1904008,190480
/proc/30405/stat,1749224000078,109227,6622
/proc/stat,1749224001056,1904112,190502
/proc/30405/stat,1749224001057,109329,6641
/proc/stat,1749224002102,1904479,190508
/proc/30405/stat,1749224002103,109692,6642
/proc/stat,1749224003068,1904863,190509
/proc/30405/stat,1749224003069,110073,6642
/proc/stat,1749224004033,1905246,190512
/proc/30405/stat,1749224004033,110450,6642
/proc/stat,1749224005030,1905559,190515
/proc/30405/stat,1749224005030,110759,6643
/proc/stat,1749224006022,1905745,190524
/proc/30405/stat,1749224006022,110944,6651
/proc/stat,1749224007063,1905988,190540
/proc/30405/stat,1749224007063,111185,6665
/proc/stat,1749224008033,1906339,190554
/proc/30405/stat,1749224008034,111538,6677
/proc/stat,1749224009044,1906714,190559
/proc/30405/stat,1749224009044,111914,6680
/proc/stat,1749224010034,1906941,190603
/proc/30405/stat,1749224010034,112150,6722
/proc/stat,1749224011069,1907210,190671
/proc/30405/stat,1749224011069,112427,6789
/proc/stat,1749224012033,1907492,190730
/proc/30405/stat,1749224012034,112712,6846
/proc/stat,1749224013063,1907877,190744
/proc/30405/stat,1749224013063,113093,6856
/proc/stat,1749224014096,1908282,190749
/proc/30405/stat,1749224014096,113494,6858
/proc/stat,1749224015064,1908582,190758
/proc/30405/stat,1749224015065,113784,6864
/proc/stat,1749224016065,1908792,190768
/proc/30405/stat,1749224016066,113993,6870
/proc/stat,1749224017051,1908991,190780
/proc/30405/stat,1749224017052,114193,6879
/proc/stat,1749224018049,1909180,190792
/proc/30405/stat,1749224018050,114382,6885
/proc/stat,1749224019050,1909321,190797
/proc/30405/stat,1749224019051,114522,6888
/proc/stat,1749224020055,1909522,190804
/proc/30405/stat,1749224020055,114719,6891
/proc/stat,1749224021057,1909726,190808
/proc/30405/stat,1749224021057,114919,6892
/proc/stat,1749224022054,1909969,190814
/proc/30405/stat,1749224022054,115116,6892
/proc/stat,1749224023080,1910190,190837
/proc/30405/stat,1749224023080,115333,6911
/proc/stat,1749224024055,1910379,190852
/proc/30405/stat,1749224024056,115518,6923
/proc/stat,1749224025044,1910617,190860
/proc/30405/stat,1749224025044,115754,6929
/proc/stat,1749224026044,1910819,190876
/proc/30405/stat,1749224026045,115952,6943
/proc/stat,1749224027105,1911112,190898
/proc/30405/stat,1749224027106,116234,6962
/proc/stat,1749224028063,1911350,190908
/proc/30405/stat,1749224028063,116466,6968
/proc/stat,1749224029103,1911710,190918
/proc/30405/stat,1749224029104,116822,6975
/proc/stat,1749224030043,1911896,190925
/proc/30405/stat,1749224030044,117006,6977
/proc/stat,1749224031044,1912000,190935
/proc/30405/stat,1749224031045,117107,6986
/proc/stat,1749224032043,1912115,190937
/proc/30405/stat,1749224032044,117218,6987
/proc/stat,1749224033054,1912221,190944
/proc/30405/stat,1749224033055,117322,6990
/proc/stat,1749224034048,1912326,190949
/proc/30405/stat,1749224034049,117430,6993
/proc/stat,1749224035046,1912436,190954
/proc/30405/stat,1749224035047,117537,6998
/proc/stat,1749224036048,1912538,190965
/proc/30405/stat,1749224036049,117643,7004
/proc/stat,1749224037067,1912661,191007
/proc/30405/stat,1749224037068,117764,7045
/proc/stat,1749224038068,1912791,191018
/proc/30405/stat,1749224038069,117893,7053
/proc/stat,1749224039135,1913212,191024
/proc/30405/stat,1749224039136,118251,7053
/proc/stat,1749224040036,1913569,191027
/proc/30405/stat,1749224040036,118605,7053
/proc/stat,1749224041071,1913982,191028
/proc/30405/stat,1749224041071,119015,7053
/proc/stat,1749224042022,1914298,191031
/proc/30405/stat,1749224042023,119330,7053
/proc/stat,1749224043030,1914505,191047
/proc/30405/stat,1749224043030,119537,7068
/proc/stat,1749224044063,1914723,191057
/proc/30405/stat,1749224044063,119757,7076
/proc/stat,1749224045051,1915083,191075
/proc/30405/stat,1749224045052,120112,7092
/proc/stat,1749224046044,1915450,191088
/proc/30405/stat,1749224046044,120476,7103
/proc/stat,1749224047034,1915678,191137
/proc/30405/stat,1749224047034,120712,7149
/proc/stat,1749224048087,1915959,191195
/proc/30405/stat,1749224048087,120997,7203
/proc/stat,1749224049098,1916235,191244
/proc/30405/stat,1749224049098,121281,7247
/proc/stat,1749224050067,1916481,191315
/proc/30405/stat,1749224050067,121536,7315
/proc/stat,1749224051181,1916856,191344
/proc/30405/stat,1749224051182,121909,7341
/proc/stat,1749224052180,1917234,191365
/proc/30405/stat,1749224052180,122285,7354
/proc/stat,1749224053082,1917584,191374
/proc/30405/stat,1749224053083,122632,7357
/proc/stat,1749224054065,1917921,191380
/proc/30405/stat,1749224054066,122967,7359
/proc/stat,1749224055061,1918103,191389
/proc/30405/stat,1749224055061,123149,7366
/proc/stat,1749224056047,1918209,191397
/proc/30405/stat,1749224056048,123255,7372
/proc/stat,1749224057046,1918316,191405
/proc/30405/stat,1749224057046,123362,7377
/proc/stat,1749224058049,1918455,191411
/proc/30405/stat,1749224058050,123500,7381
/proc/stat,1749224059052,1918656,191415
/proc/30405/stat,1749224059053,123701,7381
/proc/stat,1749224060055,1918857,191420
/proc/30405/stat,1749224060055,123900,7382
/proc/stat,1749224061051,1919060,191424
/proc/30405/stat,1749224061051,124098,7383
/proc/stat,1749224062094,1919284,191436
/proc/30405/stat,1749224062095,124318,7390
/proc/stat,1749224063045,1919532,191462
/proc/30405/stat,1749224063045,124558,7414
/proc/stat,1749224064068,1919763,191490
/proc/30405/stat,1749224064069,124782,7438
/proc/stat,1749224065058,1919954,191519
/proc/30405/stat,1749224065059,124966,7463
/proc/stat,1749224066101,1920187,191553
/proc/30405/stat,1749224066102,125186,7493
/proc/stat,1749224067109,1920381,191561
/proc/30405/stat,1749224067110,125370,7497
/proc/stat,1749224068044,1920710,191565
/proc/30405/stat,1749224068045,125699,7498
/proc/stat,1749224069138,1920998,191571
/proc/30405/stat,1749224069138,125983,7499
/proc/stat,1749224070043,1921190,191581
/proc/30405/stat,1749224070043,126173,7507
/proc/stat,1749224071044,1921314,191585
/proc/30405/stat,1749224071045,126293,7509
/proc/stat,1749224072044,1921428,191587
/proc/30405/stat,1749224072044,126405,7509
/proc/stat,1749224073042,1921533,191593
/proc/30405/stat,1749224073042,126509,7512
/proc/stat,1749224074022,1921634,191597
/proc/30405/stat,1749224074022,126612,7516
/proc/stat,1749224075029,1921744,191622
/proc/30405/stat,1749224075030,126719,7539
/proc/stat,1749224076070,1922085,191625
/proc/30405/stat,1749224076070,127058,7541
/proc/stat,1749224077070,1922482,191628
/proc/30405/stat,1749224077070,127453,7541
/proc/stat,1749224078021,1922856,191630
/proc/30405/stat,1749224078022,127825,7541
/proc/stat,1749224079033,1923059,191644
/proc/30405/stat,1749224079033,128027,7553
/proc/stat,1749224080037,1923238,191655
/proc/30405/stat,1749224080037,128207,7560
/proc/stat,1749224081047,1923610,191666
/proc/30405/stat,1749224081047,128578,7568
/proc/stat,1749224082053,1923983,191676
/proc/30405/stat,1749224082053,128950,7576
/proc/stat,1749224083044,1924236,191718
/proc/30405/stat,1749224083045,129210,7616
/proc/stat,1749224084066,1924490,191792
/proc/30405/stat,1749224084066,129468,7687
/proc/stat,1749224085069,1924763,191854
/proc/30405/stat,1749224085069,129752,7746
/proc/stat,1749224086091,1925093,191914
/proc/30405/stat,1749224086091,130082,7801
/proc/stat,1749224087145,1925379,191974
/proc/30405/stat,1749224087146,130368,7858
/proc/stat,1749224088176,1925702,192008
/proc/30405/stat,1749224088177,130693,7888
/proc/stat,1749224089174,1926076,192034
/proc/30405/stat,1749224089174,131060,7909
/proc/stat,1749224090091,1926426,192045
/proc/30405/stat,1749224090091,131409,7915
/proc/stat,1749224091065,1926801,192052
/proc/30405/stat,1749224091066,131780,7917
/proc/stat,1749224092067,1927011,192062
/proc/30405/stat,1749224092068,131985,7925
/proc/stat,1749224093065,1927214,192074
/proc/30405/stat,1749224093065,132190,7932
/proc/stat,1749224094064,1927419,192086
/proc/30405/stat,1749224094064,132394,7940
/proc/stat,1749224095044,1927525,192095
/proc/30405/stat,1749224095044,132501,7946
/proc/stat,1749224096055,1927719,192101
/proc/30405/stat,1749224096055,132691,7947
/proc/stat,1749224097052,1927920,192105
/proc/30405/stat,1749224097052,132889,7948
/proc/stat,1749224098059,1928125,192110
/proc/30405/stat,1749224098059,133090,7949
/proc/stat,1749224099060,1928334,192118
/proc/30405/stat,1749224099060,133290,7952
/proc/stat,1749224100052,1928562,192130
/proc/30405/stat,1749224100053,133515,7961
/proc/stat,1749224101043,1928769,192166
/proc/30405/stat,1749224101044,133719,7995
/proc/stat,1749224102140,1929007,192201
/proc/30405/stat,1749224102141,133950,8023
/proc/stat,1749224103047,1929187,192221
/proc/30405/stat,1749224103047,134127,8041
/proc/stat,1749224104085,1929492,192234
/proc/30405/stat,1749224104086,134430,8048
/proc/stat,1749224105044,1929731,192242
/proc/30405/stat,1749224105045,134668,8054
/proc/stat,1749224106065,1930061,192253
/proc/30405/stat,1749224106065,134993,8061
/proc/stat,1749224107044,1930240,192254
/proc/30405/stat,1749224107045,135166,8061
/proc/stat,1749224108053,1930354,192266
/proc/30405/stat,1749224108054,135277,8069
/proc/stat,1749224109043,1930462,192269
/proc/30405/stat,1749224109044,135383,8069
/proc/stat,1749224110046,1930568,192275
/proc/30405/stat,1749224110047,135490,8072
/proc/stat,1749224111049,1930678,192283
/proc/30405/stat,1749224111050,135600,8076
/proc/stat,1749224112022,1930778,192289
/proc/30405/stat,1749224112022,135702,8081
/proc/stat,1749224113066,1930959,192311
/proc/30405/stat,1749224113066,135884,8100
/proc/stat,1749224114070,1931357,192314
/proc/30405/stat,1749224114071,136281,8101
/proc/stat,1749224115066,1931754,192315
/proc/30405/stat,1749224115067,136675,8101
/proc/stat,1749224116033,1932033,192327
/proc/30405/stat,1749224116033,136953,8110
/proc/stat,1749224117022,1932210,192341
/proc/30405/stat,1749224117022,137129,8123
/proc/stat,1749224118059,1932475,192352
/proc/30405/stat,1749224118059,137392,8131
/proc/stat,1749224119049,1932830,192370
/proc/30405/stat,1749224119049,137738,8148
/proc/stat,1749224120071,1933199,192384
/proc/30405/stat,1749224120071,138112,8160
/proc/stat,1749224121075,1933429,192444
/proc/30405/stat,1749224121076,138348,8216
/proc/stat,1749224122083,1933690,192518
/proc/30405/stat,1749224122084,138613,8286
/proc/stat,1749224123071,1934005,192559
/proc/30405/stat,1749224123071,138927,8324
/proc/stat,1749224124071,1934263,192610
/proc/30405/stat,1749224124072,139190,8372
/proc/stat,1749224125151,1934576,192663
/proc/30405/stat,1749224125151,139505,8421
/proc/stat,1749224126069,1934828,192723
/proc/30405/stat,1749224126069,139763,8479
/proc/stat,1749224127153,1935234,192741
/proc/30405/stat,1749224127154,140164,8492
/proc/stat,1749224128067,1935581,192760
/proc/30405/stat,1749224128068,140505,8508
/proc/stat,1749224129074,1935978,192763
/proc/30405/stat,1749224129074,140898,8508
/proc/stat,1749224130064,1936249,192772
/proc/30405/stat,1749224130065,141168,8513
/proc/stat,1749224131045,1936376,192782
/proc/30405/stat,1749224131045,141294,8521
/proc/stat,1749224132044,1936480,192793
/proc/30405/stat,1749224132045,141399,8529
/proc/stat,1749224133045,1936584,192801
/proc/30405/stat,1749224133046,141506,8534
/proc/stat,1749224134054,1936756,192808
/proc/30405/stat,1749224134055,141679,8536
/proc/stat,1749224135054,1936961,192812
/proc/30405/stat,1749224135054,141877,8537
/proc/stat,1749224136054,1937159,192818
/proc/30405/stat,1749224136054,142075,8538
/proc/stat,1749224137144,1937394,192828
/proc/30405/stat,1749224137145,142308,8542
/proc/stat,1749224138125,1937616,192852
/proc/30405/stat,1749224138125,142526,8564
/proc/stat,1749224139055,1937790,192876
/proc/30405/stat,1749224139056,142695,8585
/proc/stat,1749224140043,1938011,192902
/proc/30405/stat,1749224140044,142911,8609
/proc/stat,1749224141118,1938252,192933
/proc/30405/stat,1749224141119,143148,8637
/proc/stat,1749224142143,1938474,192937
/proc/30405/stat,1749224142144,143367,8637
/proc/stat,1749224143062,1938777,192944
/proc/30405/stat,1749224143063,143665,8639
/proc/stat,1749224144118,1939054,192958
/proc/30405/stat,1749224144119,143941,8648
/proc/stat,1749224145043,1939282,192965
/proc/30405/stat,1749224145044,144167,8652
/proc/stat,1749224146043,1939400,192974
/proc/30405/stat,1749224146044,144284,8658
/proc/stat,1749224147045,1939520,192978
/proc/30405/stat,1749224147045,144397,8658
/proc/stat,1749224148024,1939622,192983
/proc/30405/stat,1749224148024,144497,8662
/proc/stat,1749224149022,1939727,192990
/proc/30405/stat,1749224149022,144602,8667
/proc/stat,1749224150033,1939848,193010
/proc/30405/stat,1749224150034,144722,8686
/proc/stat,1749224151070,1940261,193011
/proc/30405/stat,1749224151071,145133,8686
/proc/stat,1749224152065,1940658,193013
/proc/30405/stat,1749224152066,145527,8686
/proc/stat,1749224153022,1940971,193016
/proc/30405/stat,1749224153022,145841,8688
/proc/stat,1749224154034,1941162,193041
/proc/30405/stat,1749224154034,146033,8709
/proc/stat,1749224155048,1941378,193050
/proc/30405/stat,1749224155049,146244,8718
/proc/stat,1749224156042,1941733,193066
/proc/30405/stat,1749224156043,146601,8731
/proc/stat,1749224157092,1942114,193084
/proc/30405/stat,1749224157093,146976,8746
/proc/stat,1749224158069,1942432,193113
/proc/30405/stat,1749224158070,147295,8770
/proc/stat,1749224159066,1942642,193154
/proc/30405/stat,1749224159066,147511,8805
/proc/stat,1749224160089,1942943,193220
/proc/30405/stat,1749224160089,147811,8868
/proc/stat,1749224161068,1943184,193282
/proc/30405/stat,1749224161068,148062,8925
/proc/stat,1749224162110,1943464,193358
/proc/30405/stat,1749224162110,148344,8996
/proc/stat,1749224163139,1943755,193416
/proc/30405/stat,1749224163139,148643,9049
/proc/stat,1749224164072,1944002,193482
/proc/30405/stat,1749224164073,148895,9108
/proc/stat,1749224165207,1944397,193515
/proc/30405/stat,1749224165208,149290,9137
/proc/stat,1749224166107,1944741,193530
/proc/30405/stat,1749224166108,149631,9148
/proc/stat,1749224167102,1945129,193540
/proc/30405/stat,1749224167102,150015,9151
/proc/stat,1749224168043,1945408,193548
/proc/30405/stat,1749224168044,150293,9155
/proc/stat,1749224169044,1945514,193556
/proc/30405/stat,1749224169045,150398,9162
/proc/stat,1749224170047,1945618,193567
/proc/30405/stat,1749224170047,150505,9167
/proc/stat,1749224171048,1945728,193574
/proc/30405/stat,1749224171049,150613,9172
/proc/stat,1749224172053,1945886,193579
/proc/30405/stat,1749224172053,150770,9173
/proc/stat,1749224173050,1946086,193584
/proc/30405/stat,1749224173050,150968,9174
/proc/stat,1749224174057,1946288,193589
/proc/30405/stat,1749224174058,151168,9175
/proc/stat,1749224175050,1946488,193594
/proc/30405/stat,1749224175050,151365,9176
/proc/stat,1749224176044,1946708,193617
/proc/30405/stat,1749224176044,151583,9197
/proc/stat,1749224177098,1946935,193651
/proc/30405/stat,1749224177099,151806,9226
/proc/stat,1749224178136,1947171,193678
/proc/30405/stat,1749224178137,152034,9247
/proc/stat,1749224179074,1947374,193712
/proc/30405/stat,1749224179075,152203,9277
/proc/stat,1749224180155,1947635,193726
/proc/30405/stat,1749224180156,152461,9286
/proc/stat,1749224181064,1947898,193735
/proc/30405/stat,1749224181064,152723,9290
/proc/stat,1749224182123,1948243,193749
/proc/30405/stat,1749224182123,153064,9299
/proc/stat,1749224183049,1948438,193754
/proc/30405/stat,1749224183049,153255,9301
/proc/stat,1749224184043,1948545,193763
/proc/30405/stat,1749224184044,153358,9308
/proc/stat,1749224185044,1948659,193765
/proc/30405/stat,1749224185044,153470,9308
/proc/stat,1749224186049,1948766,193774
/proc/30405/stat,1749224186049,153574,9312
/proc/stat,1749224187064,1948878,193781
/proc/30405/stat,1749224187064,153683,9316
/proc/stat,1749224188045,1948983,193790
/proc/30405/stat,1749224188046,153790,9321
/proc/stat,1749224189049,1949093,193798
/proc/30405/stat,1749224189049,153897,9327
/proc/stat,1749224190044,1949204,193838
/proc/30405/stat,1749224190045,154009,9365
/proc/stat,1749224191086,1949361,193846
/proc/30405/stat,1749224191087,154167,9367
/proc/stat,1749224192129,1949772,193852
/proc/30405/stat,1749224192129,154573,9368
/proc/stat,1749224193078,1950150,193853
/proc/30405/stat,1749224193079,154945,9368
/proc/stat,1749224194075,1950545,193856
/proc/30405/stat,1749224194075,155336,9368
/proc/stat,1749224195032,1950849,193862
/proc/30405/stat,1749224195032,155637,9373
/proc/stat,1749224196033,1951046,193887
/proc/30405/stat,1749224196033,155833,9395
/proc/stat,1749224197056,1951248,193896
/proc/30405/stat,1749224197056,156033,9403
/proc/stat,1749224198057,1951609,193906
/proc/30405/stat,1749224198058,156396,9410
/proc/stat,1749224199046,1951976,193917
/proc/30405/stat,1749224199047,156759,9419
/proc/stat,1749224200081,1952243,193967
/proc/30405/stat,1749224200081,157030,9467
/proc/stat,1749224201051,1952492,194030
/proc/30405/stat,1749224201051,157283,9529
/proc/stat,1749224202070,1952807,194089
/proc/30405/stat,1749224202071,157556,9587
/proc/stat,1749224203070,1953160,194117
/proc/30405/stat,1749224203070,157908,9613
/proc/stat,1749224204031,1953454,194123
/proc/30405/stat,1749224204031,158199,9617
/proc/stat,1749224205043,1953562,194130
/proc/30405/stat,1749224205044,158307,9622
/proc/stat,1749224206046,1953669,194138
/proc/30405/stat,1749224206046,158415,9629
/proc/stat,1749224207052,1953860,194142
/proc/30405/stat,1749224207053,158606,9631
/proc/stat,1749224208047,1954063,194147
/proc/30405/stat,1749224208048,158806,9632
/proc/stat,1749224209057,1954267,194152
/proc/30405/stat,1749224209057,159007,9634
/proc/stat,1749224210118,1954489,194174
/proc/30405/stat,1749224210119,159224,9653
/proc/stat,1749224211043,1954682,194178
/proc/30405/stat,1749224211044,159417,9654
/proc/stat,1749224212136,1954927,194207
/proc/30405/stat,1749224212137,159658,9679
/proc/stat,1749224213043,1955124,194223
/proc/30405/stat,1749224213044,159847,9692
/proc/stat,1749224214080,1955365,194252
/proc/30405/stat,1749224214080,160084,9716
/proc/stat,1749224215044,1955632,194257
/proc/30405/stat,1749224215044,160348,9717
/proc/stat,1749224216086,1956014,194269
/proc/30405/stat,1749224216086,160725,9724
/proc/stat,1749224217044,1956168,194277
/proc/30405/stat,1749224217045,160878,9729
/proc/stat,1749224218052,1956278,194287
/proc/30405/stat,1749224218053,160985,9736
/proc/stat,1749224219044,1956389,194290
/proc/30405/stat,1749224219044,161092,9736
/proc/stat,1749224220043,1956494,194296
/proc/30405/stat,1749224220043,161198,9739
/proc/stat,1749224221046,1956602,194304
/proc/30405/stat,1749224221046,161306,9743
/proc/stat,1749224222046,1956708,194311
/proc/30405/stat,1749224222046,161414,9748
/proc/stat,1749224223044,1956811,194319
/proc/30405/stat,1749224223045,161520,9753
/proc/stat,1749224224047,1956925,194362
/proc/30405/stat,1749224224047,161633,9793
/proc/stat,1749224225139,1957184,194372
/proc/30405/stat,1749224225140,161886,9799
/proc/stat,1749224226099,1957566,194375
/proc/30405/stat,1749224226099,162261,9799
/proc/stat,1749224227075,1957950,194381
/proc/30405/stat,1749224227076,162642,9799
/proc/stat,1749224228091,1958352,194384
/proc/30405/stat,1749224228091,163040,9800
/proc/stat,1749224229073,1958740,194389
/proc/30405/stat,1749224229074,163425,9800
/proc/stat,1749224230099,1959147,194393
/proc/30405/stat,1749224230100,163826,9800
/proc/stat,1749224231065,1959397,194406
/proc/30405/stat,1749224231065,164075,9810
/proc/stat,1749224232044,1959583,194426
/proc/30405/stat,1749224232045,164260,9825
/proc/stat,1749224233063,1959806,194440
/proc/30405/stat,1749224233064,164480,9835
/proc/stat,1749224234042,1959930,194448
/proc/30405/stat,1749224234043,164603,9840
/proc/stat,1749224235104,1960190,194466
/proc/30405/stat,1749224235105,164860,9853
/proc/stat,1749224236132,1960551,194492
/proc/30405/stat,1749224236133,165219,9875
/proc/stat,1749224237048,1960886,194502
/proc/30405/stat,1749224237048,165551,9883
/proc/stat,1749224238038,1961236,194518
/proc/30405/stat,1749224238038,165897,9896
/proc/stat,1749224239032,1961457,194574
/proc/30405/stat,1749224239033,166127,9952
/proc/stat,1749224240035,1961708,194630
/proc/30405/stat,1749224240035,166388,10005
/proc/stat,1749224241046,1961997,194686
/proc/30405/stat,1749224241046,166684,10061
/proc/stat,1749224242050,1962392,194691
/proc/30405/stat,1749224242050,167077,10064
/proc/stat,1749224243025,1962605,194698
/proc/30405/stat,1749224243025,167292,10068
/proc/stat,1749224244022,1962706,194705
/proc/30405/stat,1749224244023,167398,10074
/proc/stat,1749224245028,1962889,194708
/proc/30405/stat,1749224245028,167580,10075
/proc/stat,1749224246072,1963115,194713
/proc/30405/stat,1749224246072,167804,10078
/proc/stat,1749224247070,1963350,194738
/proc/30405/stat,1749224247070,168035,10101
/proc/stat,1749224248051,1963613,194748
/proc/30405/stat,1749224248051,168296,10109
/proc/stat,1749224249044,1963924,194753
/proc/30405/stat,1749224249044,168599,10112
/proc/stat,1749224250120,1964139,194761
/proc/30405/stat,1749224250121,168809,10116
/proc/stat,1749224251044,1964341,194773
/proc/30405/stat,1749224251044,169007,10126
/proc/stat,1749224252043,1964564,194785
/proc/30405/stat,1749224252044,169226,10135
/proc/stat,1749224253044,1964666,194794
/proc/30405/stat,1749224253044,169327,10141
/proc/stat,1749224254045,1964768,194806
/proc/30405/stat,1749224254046,169428,10150
/proc/stat,1749224255048,1964872,194816
/proc/30405/stat,1749224255049,169532,10158
/proc/stat,1749224256044,1964974,194826
/proc/30405/stat,1749224256044,169636,10166
/proc/stat,1749224257045,1965078,194834
/proc/30405/stat,1749224257045,169744,10170
/proc/stat,1749224258047,1965190,194846
/proc/30405/stat,1749224258048,169856,10179
/proc/stat,1749224259047,1965297,194886
/proc/30405/stat,1749224259047,169958,10217
/proc/stat,1749224260103,1965606,194892
/proc/30405/stat,1749224260103,170265,10219
/proc/stat,1749224261080,1965992,194897
/proc/30405/stat,1749224261081,170642,10219
/proc/stat,1749224262107,1966398,194902
/proc/30405/stat,1749224262107,171044,10220
/proc/stat,1749224263107,1966794,194906
/proc/30405/stat,1749224263108,171435,10220
/proc/stat,1749224264150,1967206,194911
/proc/30405/stat,1749224264150,171842,10220
/proc/stat,1749224265087,1967572,194916
/proc/30405/stat,1749224265088,172206,10220
/proc/stat,1749224266064,1967798,194940
/proc/30405/stat,1749224266065,172430,10240
/proc/stat,1749224267067,1967983,194964
/proc/30405/stat,1749224267068,172613,10258
/proc/stat,1749224268067,1968169,194998
/proc/30405/stat,1749224268068,172798,10287
/proc/stat,1749224269044,1968295,195010
/proc/30405/stat,1749224269044,172922,10297
/proc/stat,1749224270110,1968510,195026
/proc/30405/stat,1749224270111,173131,10309
/proc/stat,1749224271134,1968893,195041
/proc/30405/stat,1749224271135,173509,10319
/proc/stat,1749224272081,1969227,195065
/proc/30405/stat,1749224272082,173840,10338
/proc/stat,1749224273090,1969600,195081
/proc/30405/stat,1749224273090,174205,10351
/proc/stat,1749224274077,1969958,195100
/proc/30405/stat,1749224274078,174565,10363
/proc/stat,1749224275097,1970339,195109
/proc/30405/stat,1749224275098,174942,10366
/proc/stat,1749224276069,1970509,195166
/proc/30405/stat,1749224276070,175127,10419
/proc/stat,1749224277073,1970764,195221
/proc/30405/stat,1749224277073,175389,10472
/proc/stat,1749224278137,1971069,195296
/proc/30405/stat,1749224278137,175689,10544
/proc/stat,1749224279069,1971354,195360
/proc/30405/stat,1749224279070,175974,10603
/proc/stat,1749224280069,1971659,195425
/proc/30405/stat,1749224280069,176281,10665
/proc/stat,1749224281070,1971882,195491
/proc/30405/stat,1749224281071,176513,10724
/proc/stat,1749224282172,1972232,195520
/proc/30405/stat,1749224282173,176868,10750
/proc/stat,1749224283070,1972562,195546
/proc/30405/stat,1749224283071,177195,10770
/proc/stat,1749224284079,1972960,195550
/proc/30405/stat,1749224284079,177589,10772
/proc/stat,1749224285046,1973153,195556
/proc/30405/stat,1749224285046,177782,10775
/proc/stat,1749224286044,1973260,195562
/proc/30405/stat,1749224286045,177891,10780
/proc/stat,1749224287048,1973370,195573
/proc/30405/stat,1749224287048,177998,10786
/proc/stat,1749224288044,1973473,195584
/proc/30405/stat,1749224288044,178102,10795
/proc/stat,1749224289051,1973665,195590
/proc/30405/stat,1749224289051,178291,10797
/proc/stat,1749224290051,1973864,195596
/proc/30405/stat,1749224290052,178490,10798
/proc/stat,1749224291057,1974069,195603
/proc/30405/stat,1749224291058,178689,10800
/proc/stat,1749224292045,1974250,195612
/proc/30405/stat,1749224292046,178868,10807
/proc/stat,1749224293135,1974519,195636
/proc/30405/stat,1749224293136,179131,10826
/proc/stat,1749224294044,1974694,195666
/proc/30405/stat,1749224294044,179303,10854
/proc/stat,1749224295067,1974933,195692
/proc/30405/stat,1749224295067,179539,10876
/proc/stat,1749224296054,1975119,195723
/proc/30405/stat,1749224296055,179722,10903
/proc/stat,1749224297064,1975446,195735
/proc/30405/stat,1749224297064,180045,10912
/proc/stat,1749224298142,1975682,195742
/proc/30405/stat,1749224298142,180278,10914
/proc/stat,1749224299032,1975972,195755
/proc/30405/stat,1749224299032,180566,10925
/proc/stat,1749224300023,1976094,195757
/proc/30405/stat,1749224300023,180687,10926
/proc/stat,1749224301023,1976199,195761
/proc/30405/stat,1749224301023,180792,10929
/proc/stat,1749224302022,1976302,195768
/proc/30405/stat,1749224302022,180898,10933
/proc/stat,1749224303057,1976442,195790
/proc/30405/stat,1749224303058,181033,10954
/proc/stat,1749224304070,1976844,195792
/proc/30405/stat,1749224304070,181431,10954
/proc/stat,1749224305061,1977237,195796
/proc/30405/stat,1749224305061,181822,10954
/proc/stat,1749224306032,1977540,195804
/proc/30405/stat,1749224306032,182126,10960
/proc/stat,1749224307032,1977738,195830
/proc/30405/stat,1749224307032,182323,10983
/proc/stat,1749224308065,1977954,195837
/proc/30405/stat,1749224308065,182533,10988
/proc/stat,1749224309059,1978307,195852
/proc/30405/stat,1749224309059,182891,11001
/proc/stat,1749224310045,1978684,195862
/proc/30405/stat,1749224310045,183204,11008
/proc/stat,1749224311063,1978960,195905
/proc/30405/stat,1749224311063,183486,11050
/proc/stat,1749224312072,1979216,195969
/proc/30405/stat,1749224312073,183748,11114
/proc/stat,1749224313037,1979488,196013
/proc/30405/stat,1749224313037,184028,11156
/proc/stat,1749224314053,1979845,196044
/proc/30405/stat,1749224314054,184384,11184
/proc/stat,1749224315032,1980174,196051
/proc/30405/stat,1749224315032,184711,11188
/proc/stat,1749224316032,1980378,196062
/proc/30405/stat,1749224316032,184915,11197
/proc/stat,1749224317059,1980526,196069
/proc/30405/stat,1749224317059,185062,11202
/proc/stat,1749224318060,1980728,196076
/proc/30405/stat,1749224318060,185259,11204
/proc/stat,1749224319060,1980935,196080
/proc/30405/stat,1749224319060,185458,11205
/proc/stat,1749224320056,1981137,196084
/proc/30405/stat,1749224320056,185656,11205
/proc/stat,1749224321044,1981302,196094
/proc/30405/stat,1749224321044,185818,11213
/proc/stat,1749224322132,1981620,196116
/proc/30405/stat,1749224322133,186125,11232
/proc/stat,1749224323045,1981798,196142
/proc/30405/stat,1749224323046,186295,11253
/proc/stat,1749224324045,1982029,196171
/proc/30405/stat,1749224324045,186522,11280
/proc/stat,1749224325056,1982218,196202
/proc/30405/stat,1749224325057,186709,11307
/proc/stat,1749224326104,1982495,196218
/proc/30405/stat,1749224326105,186981,11319
/proc/stat,1749224327061,1982811,196222
/proc/30405/stat,1749224327061,187289,11319
/proc/stat,1749224328123,1983150,196229
/proc/30405/stat,1749224328123,187623,11323
/proc/stat,1749224329043,1983322,196237
/proc/30405/stat,1749224329043,187791,11328
/proc/stat,1749224330043,1983430,196244
/proc/30405/stat,1749224330044,187899,11332
/proc/stat,1749224331044,1983549,196247
/proc/30405/stat,1749224331044,188012,11332
/proc/stat,1749224332048,1983654,196252
/proc/30405/stat,1749224332049,188118,11335
/proc/stat,1749224333044,1983759,196260
/proc/30405/stat,1749224333045,188224,11340
/proc/stat,1749224334049,1983865,196265
/proc/30405/stat,1749224334049,188335,11342
/proc/stat,1749224335055,1983972,196272
/proc/30405/stat,1749224335056,188443,11346
/proc/stat,1749224336016,1984023,196304
