Timestamp,Domain,Power (Watts),DRAM Power (Watts), Energy (micro joules), DRAM Energy (micro joules)
1749223555081,package-0,7.418316,4.214772,80904518958,25247017032
1749223557008,package-0,7.574565,4.526966,80919562925,25255958782
1749223559008,package-0,6.886518,3.824758,80934014915,25264307271
1749223561008,package-0,6.239791,3.25103,80946472952,25270793888
1749223563008,package-0,8.427774,5.077746,80963101327,25280801125
1749223565009,package-0,8.301981,4.965136,80980094387,25291035352
1749223567009,package-0,8.195048,4.765369,80996082017,25300344044
1749223569008,package-0,8.066751,4.59917,81011638495,25309192410
1749223571008,package-0,6.998883,3.839407,81026082916,25317383368
1749223573008,package-0,5.820603,2.929558,81037964661,25323377249
1749223575009,package-0,4.253224,1.34039,81047992406,25327401592
1749223577009,package-0,4.518116,1.520748,81056703749,25330188328
1749223579009,package-0,4.769153,1.762507,81066236256,25333696253
1749223581009,package-0,4.600635,1.619198,81075165432,25336795489
1749223583010,package-0,4.369252,1.410946,81084052739,25339729685
1749223585009,package-0,3.867361,1.000852,81091694687,25341588750
1749223587009,package-0,3.699026,0.971311,81098742459,25343314088
1749223589009,package-0,3.571951,0.899289,81105996042,25345201900
1749223591009,package-0,3.702627,1.025266,81113596181,25347399282
1749223593010,package-0,4.586903,1.759517,81122632169,25350862286
1749223595010,package-0,4.472584,1.717403,81131562078,25354287204
1749223597010,package-0,4.514942,1.739681,81140542828,25357739832
1749223599009,package-0,3.937673,1.24017,81148571861,25360387225
1749223601009,package-0,3.433585,0.833189,81155982669,25362557874
1749223603009,package-0,4.900683,1.926814,81165329996,25366106205
1749223605009,package-0,4.940478,1.943782,81175197037,25369993036
1749223607009,package-0,4.85155,1.877864,81184909292,25373774764
1749223609009,package-0,4.632312,1.749507,81193887052,25377011206
1749223611010,package-0,4.648181,1.768733,81203202885,25380529202
1749223613009,package-0,4.73656,1.788081,81212696025,25384134967
1749223615009,package-0,4.900012,1.789241,81222384294,25387710581
1749223617010,package-0,4.462147,1.662593,81231695366,25391164734
1749223619010,package-0,3.603323,0.932371,81239315708,25393412959
1749223621009,package-0,3.370536,0.80493,81246495133,25395202322
1749223623009,package-0,3.82604,1.169065,81254014584,25397441757
1749223625009,package-0,3.819997,1.1405,81261642738,25399752786
1749223627009,package-0,4.425099,1.394222,81270469132,25402597444
1749223629009,package-0,4.203054,1.269711,81278900751,25405165309
1749223631008,package-0,4.785327,1.735103,81287895662,25408161395
1749223633009,package-0,4.406239,1.4389,81296714365,25410972606
1749223635009,package-0,3.698965,0.883665,81304205007,25412743781
1749223637009,package-0,3.673513,0.979124,81311178744,25414477236
1749223639010,package-0,3.674552,0.988096,81318517532,25416437192
1749223641008,package-0,3.840384,1.139646,81326283137,25418777823
1749223643009,package-0,4.408314,1.683406,81335071994,25422137372
1749223645009,package-0,4.488575,1.729915,81343979503,25425561131
1749223647009,package-0,4.307667,1.566036,81352779651,25428854030
1749223649010,package-0,3.917593,1.276608,81360586760,25431343281
1749223650014,package-0,3.774344,1.120298,81364370625,25432467119
1749223652009,package-0,4.97362,1.980708,81373235592,25435613839
1749223654009,package-0,4.977404,1.959834,81383152864,25439533141
1749223656009,package-0,5.018725,1.992365,81393139838,25443496021
1749223658009,package-0,4.539966,1.666133,81402350569,25446895121
1749223660009,package-0,4.608814,1.739558,81411690145,25450414399
1749223662009,package-0,4.713245,1.794307,81421097408,25454004417
1749223664008,package-0,4.886646,1.781001,81430694735,25457549086
1749223666008,package-0,4.259633,1.571712,81439679880,25460865117
1749223668009,package-0,3.590506,0.951535,81446974539,25462869018
1749223670008,package-0,3.576529,0.942746,81454195529,25464800959
1749223672009,package-0,3.826284,1.18121,81461806044,25467123890
1749223674009,package-0,4.183705,1.358273,81469800347,25469650129
1749223676009,package-0,4.417713,1.397945,81478439485,25472357153
1749223678009,package-0,4.156606,1.242856,81486744213,25474822357
1749223680009,package-0,4.593983,1.351498,81496075549,25477874962
1749223682009,package-0,3.741507,0.86218,81504285855,25480215959
1749223684009,package-0,3.34008,0.757261,81511268015,25481781873
1749223686009,package-0,3.52526,0.854673,81518489676,25483612435
1749223688008,package-0,3.852773,1.122007,81525875643,25485598880
1749223690010,package-0,4.451465,1.706051,81534097729,25488376827
1749223692009,package-0,4.451099,1.708003,81542975392,25491779711
1749223694008,package-0,4.421986,1.6972,81551839444,25495182473
1749223696009,package-0,3.927175,1.297482,81560090033,25498100740
1749223698009,package-0,3.894826,1.277035,81567977830,25500713892
1749223700008,package-0,4.669971,1.755367,81576101650,25503315082
1749223702009,package-0,4.929797,1.931391,81585968568,25507195992
1749223704009,package-0,4.993822,1.984858,81595861914,25511122862
1749223706009,package-0,4.61504,1.708919,81605218702,25514611928
1749223708009,package-0,4.779895,1.82812,81614645008,25518204692
1749223710009,package-0,4.5844,1.70245,81623950160,25521700167
1749223712008,package-0,4.929431,1.780513,81633458376,25525145898
1749223714008,package-0,4.132741,1.409665,81642102458,25528230668
1749223716008,package-0,3.663565,0.978879,81649360862,25530153575
1749223718009,package-0,3.684194,1.037717,81656680728,25532156744
1749223720009,package-0,3.781118,1.14758,81664254012,25534461059
1749223722009,package-0,4.195545,1.304745,81672218652,25536880670
1749223724009,package-0,4.115163,1.248776,81680647647,25539500048
1749223726009,package-0,4.418873,1.463925,81689352947,25542309123
1749223728008,package-0,4.617481,1.59808,81698216145,25545186740
1749223730008,package-0,3.800893,0.872434,81706122374,25547262296
1749223732008,package-0,3.463309,0.833799,81712966107,25548833215
1749223734009,package-0,3.661916,0.949217,81720288109,25550744221
1749223736008,package-0,4.564991,1.71252,81728518679,25553427014
1749223738008,package-0,7.548321,4.518299,81743384486,25562240590
1749223740008,package-0,6.294722,3.279105,81757007986,25569805329
1749223742008,package-0,8.497598,5.081591,81771662185,25577999644
1749223744008,package-0,7.845378,4.565907,81788026278,25587690904
1749223746008,package-0,7.778788,4.448414,81803632256,25596758568
1749223748008,package-0,7.865153,4.64336,81819316542,25605768067
1749223750008,package-0,6.182784,3.133964,81832728190,25613007916
1749223752008,package-0,5.528855,2.666497,81844244396,25618762784
1749223754008,package-0,4.208363,1.285275,81852645986,25621374106
1749223756008,package-0,4.468617,1.463375,81861293547,25624103164
1749223758008,package-0,4.344898,1.426693,81869776191,25626764656
1749223760008,package-0,4.62566,1.637142,81878625290,25629643250
1749223762008,package-0,3.777334,0.868772,81886068813,25631368770
1749223764008,package-0,3.714346,0.994504,81892997872,25633074271
1749223766008,package-0,3.636099,0.947934,81900256155,25634963243
1749223768008,package-0,3.817617,1.112119,81907935334,25637193951
1749223770008,package-0,4.455249,1.707881,81916703866,25640472995
1749223772009,package-0,4.468982,1.71484,81925623338,25643897364
1749223774008,package-0,4.513356,1.735103,81934594324,25647344132
1749223776009,package-0,3.849416,1.199521,81942395390,25649851694
1749223778009,package-0,3.720755,1.075376,81950132492,25652255619
1749223780009,package-0,4.911243,1.930415,81959029442,25655416804
1749223782009,package-0,4.864856,1.90417,81968751890,25659225449
1749223784009,package-0,4.955676,1.975215,81978684970,25663200110
1749223786008,package-0,4.724048,1.77795,81988002268,25666690091
1749223788009,package-0,4.732776,1.794002,81997371079,25670243427
1749223790009,package-0,4.55431,1.68603,82006551781,25673664499
1749223792008,package-0,4.748523,1.730282,82016172484,25677156129
1749223794010,package-0,3.569754,0.945188,82024034829,25679677668
1749223796008,package-0,5.038867,2.118952,82032735735,25682792894
1749223798008,package-0,6.221298,3.184928,82044897630,25689020234
1749223800008,package-0,7.189801,3.615226,82058676648,25695876357
1749223802008,package-0,5.796983,2.464532,82071661600,25702113157
1749223804008,package-0,5.199633,2.21142,82081936720,25706395861
1749223806008,package-0,7.116986,4.037038,82094666179,25713029755
1749223808010,package-0,7.570049,4.520436,82109713748,25722013192
1749223810008,package-0,3.998098,1.321347,82119603921,25726327512
1749223812009,package-0,4.959765,1.958674,82128177263,25729233144
1749223814008,package-0,4.909961,1.924616,82138043388,25733112406
1749223816008,package-0,4.942492,1.961543,82147871060,25736990326
1749223818008,package-0,4.639575,1.73553,82157166019,25740475913
1749223820008,package-0,4.632495,1.729732,82166479838,25743971448
1749223822008,package-0,4.719592,1.792659,82175744646,25747459843
1749223824008,package-0,4.846545,1.750728,82185331841,25750976069
1749223826008,package-0,4.512317,1.689998,82194503509,25754418199
1749223828008,package-0,3.652945,0.983213,82202526621,25756941081
1749223830008,package-0,3.50579,0.894101,82209684257,25758811803
1749223832009,package-0,3.82781,1.173337,82217349459,25761175933
1749223834008,package-0,5.753526,2.648003,82226929330,25765012471
1749223836008,package-0,4.831225,1.808834,82238565408,25770269538
1749223838008,package-0,4.167408,1.146176,82247213396,25772917968
1749223840008,package-0,4.696216,1.582089,82256558770,25776134086
1749223842008,package-0,5.32512,2.31872,82266960721,25780532573
1749223844008,package-0,3.796316,1.123899,82275259223,25783338291
1749223846008,package-0,7.468914,4.449634,82288844271,25791033034
1749223848008,package-0,4.97948,2.2008,82301013796,25797424803
1749223850008,package-0,3.467826,0.843687,82308020370,25799215020
1749223852008,package-0,4.931933,1.939388,82317868977,25803100814
1749223854009,package-0,4.979784,1.966548,82327790094,25807023716
1749223856008,package-0,4.516651,1.622005,82337266205,25810604090
1749223858008,package-0,4.7802,1.82513,82346586677,25814071428
1749223860008,package-0,4.784717,1.742183,82355992598,25817525520
1749223862008,package-0,4.692126,1.713985,82365211263,25820902892
1749223864008,package-0,4.391651,1.628353,82374518795,25824303152
1749223866008,package-0,3.434927,0.836302,82381841103,25826353928
1749223868008,package-0,3.530631,0.902585,82388839377,25828121379
1749223870008,package-0,4.625171,1.861628,82397243957,25831108676
1749223872008,package-0,6.75395,3.381461,82410294644,25837757280
1749223874008,package-0,6.781294,3.368949,82423298761,25844012574
1749223876008,package-0,4.986865,1.905757,82434705043,25849014270
1749223878008,package-0,5.336045,2.33941,82445134459,25853489356
1749223880008,package-0,4.382741,1.672359,82455041844,25857778957
1749223882008,package-0,4.418995,1.686275,82463840893,25861138568
1749223884008,package-0,4.473072,1.726558,82472734181,25864555551
1749223886008,package-0,3.880727,1.211362,82480622772,25867079898
1749223888008,package-0,3.494925,0.872434,82488008678,25869230832
1749223890008,package-0,4.925158,1.932917,82497388293,25872751880
1749223892008,package-0,4.973315,1.958796,82507322594,25876672036
1749223894008,package-0,4.950487,1.956538,82517232297,25880586699
1749223896009,package-0,4.726489,1.792353,82526397252,25883937215
1749223898008,package-0,7.979472,4.692065,82539645692,25890924319
1749223900008,package-0,7.082257,3.883779,82554697350,25899370098
1749223902008,package-0,3.424368,0.843381,82561958928,25901404883
1749223904008,package-0,3.67864,1.053342,82569129747,25903355867
1749223906008,package-0,6.485091,3.404837,82581354570,25909622147
1749223908008,package-0,4.368519,1.419857,82591807424,25913873174
1749223910008,package-0,3.847463,1.022031,82599983794,25916250060
1749223912008,package-0,4.494373,1.456539,82609099799,25919288504
1749223914008,package-0,3.726186,0.835264,82616623339,25921019335
1749223916008,package-0,3.551138,0.889829,82623504425,25922660444
1749223918008,package-0,3.643362,0.952573,82630750439,25924538430
1749223920008,package-0,4.118276,1.221982,82638375054,25926619968
1749223922008,package-0,4.449513,1.704585,82646894197,25929687220
1749223924008,package-0,7.557048,4.518421,82658936402,25935951853
1749223926008,package-0,6.107284,3.257682,82671736479,25942936942
1749223928008,package-0,8.995339,5.055773,82687121206,25951270966
1749223930008,package-0,7.217816,4.0183,82703221750,25960391121
1749223932009,package-0,4.656421,1.761165,82712760544,25964044982
1749223934011,package-0,4.729236,1.788753,82722202964,25967613637
1749223936014,package-0,4.786914,1.738949,82731694517,25971111187
1749223938009,package-0,4.382679,1.621578,82740849950,25974466220
1749223940008,package-0,3.476858,0.877256,82748312760,25976622708
1749223942008,package-0,3.60784,0.955441,82755158873,25978342674
1749223944008,package-0,3.793692,1.161618,82762669047,25980583452
1749223946008,package-0,3.871206,1.218991,82770361166,25982984264
1749223948008,package-0,4.442859,1.440121,82779111021,25985847599
1749223950008,package-0,4.135305,1.207638,82787615944,25988449887
1749223952008,package-0,4.297414,1.353329,82796347489,25991228506
1749223954008,package-0,4.47881,1.522274,82805181817,25994117475
1749223956008,package-0,3.752005,0.865782,82812960300,25996058999
1749223958008,package-0,3.593741,0.920713,82819891679,25997741551
1749223960008,package-0,4.948718,2.002192,82828402338,26000635830
1749223962008,package-0,7.447185,4.435902,82841830404,26008119515
1749223964008,package-0,6.59239,3.637076,82855877426,26016206103
1749223966008,package-0,6.850507,3.682852,82868766187,26023039948
1749223968008,package-0,8.438944,5.058032,82885805878,26033260808
1749223970008,package-0,5.476793,2.557061,82898736265,26040028002
1749223972008,package-0,4.796924,1.812068,82908306858,26043658120
1749223974013,package-0,4.922473,1.761592,82917919138,26047172576
1749223976008,package-0,4.499805,1.71545,82927167466,26050652792
1749223978008,package-0,4.361623,1.572323,82935924097,26053848768
1749223980008,package-0,4.373036,1.402462,82944677126,26056805669
1749223982008,package-0,3.792044,1.144162,82952159895,26058992370
1749223984008,package-0,3.854604,1.194821,82959897546,26061426873
1749223986008,package-0,4.539173,1.490169,82968605654,26064269273
1749223988008,package-0,4.245045,1.315548,82977043254,26066861613
1749223990008,package-0,4.765613,1.734493,82986060748,26069866549
1749223992008,package-0,4.664051,1.656856,82995060237,26072869532
1749223994008,package-0,3.701894,0.831297,83002528662,26074574118
1749223996008,package-0,3.591177,0.932981,83009372456,26076242509
1749223998008,package-0,3.628409,0.954648,83016544862,26078106701
1749224000008,package-0,3.559134,0.953489,83023696028,26080015144
1749224002008,package-0,5.801926,2.962883,83033732440,26084521480
1749224004008,package-0,6.842268,3.856557,83048019696,26092810460
1749224006008,package-0,6.788618,3.617911,83060626048,26099417682
1749224008008,package-0,8.579629,5.143846,83077705594,26109653312
1749224010008,package-0,7.734599,4.529896,83092865711,26118343842
1749224012008,package-0,7.256573,3.371695,83108105907,26126366404
1749224014008,package-0,4.455494,1.654048,83117420092,26129736635
1749224016009,package-0,4.372487,1.53857,83126139064,26132848077
1749224018008,package-0,3.521964,0.917905,83133910162,26135203540
1749224020008,package-0,3.836477,1.192868,83141546800,26137549542
1749224022008,package-0,4.0678,1.256589,83149608547,26140124548
1749224024008,package-0,4.412586,1.394466,83158073369,26142722075
1749224026008,package-0,4.416432,1.425046,83166617781,26145383629
1749224028008,package-0,4.740222,1.735042,83175618307,26148443374
1749224030008,package-0,3.646048,0.815245,83183387086,26150449717
1749224032008,package-0,3.353995,0.77667,83190303877,26152009832
1749224034008,package-0,3.608572,0.925717,83197600062,26153915894
1749224036008,package-0,3.839895,1.115781,83205068915,26155978084
1749224038008,package-0,4.596302,1.750057,83213360093,26158757069
1749224040008,package-0,7.670573,4.522816,83226087599,26165549349
1749224042008,package-0,6.176681,3.259696,83239165630,26172699538
1749224044008,package-0,8.471109,5.07329,83254086551,26181077690
1749224046008,package-0,7.68333,4.400806,83270316307,26190602812
1749224048011,package-0,4.742358,1.790706,83282316703,26196428603
1749224050008,package-0,4.827197,1.781734,83291744658,26199951238
1749224052008,package-0,4.567493,1.731685,83301210332,26203460262
1749224054009,package-0,4.216969,1.426571,83309875471,26206527149
1749224056008,package-0,3.400992,0.830992,83316743922,26208233688
1749224058008,package-0,3.876821,1.245664,83324129218,26210392801
1749224060008,package-0,3.879018,1.234738,83331775805,26212773410
1749224062008,package-0,4.398061,1.497738,83340153592,26215503322
1749224064008,package-0,4.147328,1.233456,83348645696,26218120564
1749224066014,package-0,4.138967,1.205502,83357074569,26220672010
1749224068008,package-0,4.421803,1.386593,83366168967,26223709600
1749224070008,package-0,3.792776,0.877256,83374195008,26225888611
1749224072008,package-0,3.434134,0.832762,83381182966,26227513790
1749224074008,package-0,5.625779,2.593133,83392240311,26232478071
1749224076008,package-0,7.510906,4.486195,83406673990,26240876976
1749224078008,package-0,6.054061,3.125907,83420281499,26248500369
1749224080008,package-0,8.526346,5.104906,83434888701,26256619611
1749224082008,package-0,7.832438,4.525624,83451229845,26266258991
1749224084008,package-0,4.668751,1.778072,83460769555,26270025522
1749224086008,package-0,4.655078,1.743648,83470218810,26273587768
1749224088008,package-0,4.856555,1.755733,83479794103,26277035086
1749224090008,package-0,4.456714,1.687984,83488803357,26280429242
1749224092008,package-0,4.288685,1.477657,83497438345,26283464330
1749224094008,package-0,3.5512,0.912535,83505324739,26285870330
1749224096008,package-0,4.400379,1.155637,83513497630,26288144677
1749224098008,package-0,4.022756,1.260373,83521601125,26290573626
1749224100008,package-0,4.546192,1.428524,83530585050,26293391367
1749224102008,package-0,4.365711,1.344296,83539179510,26296028995
1749224104008,package-0,4.372425,1.374509,83548129438,26298992977
1749224106008,package-0,4.086232,1.122738,83556800681,26301709522
1749224108008,package-0,3.450308,0.784666,83563954410,26303325485
1749224110008,package-0,3.608145,0.913755,83571022446,26305077251
1749224112008,package-0,5.981186,2.969536,83581989642,26310063261
1749224114008,package-0,7.500836,4.468922,83596985393,26319005255
1749224116008,package-0,6.038009,3.141654,83609943611,26326086779
1749224118008,package-0,8.349466,4.971484,83625229095,26334782924
1749224120008,package-0,5.711838,2.680596,83639399163,26342526190
1749224122008,package-0,4.816638,1.830317,83648814300,26346097653
1749224124009,package-0,4.655567,1.766841,83658057441,26349573291
1749224126008,package-0,4.886035,1.776607,83667685407,26353155802
1749224128008,package-0,4.525501,1.712032,83677071491,26356656342
1749224130008,package-0,3.718862,1.035215,83685217344,26359288660
1749224132008,package-0,3.561881,0.917356,83692205608,26361039998
1749224134008,package-0,3.880971,1.213864,83699813437,26363341445
1749224136008,package-0,3.87261,1.187191,83707536257,26365722847
1749224138008,package-0,4.214223,1.277401,83716140178,26368406434
1749224140008,package-0,4.269581,1.324948,83724801227,26371128290
1749224142008,package-0,4.562122,1.551693,83733534787,26373923022
1749224144008,package-0,4.352223,1.3811,83742254064,26376710551
1749224146008,package-0,3.566397,0.801085,83749566301,26378376868
1749224148008,package-0,5.438097,2.383234,83759155510,26382175442
1749224150008,package-0,7.455426,4.450123,83772227437,26389239877
1749224152008,package-0,6.939679,3.929677,83786679731,26397661120
1749224154008,package-0,6.441268,3.287711,83799246838,26404165620
1749224156008,package-0,7.155438,3.886159,83814862215,26413094430
1749224158008,package-0,4.597705,1.644893,83824312691,26416606872
1749224160008,package-0,4.886279,1.801875,83833915816,26420194815
1749224162008,package-0,4.728808,1.803096,83843347005,26423779400
1749224164008,package-0,4.836352,1.772579,83852913204,26427346103
1749224166008,package-0,4.596118,1.730525,83862379061,26430845483
1749224168008,package-0,3.537467,0.90521,83870176893,26433218768
1749224170008,package-0,3.54943,0.919553,83877406367,26435129652
1749224172008,package-0,3.855703,1.206052,83884974218,26437404915
1749224174008,package-0,3.802969,1.172726,83892615495,26439773866
1749224176008,package-0,4.18816,1.296567,83901075495,26442451228
1749224178008,package-0,4.290821,1.379391,83909638950,26445146289
1749224180008,package-0,4.400135,1.415401,83918304821,26447840862
1749224182008,package-0,4.213552,1.253597,83927127187,26450694187
1749224184008,package-0,3.545706,0.802855,83934364045,26452323700
1749224186008,package-0,3.553153,0.886472,83941366225,26454041957
1749224188008,package-0,3.588004,0.910581,83948385250,26455760031
1749224190008,package-0,3.684805,1.016965,83955931007,26457919938
1749224192008,package-0,4.886828,2.083185,83965247328,26461706793
1749224194012,package-0,7.052717,4.032277,83979842689,26470243942
1749224195021,package-0,6.380172,3.453848,83986230734,26473707312
1749224197008,package-0,8.475015,5.043627,84000835128,26481813126
1749224199008,package-0,7.839701,4.557301,84017212954,26491492179
1749224201008,package-0,8.082194,4.742114,84033077843,26500774076
1749224203008,package-0,6.633101,3.629202,84047757005,26508976997
1749224205008,package-0,3.436087,0.84686,84056347864,26512041076
1749224207008,package-0,3.707571,1.085996,84063742315,26514192499
1749224209008,package-0,3.955068,1.190854,84071496507,26516552051
1749224211008,package-0,4.252309,1.309384,84080121546,26519191632
1749224213008,package-0,4.30486,1.352474,84088850955,26521944310
1749224215008,package-0,4.835071,1.763789,84098028849,26525027981
1749224217008,package-0,3.687307,0.822202,84105709981,26526916221
1749224219008,package-0,3.356497,0.762022,84112542483,26528442035
1749224221008,package-0,3.66271,0.966367,84120082442,26530414503
1749224223008,package-0,3.855032,1.152585,84127618739,26532550606
1749224225008,package-0,4.450672,1.700252,84136087833,26535553528
1749224227008,package-0,4.456959,1.709102,84145003826,26538971610
1749224229008,package-0,4.474659,1.718624,84153939899,26542400862
1749224231008,package-0,3.918325,1.255795,84161953001,26545053626
1749224233008,package-0,3.612112,0.974668,84169501261,26547286286
1749224235008,package-0,4.866442,1.907283,84178550615,26550588280
1749224237008,package-0,8.320291,4.930041,84194742712,26560061766
1749224239009,package-0,7.641338,4.426197,84209773375,26568662208
1749224241008,package-0,8.012248,4.527454,84225644245,26577777175
1749224243008,package-0,5.067187,2.170039,84236763174,26583035829
1749224245008,package-0,6.210495,3.202323,84248699850,26589052842
1749224247008,package-0,7.608379,4.108266,84263687055,26597136684
1749224249008,package-0,4.082143,1.086484,84273048725,26600384722
1749224251008,package-0,4.190725,1.258847,84281473692,26602944469
1749224253008,package-0,3.327506,0.764708,84288477946,26604512092
1749224255008,package-0,3.624258,0.941831,84295736106,26606411928
1749224257008,package-0,3.720815,1.0025,84302978763,26608292539
1749224259008,package-0,4.119679,1.413814,84310926558,26610832571
1749224261008,package-0,4.377553,1.669979,84319713340,26614184675
1749224263008,package-0,4.392689,1.676998,84328485534,26617532872
1749224265008,package-0,3.957754,1.336056,84336920327,26620577114
1749224267008,package-0,3.909047,1.274289,84344688251,26623073812
1749224269008,package-0,3.848379,1.156735,84352082031,26625197708
1749224271008,package-0,4.952258,1.943781,84362003515,26629115117
1749224273008,package-0,5.010241,1.989864,84371952281,26633058284
1749224275008,package-0,4.424732,1.586666,84381355638,26636607408
1749224277008,package-0,4.69231,1.783259,84390754296,26640142799
1749224279008,package-0,4.780322,1.80926,84400309264,26643769865
1749224281008,package-0,4.77373,1.737117,84409869725,26647248555
1749224283008,package-0,4.287343,1.577144,84419040478,26650591686
1749224285008,package-0,3.620108,0.963804,84426535454,26652746954
1749224287008,package-0,3.562124,0.927976,84433677281,26654613221
1749224289008,package-0,3.808584,1.168027,84441248307,26656907771
1749224291008,package-0,3.783864,1.150204,84448859554,26659240345
1749224293008,package-0,4.273121,1.344906,84457531346,26661993573
1749224295008,package-0,4.130422,1.250912,84466022963,26664628698
1749224297008,package-0,4.128164,1.19415,84474645988,26667332671
1749224299008,package-0,5.566331,2.204279,84485802331,26672007952
1749224301008,package-0,5.111559,2.140986,84495772337,26676134101
1749224303008,package-0,7.476178,4.449635,84508858852,26683207325
1749224305008,package-0,7.016095,4.003774,84523364796,26691671781
1749224307008,package-0,6.231002,3.103386,84535746600,26698052441
1749224309008,package-0,8.646401,5.177171,84552857457,26708289658
1749224311008,package-0,7.69749,4.488941,84568484981,26717394921
1749224313008,package-0,8.001566,4.539173,84584424576,26726535217
1749224315008,package-0,7.117108,3.955374,84599046670,26734884073
1749224317008,package-0,3.873892,1.219113,84607824724,26738144440
1749224319008,package-0,3.895986,1.239804,84615554501,26740570032
1749224321008,package-0,4.526173,1.528011,84623798438,26743180194
1749224323010,package-0,4.351063,1.395138,84632373733,26745886425
1749224325008,package-0,4.362233,1.412472,84640801446,26748501286
1749224327008,package-0,4.602466,1.588985,84649910126,26751592404
1749224329008,package-0,3.735464,0.83148,84657714977,26753609733
1749224331008,package-0,3.347342,0.763121,84664552911,26755166614
1749224333008,package-0,3.671133,0.961362,84671863500,26757073713
1749224335008,package-0,2.851067,0.801817,84678437580,26758881570
