SourceFile,Timestamp,userTime (Ticks),systemTime (Ticks)
/proc/stat,1749208607117,98914,23960
/proc/11226/stat,1749208607121,239,16
/proc/stat,1749208608017,99063,23967
/proc/11226/stat,1749208608018,384,23
/proc/stat,1749208609017,99172,23975
/proc/11226/stat,1749208609018,489,31
/proc/stat,1749208610017,99293,23982
/proc/11226/stat,1749208610017,610,36
/proc/stat,1749208611017,99408,23988
/proc/11226/stat,1749208611018,724,40
/proc/stat,1749208612016,99583,23995
/proc/11226/stat,1749208612017,898,47
/proc/stat,1749208613017,99688,24004
/proc/11226/stat,1749208613018,1001,55
/proc/stat,1749208614016,99794,24013
/proc/11226/stat,1749208614017,1107,62
/proc/stat,1749208615022,99922,24016
/proc/11226/stat,1749208615022,1231,64
/proc/stat,1749208616017,100037,24022
/proc/11226/stat,1749208616018,1343,69
/proc/stat,1749208617016,100142,24033
/proc/11226/stat,1749208617016,1448,78
/proc/stat,1749208618016,100252,24040
/proc/11226/stat,1749208618017,1558,83
/proc/stat,1749208619016,100363,24045
/proc/11226/stat,1749208619016,1670,87
/proc/stat,1749208620019,100482,24048
/proc/11226/stat,1749208620020,1791,90
/proc/stat,1749208621016,100588,24054
/proc/11226/stat,1749208621017,1897,95
/proc/stat,1749208622018,100693,24063
/proc/11226/stat,1749208622018,2001,102
/proc/stat,1749208623016,100802,24068
/proc/11226/stat,1749208623017,2109,107
/proc/stat,1749208624023,100922,24073
/proc/11226/stat,1749208624023,2227,111
/proc/stat,1749208625015,101036,24075
/proc/11226/stat,1749208625016,2341,112
/proc/stat,1749208626016,101141,24084
/proc/11226/stat,1749208626017,2443,121
/proc/stat,1749208627016,101247,24092
/proc/11226/stat,1749208627017,2551,128
/proc/stat,1749208628021,101361,24099
/proc/11226/stat,1749208628021,2664,134
/proc/stat,1749208629016,101482,24104
/proc/11226/stat,1749208629016,2782,137
/proc/stat,1749208630018,101598,24110
/proc/11226/stat,1749208630018,2896,142
/proc/stat,1749208631016,101701,24119
/proc/11226/stat,1749208631017,3001,150
/proc/stat,1749208632016,101810,24126
/proc/11226/stat,1749208632016,3108,156
/proc/stat,1749208633020,101930,24130
/proc/11226/stat,1749208633021,3228,160
/proc/stat,1749208634018,102043,24133
/proc/11226/stat,1749208634019,3339,162
/proc/stat,1749208635016,102139,24148
/proc/11226/stat,1749208635017,3435,175
/proc/stat,1749208636017,102248,24155
/proc/11226/stat,1749208636017,3543,181
/proc/stat,1749208637016,102368,24159
/proc/11226/stat,1749208637016,3663,185
/proc/stat,1749208638016,102485,24164
/proc/11226/stat,1749208638016,3778,189
/proc/stat,1749208639016,102590,24170
/proc/11226/stat,1749208639016,3882,195
/proc/stat,1749208640025,102699,24179
/proc/11226/stat,1749208640026,3989,202
/proc/stat,1749208641016,102811,24184
/proc/11226/stat,1749208641016,4099,206
/proc/stat,1749208642016,102929,24189
/proc/11226/stat,1749208642016,4217,211
/proc/stat,1749208643020,103040,24194
/proc/11226/stat,1749208643021,4328,215
/proc/stat,1749208644017,103149,24203
/proc/11226/stat,1749208644017,4432,222
/proc/stat,1749208645016,103252,24212
/proc/11226/stat,1749208645016,4536,230
/proc/stat,1749208646018,103371,24218
/proc/11226/stat,1749208646018,4653,234
/proc/stat,1749208647015,103488,24220
/proc/11226/stat,1749208647016,4771,235
/proc/stat,1749208648017,103589,24229
/proc/11226/stat,1749208648017,4872,244
/proc/stat,1749208649016,103698,24236
/proc/11226/stat,1749208649016,4979,249
/proc/stat,1749208650016,103812,24241
/proc/11226/stat,1749208650017,5092,254
/proc/stat,1749208651017,103935,24246
/proc/11226/stat,1749208651018,5213,256
/proc/stat,1749208652016,104043,24253
/proc/11226/stat,1749208652016,5319,263
/proc/stat,1749208653015,104146,24262
/proc/11226/stat,1749208653016,5420,271
/proc/stat,1749208654016,104257,24266
/proc/11226/stat,1749208654016,5529,275
/proc/stat,1749208655022,104384,24269
/proc/11226/stat,1749208655023,5653,277
/proc/stat,1749208656016,104487,24275
/proc/11226/stat,1749208656016,5758,282
/proc/stat,1749208657016,104593,24286
/proc/11226/stat,1749208657017,5861,292
/proc/stat,1749208658016,104701,24292
/proc/11226/stat,1749208658017,5969,297
/proc/stat,1749208659016,104813,24298
/proc/11226/stat,1749208659016,6081,303
/proc/stat,1749208660016,104935,24301
/proc/11226/stat,1749208660016,6202,304
/proc/stat,1749208661017,105056,24308
/proc/11226/stat,1749208661017,6321,310
/proc/stat,1749208662016,105161,24316
/proc/11226/stat,1749208662016,6425,317
/proc/stat,1749208663016,105275,24320
/proc/11226/stat,1749208663016,6537,319
/proc/stat,1749208664016,105395,24323
/proc/11226/stat,1749208664017,6658,321
/proc/stat,1749208665015,105508,24324
/proc/11226/stat,1749208665016,6771,322
/proc/stat,1749208666016,105612,24335
/proc/11226/stat,1749208666017,6872,331
/proc/stat,1749208667016,105720,24344
/proc/11226/stat,1749208667016,6976,339
/proc/stat,1749208668016,105833,24351
/proc/11226/stat,1749208668016,7090,345
/proc/stat,1749208669021,105956,24354
/proc/11226/stat,1749208669021,7211,346
/proc/stat,1749208670016,106066,24359
/proc/11226/stat,1749208670017,7321,351
/proc/stat,1749208671016,106170,24367
/proc/11226/stat,1749208671016,7425,358
/proc/stat,1749208672016,106288,24370
/proc/11226/stat,1749208672016,7541,360
/proc/stat,1749208673016,106408,24372
/proc/11226/stat,1749208673016,7661,362
/proc/stat,1749208674024,106522,24376
/proc/11226/stat,1749208674024,7774,365
/proc/stat,1749208675016,106625,24385
/proc/11226/stat,1749208675016,7877,373
/proc/stat,1749208676016,106731,24392
/proc/11226/stat,1749208676016,7982,379
/proc/stat,1749208677016,106850,24396
/proc/11226/stat,1749208677016,8099,383
/proc/stat,1749208678016,106969,24400
/proc/11226/stat,1749208678016,8217,386
/proc/stat,1749208679017,107075,24408
/proc/11226/stat,1749208679017,8320,393
/proc/stat,1749208680016,107182,24416
/proc/11226/stat,1749208680016,8427,400
/proc/stat,1749208681030,107304,24420
/proc/11226/stat,1749208681030,8545,402
/proc/stat,1749208682016,107415,24428
/proc/11226/stat,1749208682016,8656,408
/proc/stat,1749208683020,107524,24437
/proc/11226/stat,1749208683021,8763,416
/proc/stat,1749208684016,107627,24445
/proc/11226/stat,1749208684016,8866,423
/proc/stat,1749208685016,107734,24454
/proc/11226/stat,1749208685016,8971,431
/proc/stat,1749208686015,107854,24459
/proc/11226/stat,1749208686016,9089,434
/proc/stat,1749208687015,107976,24459
/proc/11226/stat,1749208687016,9209,434
/proc/stat,1749208688016,108082,24466
/proc/11226/stat,1749208688016,9313,441
/proc/stat,1749208689016,108190,24474
/proc/11226/stat,1749208689016,9419,447
/proc/stat,1749208690016,108309,24478
/proc/11226/stat,1749208690017,9537,450
/proc/stat,1749208691017,108424,24484
/proc/11226/stat,1749208691017,9650,456
/proc/stat,1749208692017,108549,24492
/proc/11226/stat,1749208692017,9773,464
/proc/stat,1749208693015,108654,24501
/proc/11226/stat,1749208693016,9877,471
/proc/stat,1749208694016,108760,24508
/proc/11226/stat,1749208694016,9983,478
/proc/stat,1749208695015,108879,24515
/proc/11226/stat,1749208695016,10101,483
/proc/stat,1749208696016,108995,24516
/proc/11226/stat,1749208696017,10217,483
/proc/stat,1749208697016,109097,24530
/proc/11226/stat,1749208697016,10317,496
/proc/stat,1749208698016,109203,24537
/proc/11226/stat,1749208698017,10424,502
/proc/stat,1749208699016,109324,24539
/proc/11226/stat,1749208699016,10544,503
/proc/stat,1749208700016,109438,24546
/proc/11226/stat,1749208700016,10657,509
/proc/stat,1749208701016,109546,24551
/proc/11226/stat,1749208701016,10764,514
/proc/stat,1749208702016,109651,24558
/proc/11226/stat,1749208702016,10868,521
/proc/stat,1749208703015,109764,24563
/proc/11226/stat,1749208703016,10979,525
/proc/stat,1749208704016,109883,24570
/proc/11226/stat,1749208704016,11096,531
/proc/stat,1749208705016,110003,24570
/proc/11226/stat,1749208705016,11217,531
/proc/stat,1749208706016,110109,24584
/proc/11226/stat,1749208706016,11320,543
/proc/stat,1749208707016,110217,24590
/proc/11226/stat,1749208707016,11429,549
/proc/stat,1749208708016,110333,24592
/proc/11226/stat,1749208708016,11547,550
/proc/stat,1749208709016,110446,24599
/proc/11226/stat,1749208709017,11660,555
/proc/stat,1749208710017,110552,24609
/proc/11226/stat,1749208710017,11763,564
/proc/stat,1749208711015,110656,24618
/proc/11226/stat,1749208711016,11867,572
/proc/stat,1749208712015,110766,24623
/proc/11226/stat,1749208712016,11976,577
/proc/stat,1749208713016,110878,24629
/proc/11226/stat,1749208713016,12089,582
/proc/stat,1749208714015,110994,24630
/proc/11226/stat,1749208714016,12204,582
/proc/stat,1749208715021,111099,24642
/proc/11226/stat,1749208715021,12306,593
/proc/stat,1749208716017,111208,24648
/proc/11226/stat,1749208716017,12415,598
/proc/stat,1749208717017,111321,24651
/proc/11226/stat,1749208717017,12529,600
/proc/stat,1749208718017,111438,24656
/proc/11226/stat,1749208718017,12645,604
/proc/stat,1749208719016,111552,24660
/proc/11226/stat,1749208719016,12759,606
/proc/stat,1749208720017,111652,24668
/proc/11226/stat,1749208720017,12861,613
/proc/stat,1749208721017,111760,24675
/proc/11226/stat,1749208721017,12968,619
/proc/stat,1749208722017,111872,24678
/proc/11226/stat,1749208722018,13078,622
/proc/stat,1749208723017,111992,24685
/proc/11226/stat,1749208723018,13197,627
/proc/stat,1749208724016,112106,24687
/proc/11226/stat,1749208724016,13311,629
