Timestamp,Domain,Power (Watts),DRAM Power (Watts), Energy (micro joules), DRAM Energy (micro joules)
1749208607073,package-0,13.137418,9.261085,38159982510,4146500798
1749208609005,package-0,12.573149,8.67991,38183906948,4162936242
1749208611005,package-0,12.4429,8.69236,38208800195,4180168009
1749208613005,package-0,12.418608,8.489236,38233320884,4196844907
1749208615005,package-0,11.767182,7.917277,38257749777,4213490556
1749208617005,package-0,12.281646,8.392496,38281611898,4229616491
1749208619005,package-0,12.560148,8.61979,38306477923,4246651787
1749208621005,package-0,12.264983,8.370889,38330504351,4262795666
1749208623005,package-0,12.477507,8.543252,38355307754,4279763946
1749208625005,package-0,12.034821,8.132243,38379343399,4295994373
1749208627005,package-0,12.362517,8.45585,38404070264,4312920050
1749208629005,package-0,11.571077,7.707988,38428330151,4329394739
1749208631005,package-0,12.324798,8.405862,38453067026,4346266278
1749208633005,package-0,11.720978,7.826518,38477194161,4362591675
1749208635005,package-0,12.388701,8.478311,38501816046,4379407795
1749208637005,package-0,12.532011,8.611245,38526874332,4396611730
1749208639005,package-0,12.258941,8.357766,38550592106,4412572199
1749208641005,package-0,12.650969,8.717996,38575611756,4429740979
1749208643005,package-0,12.240997,8.334879,38598874880,4445275180
1749208645005,package-0,12.585112,8.608498,38623813659,4462374989
1749208647005,package-0,11.274508,7.429119,38647255860,4478072581
1749208649005,package-0,12.566558,8.60093,38672084715,4495048490
1749208651005,package-0,11.659089,7.774395,38696403561,4511548753
1749208653005,package-0,12.514434,8.563821,38721165888,4528457340
1749208655005,package-0,11.391023,7.541241,38745156305,4544658043
1749208657005,package-0,12.424956,8.510293,38769557121,4561245342
1749208659005,package-0,12.664213,8.728615,38794688710,4578522458
1749208661005,package-0,12.267913,8.36918,38818910877,4594932633
1749208663005,package-0,12.685697,8.747719,38844068588,4612206881
1749208665005,package-0,12.323455,8.404581,38866810779,4627276789
1749208667005,package-0,12.580657,8.639321,38891784958,4644407665
1749208669005,package-0,10.817721,7.054975,38915151658,4660076876
1749208671005,package-0,12.295867,8.362101,38939742660,4676819326
1749208673005,package-0,11.666719,7.781108,38964037947,4693297128
1749208675005,package-0,12.305145,8.411538,38988730755,4710154567
1749208677005,package-0,12.482024,8.53898,39013689797,4727243269
1749208679005,package-0,12.409087,8.490762,39037871071,4743639589
1749208681005,package-0,12.625151,8.695656,39063027378,4760816486
1749208683005,package-0,12.339995,8.423196,39085776893,4775909282
1749208685005,package-0,12.41812,8.523965,39110523167,4792880735
1749208687005,package-0,11.819916,7.912273,39134640293,4809151751
1749208689005,package-0,12.444548,8.525125,39159456880,4826137242
1749208691005,package-0,11.829864,7.952678,39183875274,4842761284
1749208693005,package-0,12.553129,8.59855,39208796109,4859819773
1749208695005,package-0,11.997467,8.073526,39233371974,4876542874
1749208697005,package-0,12.424712,8.525002,39257954064,4893314743
1749208699005,package-0,12.624236,8.685281,39283224935,4910707460
1749208701005,package-0,12.329437,8.426431,39305886315,4925717187
1749208703005,package-0,12.645048,8.731972,39331054890,4943021647
1749208705005,package-0,12.129852,8.191264,39354276999,4958485353
1749208707005,package-0,12.496306,8.55552,39379160358,4975529071
1749208709005,package-0,10.254613,6.529463,39402062094,4990769877
1749208711005,package-0,12.437773,8.504434,39426875629,5007745664
1749208713005,package-0,10.317967,6.473616,39449779013,5022862812
1749208715005,package-0,9.471533,5.678635,39468791049,5034288076
1749208717005,package-0,9.447546,5.655381,39487686325,5045594810
1749208719005,package-0,9.63291,5.854295,39506539976,5056889276
1749208721005,package-0,9.453589,5.658128,39525482615,5068257655
1749208723005,package-0,9.350074,5.539354,39544308251,5079486325
